X-Data [Hz]	Piezo (M - Filtered) [mV]	Phase [Deg]	Piezo (M - Filtered) [mV]	Phase [Deg]	
	002: [07-10-24 08:50]		003: [07-10-24 08:53]	
          41	    0,990941	-103,9	     1,18255	-104,0
      41,002	     1,03134	-103,4	     1,19007	-103,4
     41,0039	     1,09384	-103,0	     1,19457	-104,3
     41,0059	     1,12666	-104,2	      1,1928	-103,5
     41,0078	     1,14265	-104,0	      1,2006	-104,4
     41,0098	      1,1534	-104,1	     1,20088	-103,5
     41,0117	     1,16839	-104,3	     1,20651	-104,4
     41,0137	     1,17253	-104,4	     1,20448	-103,5
     41,0156	     1,17819	-104,3	     1,21138	-104,2
     41,0176	     1,18028	-104,2	       1,211	-103,5
     41,0196	     1,18438	-104,6	     1,21577	-104,0
     41,0215	     1,18548	-104,1	     1,21364	-103,1
     41,0235	     1,19296	-104,2	     1,21957	-104,2
     41,0254	     1,19037	-103,8	     1,22091	-103,7
     41,0274	     1,19783	-104,6	     1,22558	-103,7
     41,0293	     1,19365	-103,6	     1,22377	-103,3
     41,0313	      1,1958	-103,4	     1,22881	-104,1
     41,0332	     1,19828	-103,4	     1,23286	-103,6
     41,0352	     1,20433	-103,4	     1,23958	-103,9
     41,0371	     1,20358	-103,4	     1,23773	-103,2
     41,0391	      1,2055	-103,4	     1,24238	-103,9
     41,0411	     1,20765	-103,5	     1,24011	-103,4
      41,043	     1,21271	-103,3	     1,24352	-103,7
      41,045	     1,21751	-103,3	     1,24873	-103,8
     41,0469	     1,21488	-103,4	     1,25528	-103,6
     41,0489	     1,21856	-103,4	     1,25196	-103,4
     41,0508	     1,22295	-103,3	     1,25602	-103,2
     41,0528	     1,22421	-103,2	     1,25771	-103,9
     41,0547	      1,2264	-103,3	     1,26236	-103,6
     41,0567	     1,22655	-103,2	     1,26421	-103,4
     41,0587	     1,23294	-103,3	     1,26783	-103,3
     41,0606	     1,23337	-103,0	     1,26669	-103,4
     41,0626	     1,23836	-103,4	     1,27014	-103,3
     41,0645	     1,23854	-103,1	     1,27338	-102,3
     41,0665	     1,24246	-103,4	      1,2783	-102,9
     41,0684	     1,24326	-102,9	     1,27634	-102,2
     41,0704	       1,245	-103,2	      1,2786	-102,6
     41,0723	     1,24724	-102,8	     1,28422	-102,3
     41,0743	     1,25379	-103,3	     1,28877	-102,8
     41,0762	     1,25261	-102,9	     1,28895	-102,4
     41,0782	     1,26004	-103,6	     1,29255	-102,5
     41,0802	     1,26127	-103,8	     1,29195	-102,2
     41,0821	     1,26519	-103,3	     1,29922	-102,6
     41,0841	     1,26665	-103,6	     1,30149	-102,7
      41,086	     1,27146	-103,6	     1,30724	-102,0
      41,088	     1,27238	-103,4	     1,31043	-102,5
     41,0899	     1,27638	-103,2	     1,31191	-102,2
     41,0919	     1,27704	-103,3	     1,31383	-102,5
     41,0938	     1,28147	-103,6	     1,31753	-102,0
     41,0958	     1,28359	-103,4	     1,32005	-102,2
     41,0978	     1,28425	-103,4	     1,32425	-102,1
     41,0997	     1,28808	-103,1	     1,32813	-102,3
     41,1017	     1,29424	-103,4	     1,32849	-101,7
     41,1036	     1,29485	-103,4	     1,33323	-102,1
     41,1056	     1,29293	-102,9	     1,34242	-103,1
     41,1075	     1,29884	-103,1	     1,34785	-101,9
     41,1095	     1,30172	-102,9	     1,35091	-102,2
     41,1114	     1,30552	-103,4	     1,33887	-101,7
     41,1134	      1,3053	-102,4	     1,34207	-102,8
     41,1153	     1,31085	-103,3	     1,36944	-102,9
     41,1173	     1,31024	-102,6	     1,40768	-103,1
     41,1193	     1,31551	-103,1	     1,42793	-100,9
     41,1212	     1,31728	-102,6	     1,38102	-99,4
     41,1232	     1,32178	-103,0	     1,24846	-99,7
     41,1251	     1,32306	-102,7	     1,27056	-106,9
     41,1271	     1,32678	-103,1	     1,69103	-113,3
      41,129	     1,32952	-102,7	      2,2023	-110,4
      41,131	     1,33243	-103,1	     2,86689	-100,2
     41,1329	     1,33155	-102,3	     3,29881	-92,6
     41,1349	     1,33743	-102,8	     3,73941	-83,3
     41,1369	     1,33818	-101,9	     4,00671	-77,4
     41,1388	     1,34424	-102,7	     4,26453	-70,0
     41,1408	     1,34537	-102,2	     4,41076	-66,0
     41,1427	     1,35378	-102,4	     4,57389	-61,1
     41,1447	     1,35024	-102,0	     4,66644	-58,3
     41,1466	     1,35871	-102,8	     4,76633	-54,8
     41,1486	     1,35853	-102,2	     4,84954	-52,0
     41,1505	     1,36433	-102,6	     4,89062	-50,2
     41,1525	     1,36528	-102,3	     4,95411	-48,1
     41,1544	     1,37042	-102,4	     4,98449	-46,5
     41,1564	     1,37172	-102,2	     5,02638	-45,3
     41,1584	     1,37582	-102,3	     5,04955	-43,8
     41,1603	     1,37645	-102,1	     5,07588	-42,6
     41,1623	     1,38444	-102,6	     5,09757	-41,3
     41,1642	     1,38395	-102,0	     5,12288	-40,4
     41,1662	     1,38888	-102,1	     5,13918	-39,7
     41,1681	     1,39143	-101,8	     5,15488	-38,6
     41,1701	      1,3952	-102,4	     5,16431	-37,7
      41,172	     1,40021	-102,3	     5,17662	-37,1
      41,174	     1,40387	-101,9	     5,18952	-36,4
      41,176	     1,40377	-102,1	     5,19867	-35,8
     41,1779	     1,41122	-102,0	     5,20753	-34,9
     41,1799	     1,41148	-101,8	     5,21462	-34,6
     41,1818	     1,41967	-101,6	     5,22363	-34,0
     41,1838	     1,42117	-101,9	      5,2261	-33,5
     41,1857	     1,41842	-101,0	     5,23372	-32,8
     41,1877	     1,42653	-102,1	     5,23676	-32,3
     41,1896	     1,42869	-101,2	     5,24637	-32,0
     41,1916	     1,43241	-101,8	     5,24601	-31,5
     41,1936	     1,43656	-101,0	     5,25214	-31,1
     41,1955	     1,44171	-102,0	     5,25373	-30,4
     41,1975	     1,44363	-100,8	     5,25592	-30,5
     41,1994	     1,44843	-101,5	     5,25919	-30,0
     41,2014	     1,45048	-100,9	     5,26369	-29,6
     41,2033	     1,45788	-101,7	     5,26324	-29,1
     41,2053	     1,45653	-101,2	     5,27002	-29,0
     41,2072	     1,46547	-101,2	     5,26602	-28,6
     41,2092	     1,46518	-101,5	     5,27153	-27,9
     41,2111	     1,47105	-101,3	     5,27003	-27,7
     41,2131	     1,47352	-101,5	     5,27435	-27,7
     41,2151	     1,47616	-100,7	     5,27481	-27,0
      41,217	      1,4794	-100,7	     5,27419	-26,8
      41,219	     1,48327	-100,5	     5,27545	-26,1
     41,2209	     1,48752	-100,5	     5,28148	-26,4
     41,2229	     1,49258	-100,2	     5,28077	-25,8
     41,2248	     1,50027	-100,6	     5,27938	-25,3
     41,2268	     1,49959	-100,3	     5,27962	-24,9
     41,2287	     1,50796	-101,1	     5,28083	-25,0
     41,2307	     1,51017	-100,2	     5,28172	-24,6
     41,2327	     1,51577	-100,6	     5,27945	-24,2
     41,2346	     1,51813	-100,1	      5,2845	-23,9
     41,2366	      1,5231	-100,6	      5,2804	-23,8
     41,2385	     1,52451	-99,8	     5,28049	-23,7
     41,2405	     1,52991	-100,0	     5,27881	-23,1
     41,2424	     1,53226	-100,1	     5,28145	-23,1
     41,2444	     1,53767	-100,0	     5,27819	-22,8
     41,2463	     1,54128	-99,8	     5,27814	-22,8
     41,2483	     1,54543	-99,6	     5,27608	-22,1
     41,2502	     1,55057	-99,9	     5,27711	-22,0
     41,2522	     1,55459	-99,9	     5,27627	-21,7
     41,2542	     1,55944	-99,9	     5,27603	-21,7
     41,2561	      1,5639	-99,4	     5,27781	-21,1
     41,2581	     1,56965	-100,0	     5,27485	-21,0
       41,26	     1,57098	-99,5	     5,27369	-20,9
      41,262	     1,58185	-99,9	     5,27394	-20,7
     41,2639	     1,58247	-99,3	     5,27417	-20,3
     41,2659	     1,58993	-99,5	     5,27085	-20,1
     41,2678	     1,59049	-99,2	     5,26987	-20,1
     41,2698	     1,59819	-99,6	     5,26543	-19,8
     41,2718	     1,60276	-99,1	     5,26705	-19,8
     41,2737	     1,60765	-99,0	     5,26246	-19,3
     41,2757	     1,61117	-99,3	     5,26409	-19,3
     41,2776	     1,61595	-99,1	     5,26214	-19,0
     41,2796	     1,62609	-99,4	     5,26099	-19,0
     41,2815	     1,62666	-98,6	     5,25646	-18,4
     41,2835	     1,63507	-99,6	     5,25659	-18,4
     41,2854	     1,63624	-98,8	     5,25405	-18,1
     41,2874	     1,64785	-99,4	     5,25321	-18,1
     41,2893	     1,64846	-98,9	     5,25482	-17,6
     41,2913	     1,66136	-99,2	     5,24888	-17,5
     41,2933	     1,65781	-98,9	     5,25362	-17,4
     41,2952	     1,67032	-99,2	     5,24531	-17,5
     41,2972	     1,66808	-99,0	      5,2487	-17,2
     41,2991	     1,67898	-98,8	     5,23968	-16,8
     41,3011	     1,68383	-98,6	     5,24409	-16,8
      41,303	     1,69123	-98,5	     5,23845	-16,6
      41,305	     1,70044	-98,8	     5,23558	-16,4
     41,3069	     1,70087	-98,0	     5,23592	-15,8
     41,3089	     1,70913	-98,4	     5,23225	-16,0
     41,3109	     1,71179	-97,8	     5,23187	-15,6
     41,3128	     1,71969	-98,4	     5,23158	-15,5
     41,3148	     1,72303	-97,7	     5,22933	-15,4
     41,3167	     1,73102	-98,0	     5,22669	-15,1
     41,3187	     1,73731	-97,7	     5,22432	-15,1
     41,3206	     1,74397	-97,8	     5,22259	-15,2
     41,3226	     1,75062	-97,5	     5,22244	-14,7
     41,3245	     1,75581	-97,2	     5,21622	-14,6
     41,3265	     1,76486	-97,6	     5,21713	-14,4
     41,3284	      1,7694	-97,1	     5,21328	-14,3
     41,3304	     1,77981	-97,9	      5,2125	-14,3
     41,3324	     1,78293	-97,2	     5,21101	-13,9
     41,3343	     1,79384	-97,6	     5,20745	-13,8
     41,3363	     1,79835	-97,2	     5,20503	-13,5
     41,3382	     1,81256	-97,6	     5,20134	-13,7
     41,3402	     1,81498	-97,4	      5,2003	-13,3
     41,3421	     1,82345	-97,2	     5,19438	-13,2
     41,3441	     1,82668	-97,1	     5,19357	-12,8
      41,346	     1,83402	-97,0	     5,19078	-13,0
      41,348	     1,84117	-97,1	     5,18808	-12,8
       41,35	     1,85098	-96,3	     5,18315	-12,5
     41,3519	     1,86206	-96,6	      5,1816	-12,4
     41,3539	     1,86832	-96,1	     5,17777	-12,2
     41,3558	     1,87668	-96,6	     5,17393	-12,3
     41,3578	     1,88031	-96,6	     5,17435	-11,9
     41,3597	     1,88953	-96,2	     5,17144	-11,8
     41,3617	     1,89841	-96,2	     5,16877	-11,5
     41,3636	     1,90935	-95,9	     5,16743	-11,5
     41,3656	     1,92075	-96,2	     5,16648	-11,5
     41,3675	     1,92512	-95,6	     5,15888	-11,3
     41,3695	     1,93602	-95,7	     5,15784	-11,1
     41,3715	     1,94403	-95,0	     5,15283	-10,9
     41,3734	     1,95383	-95,1	     5,15501	-10,9
     41,3754	     1,95979	-95,2	      5,1494	-10,7
     41,3773	     1,97046	-95,0	     5,14876	-10,4
     41,3793	     1,98082	-94,9	     5,14662	-10,3
     41,3812	     1,98984	-94,4	      5,1392	-10,4
     41,3832	     2,00253	-94,7	     5,14025	-10,2
     41,3851	     2,01208	-94,4	      5,1319	-10,1
     41,3871	     2,02716	-94,6	     5,13554	-10,0
     41,3891	     2,03429	-94,1	     5,12526	-9,6
      41,391	     2,04976	-94,5	     5,12735	-9,5
      41,393	     2,05623	-94,1	     5,12239	-9,6
     41,3949	     2,07135	-94,0	     5,12346	-9,4
     41,3969	     2,08054	-94,1	     5,11639	-9,0
     41,3988	     2,09466	-93,4	     5,11383	-9,0
     41,4008	      2,1068	-93,8	     5,11025	-9,0
     41,4027	     2,12074	-93,2	     5,10654	-8,9
     41,4047	     2,13455	-93,5	     5,10621	-8,5
     41,4066	     2,14846	-92,5	     5,10026	-8,3
     41,4086	      2,1622	-92,8	     5,09977	-8,2
     41,4106	     2,17287	-92,6	     5,09536	-8,3
     41,4125	      2,1889	-92,3	     5,09492	-8,2
     41,4145	     2,20404	-92,4	     5,08978	-7,7
     41,4164	     2,21705	-91,6	     5,08525	-7,6
     41,4184	     2,23656	-91,8	     5,08634	-7,6
     41,4203	     2,25074	-91,3	     5,08013	-7,7
     41,4223	     2,27522	-91,7	     5,08258	-7,3
     41,4242	     2,28552	-91,4	     5,07513	-7,3
     41,4262	      2,3077	-90,8	     5,07295	-7,2
     41,4282	     2,32532	-90,7	     5,06511	-7,1
     41,4301	     2,34632	-90,1	     5,06445	-7,3
     41,4321	     2,36673	-90,2	     5,05953	-6,6
      41,434	      2,3889	-89,4	     5,05995	-6,7
      41,436	     2,41215	-89,5	     5,05807	-6,6
     41,4379	     2,43443	-88,4	     5,05079	-6,4
     41,4399	      2,4613	-88,4	     5,05304	-6,6
     41,4418	     2,48844	-88,1	     5,04498	-6,2
     41,4438	     2,51607	-87,5	     5,04388	-6,0
     41,4457	     2,55397	-87,3	     5,03767	-6,2
     41,4477	     2,57923	-86,4	     5,03341	-5,9
     41,4497	     2,62177	-86,2	     5,03402	-5,8
     41,4516	      2,6501	-85,8	     5,02712	-5,7
     41,4536	     2,69985	-85,1	     5,02728	-5,3
     41,4555	     2,73652	-84,4	     5,02156	-5,4
     41,4575	     2,78975	-83,0	     5,02276	-5,2
     41,4594	     2,83862	-82,6	     5,01776	-5,2
     41,4614	     2,90425	-81,1	     5,01638	-5,0
     41,4633	     2,96368	-80,4	     5,01182	-4,7
     41,4653	     3,04209	-78,2	     5,00792	-5,1
     41,4673	     3,11902	-77,0	     5,00739	-4,6
     41,4692	     3,19811	-75,7	     4,99947	-4,7
     41,4712	     3,31565	-73,0	     4,99786	-4,6
     41,4731	     3,42074	-71,0	      4,9908	-4,4
     41,4751	     3,56929	-67,1	     4,98744	-4,4
      41,477	     3,70345	-63,9	     4,98367	-4,2
      41,479	     3,89932	-58,5	        4,98	-4,1
     41,4809	     4,07261	-53,9	     4,98094	-3,7
     41,4829	     4,31862	-47,0	     4,97622	-3,5
     41,4848	     4,50379	-40,8	     4,97472	-3,7
     41,4868	     4,75144	-31,2	     4,96862	-3,7
     41,4888	     4,92321	-23,5	     4,97006	-3,3
     41,4907	     5,09358	-14,6	     4,96294	-3,2
     41,4927	     5,15326	-8,7	     4,96174	-3,0
     41,4946	     5,16244	-3,3	     4,95909	-3,1
     41,4966	     5,12709	-1,1	     4,95143	-3,2
     41,4985	     5,07121	 0,2	     4,95083	-2,9
     41,5005	     5,02991	 0,0	     4,94168	-2,8
     41,5024	     4,99296	-1,0	     4,94174	-2,7
     41,5044	     4,97744	-1,7	     4,93405	-2,8
     41,5064	     4,96338	-1,9	     4,93591	-2,5
     41,5083	      4,9664	-2,2	       4,936	-2,3
     41,5103	     4,96631	-2,3	     4,92914	-2,4
     41,5122	     4,96745	-2,1	     4,92893	-2,0
     41,5142	     4,95841	-2,1	     4,91878	-2,2
     41,5161	     4,96224	-2,3	     4,91726	-2,2
     41,5181	     4,95986	-1,6	     4,91075	-1,8
       41,52	      4,9505	-1,7	     4,90774	-2,0
      41,522	     4,95557	-1,3	     4,90349	-1,6
     41,5239	     4,94987	-1,6	     4,89885	-1,4
     41,5259	     4,94342	-1,2	     4,89889	-1,5
     41,5279	     4,93636	-0,6	      4,8929	-1,4
     41,5298	     4,92719	-1,0	     4,89558	-1,0
     41,5318	     4,92663	-0,6	     4,88692	-1,1
     41,5337	     4,92111	-0,6	     4,88795	-1,1
     41,5357	     4,92192	-0,6	     4,88358	-1,0
     41,5376	     4,91938	-0,7	     4,87583	-1,1
     41,5396	     4,90684	-0,3	     4,87753	-0,8
     41,5415	     4,90881	-0,5	      4,8654	-0,7
     41,5435	     4,90011	-0,8	     4,86602	-0,4
     41,5455	     4,90579	-1,1	     4,86155	-0,5
     41,5474	     4,89598	-0,5	     4,85861	-0,6
     41,5494	      4,8905	 0,1	     4,85678	-0,2
     41,5513	     4,88297	 0,1	     4,84896	-0,1
     41,5533	     4,88032	 0,3	     4,84865	-0,2
     41,5552	     4,87906	 0,0	     4,84093	 0,0
     41,5572	     4,87264	 0,3	     4,83748	-0,0
     41,5591	     4,86978	 0,2	      4,8348	 0,3
     41,5611	      4,8662	 0,8	     4,83412	 0,4
      41,563	     4,85845	 0,7	     4,83171	 0,7
      41,565	     4,85859	 0,6	     4,82648	 0,4
      41,567	     4,85003	 0,6	     4,82462	 0,5
     41,5689	     4,84961	 0,8	      4,8202	 0,7
     41,5709	     4,84436	 0,8	     4,81451	 1,0
     41,5728	      4,8391	 1,0	     4,81297	 1,0
     41,5748	     4,84126	 1,3	     4,80808	 0,9
     41,5767	     4,83003	 1,2	     4,80698	 1,1
     41,5787	     4,82811	 1,1	     4,79768	 0,9
     41,5806	       4,824	 1,5	     4,79551	 1,1
     41,5826	     4,82151	 1,5	     4,79159	 1,4
     41,5846	     4,81608	 1,6	     4,78652	 1,5
     41,5865	     4,81054	 1,9	     4,78481	 1,5
     41,5885	     4,80986	 1,6	     4,77689	 1,6
     41,5904	     4,80349	 1,8	     4,77972	 1,6
     41,5924	     4,80226	 2,3	     4,77279	 1,8
     41,5943	     4,79481	 2,1	     4,77149	 2,1
     41,5963	     4,78841	 2,2	     4,76847	 2,3
     41,5982	     4,79033	 2,4	      4,7622	 1,8
     41,6002	     4,78104	 2,3	     4,76203	 2,2
     41,6021	      4,7807	 2,4	     4,75094	 2,2
     41,6041	     4,77551	 2,5	     4,74936	 2,3
     41,6061	     4,77121	 2,4	     4,74294	 2,5
      41,608	     4,77185	 2,8	     4,73844	 2,5
       41,61	     4,76161	 3,0	     4,73859	 2,7
     41,6119	     4,75902	 2,9	     4,73346	 2,8
     41,6139	     4,75205	 3,0	     4,73487	 2,9
     41,6158	     4,74697	 3,0	     4,73045	 3,1
     41,6178	     4,74741	 3,4	     4,72372	 3,2
     41,6197	     4,73831	 3,4	     4,72327	 3,4
     41,6217	     4,73985	 3,5	     4,71586	 3,2
     41,6237	     4,73158	 3,1	     4,71667	 3,1
     41,6256	     4,72623	 3,4	     4,70888	 3,6
     41,6276	     4,72207	 3,4	      4,7034	 3,7
     41,6295	     4,72074	 3,6	     4,69944	 3,9
     41,6315	     4,72176	 3,9	     4,69582	 3,7
     41,6334	     4,71135	 3,9	     4,69682	 3,6
     41,6354	     4,70495	 4,0	     4,68932	 3,8
     41,6373	     4,70698	 4,2	     4,68829	 4,0
     41,6393	      4,6996	 4,0	      4,6853	 4,3
     41,6413	     4,69783	 4,5	     4,67735	 4,1
     41,6432	     4,68565	 4,2	     4,67792	 4,2
     41,6452	     4,68699	 4,5	     4,66809	 4,2
     41,6471	     4,68071	 4,3	     4,66595	 4,1
     41,6491	     4,67793	 4,6	      4,6583	 4,6
      41,651	     4,67739	 4,8	     4,65678	 4,7
      41,653	     4,67121	 4,9	     4,65401	 4,6
     41,6549	     4,66449	 5,2	     4,65041	 4,7
     41,6569	     4,66279	 4,5	     4,65213	 4,9
     41,6588	      4,6582	 4,8	     4,64446	 4,8
     41,6608	     4,65273	 5,1	     4,63939	 5,1
     41,6628	     4,64688	 4,8	     4,63951	 5,2
     41,6647	     4,64751	 5,4	     4,62892	 5,2
     41,6667	     4,64606	 5,3	     4,62825	 5,0
     41,6686	     4,63848	 5,3	      4,6219	 5,4
     41,6706	     4,63735	 5,7	     4,61818	 5,4
     41,6725	     4,62957	 5,7	     4,62002	 5,4
     41,6745	     4,62715	 5,8	     4,61006	 5,7
     41,6764	     4,61896	 5,9	      4,6106	 5,7
     41,6784	     4,61124	 5,9	     4,60307	 5,6
     41,6804	     4,61426	 5,6	     4,60012	 5,9
     41,6823	     4,60746	 5,9	     4,60062	 5,9
     41,6843	      4,6035	 6,2	     4,58967	 6,1
     41,6862	     4,60149	 6,1	     4,58841	 6,2
     41,6882	     4,59229	 6,4	      4,5819	 6,1
     41,6901	     4,59647	 6,2	     4,57599	 6,3
     41,6921	      4,5912	 6,4	     4,57775	 6,3
      41,694	     4,58645	 6,4	     4,57045	 6,3
      41,696	     4,58423	 6,8	     4,57094	 6,8
     41,6979	     4,57085	 6,8	     4,56553	 6,8
     41,6999	     4,56947	 6,7	     4,56084	 6,9
     41,7019	     4,56406	 6,7	     4,56013	 6,8
     41,7038	     4,56249	 6,8	     4,54954	 6,6
     41,7058	     4,56271	 6,9	     4,55027	 6,9
     41,7077	     4,54932	 7,2	      4,5409	 7,2
     41,7097	     4,55151	 7,0	     4,53962	 7,2
     41,7116	     4,54273	 7,3	     4,53564	 7,1
     41,7136	     4,54169	 7,5	     4,52904	 7,2
     41,7155	     4,54326	 7,5	     4,53117	 7,3
     41,7175	     4,53457	 7,6	     4,52732	 7,2
     41,7195	     4,53105	 7,7	     4,51932	 7,3
     41,7214	     4,52539	 7,6	     4,51902	 7,8
     41,7234	     4,51673	 7,6	       4,513	 7,9
     41,7253	     4,51864	 7,7	     4,50891	 7,7
     41,7273	     4,50969	 8,1	     4,51054	 7,9
     41,7292	      4,5109	 8,1	     4,50056	 7,9
     41,7312	     4,50496	 8,0	     4,49849	 7,9
     41,7331	     4,49755	 8,1	     4,49167	 8,3
     41,7351	     4,49692	 8,2	      4,4871	 8,2
      41,737	     4,49084	 8,3	     4,48588	 8,3
      41,739	     4,49133	 8,6	     4,48025	 8,5
      41,741	     4,48876	 8,4	     4,47957	 8,2
     41,7429	     4,48086	 8,4	     4,47333	 8,3
     41,7449	     4,47663	 8,3	     4,47001	 8,8
     41,7468	     4,46456	 8,8	     4,46975	 8,8
     41,7488	     4,46517	 9,1	     4,45977	 8,7
     41,7507	      4,4652	 8,8	     4,46033	 8,8
     41,7527	     4,45456	 8,9	     4,45075	 8,8
     41,7546	     4,45616	 9,2	     4,44651	 8,9
     41,7566	     4,45016	 8,7	     4,44751	 9,2
     41,7586	     4,44512	 9,1	     4,44172	 9,3
     41,7605	     4,44546	 9,3	     4,43979	 9,3
     41,7625	      4,4415	 9,2	     4,43515	 9,3
     41,7644	     4,43226	 9,7	     4,42553	 9,4
     41,7664	     4,42574	 9,4	     4,42765	 9,5
     41,7683	     4,42276	 9,5	     4,42572	 9,4
     41,7703	     4,42459	 9,4	     4,41577	 9,6
     41,7722	     4,41847	 9,8	     4,41325	 9,9
     41,7742	     4,41212	 9,9	     4,40414	 9,8
     41,7761	     4,41143	10,3	     4,40553	 9,9
     41,7781	     4,40411	10,0	     4,40149	 9,8
     41,7801	     4,40292	10,2	     4,39916	 9,9
      41,782	     4,39993	10,3	     4,39446	10,1
      41,784	     4,38863	10,1	     4,38804	10,2
     41,7859	     4,38722	10,2	     4,38716	10,4
     41,7879	     4,37965	10,4	     4,38434	10,3
     41,7898	     4,38117	10,5	     4,37489	10,3
     41,7918	     4,37888	10,7	     4,37239	10,3
     41,7937	      4,3705	10,5	     4,36549	10,5
     41,7957	     4,36676	10,5	     4,36015	10,6
     41,7977	     4,35988	10,8	     4,36028	10,8
     41,7996	     4,35532	10,9	     4,35513	10,8
     41,8016	     4,35465	11,1	     4,35458	10,8
     41,8035	     4,34886	11,0	     4,34964	10,9
     41,8055	     4,34382	11,5	      4,3417	10,8
     41,8074	     4,34441	11,0	     4,34341	10,8
     41,8094	     4,33735	11,2	     4,33208	11,2
     41,8113	     4,33706	11,3	      4,3296	11,3
     41,8133	     4,32982	11,0	     4,32893	11,4
     41,8153	     4,32015	11,4	     4,32064	11,5
     41,8172	      4,3197	11,4	     4,32379	11,4
     41,8192	     4,31478	11,7	     4,31892	11,4
     41,8211	     4,31032	11,9	     4,30976	11,6
     41,8231	     4,30897	11,8	     4,31045	11,6
      41,825	     4,30223	11,4	      4,3014	12,0
      41,827	     4,29884	11,9	     4,29708	11,9
     41,8289	     4,29652	11,8	     4,29906	11,9
     41,8309	     4,29199	12,2	     4,28954	12,1
     41,8328	     4,29074	12,1	     4,29128	11,8
     41,8348	     4,27797	12,1	     4,28732	12,1
     41,8368	     4,27455	12,4	     4,27718	12,2
     41,8387	     4,27571	12,3	     4,27606	12,4
     41,8407	      4,2691	12,2	      4,2658	12,4
     41,8426	     4,26806	12,5	     4,26104	12,5
     41,8446	     4,26352	12,8	     4,26306	12,4
     41,8465	     4,25301	12,8	     4,25799	12,6
     41,8485	     4,25081	12,5	     4,25704	12,5
     41,8504	     4,24827	12,5	     4,25354	12,7
     41,8524	     4,24078	12,8	      4,2439	12,9
     41,8544	     4,24145	13,0	     4,24516	13,0
     41,8563	     4,23522	12,9	     4,23606	13,1
     41,8583	      4,2317	13,2	     4,23235	13,0
     41,8602	     4,23121	13,3	     4,23219	13,1
     41,8622	     4,22369	13,3	     4,22289	13,0
     41,8641	     4,21992	13,6	     4,22326	13,2
     41,8661	     4,21419	13,1	     4,21957	13,3
      41,868	     4,20738	13,2	     4,21131	13,4
       41,87	     4,20717	13,4	     4,21054	13,5
     41,8719	     4,20036	13,4	     4,20223	13,6
     41,8739	     4,20041	13,6	     4,19905	13,4
     41,8759	     4,20082	14,0	     4,20008	13,7
     41,8778	     4,18879	13,7	      4,1934	13,8
     41,8798	     4,18625	13,8	     4,18741	13,8
     41,8817	     4,17961	14,0	     4,18775	14,0
     41,8837	     4,17399	14,0	     4,18189	14,1
     41,8856	     4,17436	14,3	     4,17984	14,1
     41,8876	     4,16954	14,3	     4,17562	14,1
     41,8895	     4,16176	14,3	     4,16759	14,1
     41,8915	     4,16293	14,8	     4,16486	13,9
     41,8935	     4,15435	14,2	     4,15852	14,5
     41,8954	     4,14815	14,4	     4,15568	14,3
     41,8974	     4,14654	14,3	     4,15133	14,6
     41,8993	     4,14236	14,1	     4,14928	14,7
     41,9013	     4,13785	14,4	     4,14891	14,7
     41,9032	      4,1349	14,7	     4,14385	14,6
     41,9052	     4,12888	14,8	     4,13214	14,7
     41,9071	      4,1284	14,9	     4,13412	14,7
     41,9091	     4,12821	15,4	     4,12829	15,1
      41,911	     4,11491	14,7	     4,12135	15,0
      41,913	     4,11089	15,0	     4,12115	15,2
      41,915	     4,10726	15,0	     4,11721	15,3
     41,9169	      4,0996	15,1	     4,11204	15,1
     41,9189	     4,10268	15,4	     4,10978	15,1
     41,9208	      4,0988	15,9	     4,10505	15,2
     41,9228	      4,0943	15,3	     4,10004	15,3
     41,9247	     4,09256	15,4	     4,09857	15,5
     41,9267	     4,07962	15,2	     4,08991	15,7
     41,9286	      4,0805	15,5	     4,08637	15,7
     41,9306	     4,07801	15,5	     4,08414	15,8
     41,9326	     4,07108	15,7	     4,07729	16,0
     41,9345	     4,06576	15,9	     4,07725	15,6
     41,9365	     4,06314	16,1	     4,06578	15,9
     41,9384	     4,05555	16,2	     4,06398	16,0
     41,9404	     4,05614	16,5	     4,06544	16,1
     41,9423	     4,04898	16,0	     4,05848	16,2
     41,9443	     4,04658	16,0	     4,05296	16,3
     41,9462	     4,04463	15,9	     4,05407	16,3
     41,9482	     4,03647	16,5	     4,04782	16,4
     41,9501	      4,0374	16,0	     4,04368	16,3
     41,9521	      4,0359	17,0	     4,04116	16,4
     41,9541	     4,02014	16,9	     4,03239	16,5
      41,956	     4,01503	16,4	     4,02911	16,5
      41,958	     4,01733	16,7	     4,02727	16,7
     41,9599	     4,00925	16,6	     4,02053	16,7
     41,9619	       4,009	17,2	     4,01924	16,8
     41,9638	     4,00414	17,0	     4,01694	16,9
     41,9658	     3,99515	16,8	     4,00833	16,8
     41,9677	      3,9968	16,6	     4,00824	16,8
     41,9697	      3,9952	17,2	     3,99976	17,1
     41,9717	     3,98209	17,0	     3,99605	17,1
     41,9736	     3,98206	17,4	     3,99458	17,3
     41,9756	     3,97876	17,1	       3,989	17,3
     41,9775	      3,9757	17,1	     3,98356	17,5
     41,9795	     3,97127	17,3	     3,98264	17,7
     41,9814	     3,96563	17,4	     3,97416	17,4
     41,9834	     3,95818	17,7	     3,97122	17,4
     41,9853	     3,95817	17,6	     3,96859	17,7
     41,9873	      3,9495	17,6	     3,96189	17,8
     41,9892	      3,9479	18,1	     3,95961	17,7
     41,9912	     3,95058	17,7	     3,95903	17,9
     41,9932	     3,94504	17,8	     3,95141	18,1
     41,9951	     3,93731	18,0	     3,94961	18,0
     41,9971	     3,93503	17,7	     3,94219	18,2
      41,999	     3,92514	18,4	     3,93811	18,3
      42,001	     3,92071	18,1	     3,94249	18,1
     42,0029	      3,9239	18,1	     3,93378	18,0
     42,0049	     3,91612	18,2	     3,92948	18,4
     42,0068	     3,90851	18,4	     3,92999	18,4
     42,0088	     3,90871	18,7	     3,92716	18,3
     42,0108	     3,89714	18,3	     3,91375	18,6
     42,0127	     3,89589	18,5	     3,91314	18,6
     42,0147	     3,89471	18,5	     3,90646	18,6
     42,0166	     3,89167	18,2	     3,89954	18,8
     42,0186	      3,8914	19,0	     3,90378	18,8
     42,0205	     3,88748	18,5	     3,89887	18,9
     42,0225	     3,87412	19,0	      3,8924	18,8
     42,0244	      3,8717	19,1	     3,89259	18,7
     42,0264	     3,87804	19,4	     3,88407	19,1
     42,0283	     3,86758	19,2	     3,88157	19,2
     42,0303	     3,86197	18,9	     3,87721	19,4
     42,0323	     3,86362	19,1	     3,86546	19,1
     42,0342	      3,8485	19,2	     3,86417	19,3
     42,0362	     3,84644	19,3	     3,86826	19,4
     42,0381	     3,84384	19,3	     3,86151	19,2
     42,0401	     3,84044	19,4	     3,85656	19,4
      42,042	     3,84105	19,5	     3,85459	19,5
      42,044	     3,83393	19,6	     3,84877	19,5
     42,0459	     3,82238	19,9	     3,84076	19,8
     42,0479	     3,82384	20,1	     3,84035	19,9
     42,0499	     3,82411	19,8	     3,83208	20,0
     42,0518	     3,81541	19,5	     3,82766	20,1
     42,0538	     3,81274	19,8	     3,83101	19,9
     42,0557	     3,81133	19,6	      3,8208	20,0
     42,0577	     3,79901	20,3	     3,81561	19,9
     42,0596	     3,79998	20,2	     3,81688	20,0
     42,0616	     3,79352	20,6	     3,81107	20,2
     42,0635	     3,78731	20,6	      3,8071	20,3
     42,0655	     3,78039	20,4	     3,80657	20,3
     42,0674	     3,78805	20,3	     3,79331	20,5
     42,0694	     3,77195	20,2	     3,79163	20,7
     42,0714	     3,77244	20,2	     3,78965	20,4
     42,0733	     3,76894	20,6	     3,78556	20,6
     42,0753	     3,76291	20,5	     3,77969	20,7
     42,0772	     3,76654	21,1	     3,78188	20,6
     42,0792	     3,76053	20,8	     3,76845	20,7
     42,0811	     3,75211	21,4	     3,76712	20,7
     42,0831	     3,75218	21,2	     3,76414	21,0
      42,085	     3,74806	21,2	     3,75895	21,0
      42,087	      3,7374	21,0	     3,75472	21,1
      42,089	     3,73668	21,2	     3,75584	21,2
     42,0909	     3,73634	21,0	     3,75289	21,2
     42,0929	     3,72828	20,9	     3,74607	21,0
     42,0948	     3,72485	21,3	     3,74388	21,2
     42,0968	     3,72517	21,3	     3,73155	21,4
     42,0987	     3,70967	21,5	     3,72912	21,4
     42,1007	     3,70748	21,5	     3,73377	21,5
     42,1026	      3,7093	21,6	     3,72966	21,5
     42,1046	     3,70003	21,3	     3,72112	21,7
     42,1065	     3,69941	21,9	     3,71869	21,7
     42,1085	     3,69496	22,0	     3,70877	21,9
     42,1105	     3,68652	21,6	     3,70672	22,0
     42,1124	     3,68518	21,8	     3,70654	21,9
     42,1144	     3,68836	21,8	     3,70168	21,9
     42,1163	     3,67958	21,7	     3,69335	22,1
     42,1183	     3,67021	22,1	     3,69573	22,0
     42,1202	     3,67333	21,9	     3,69407	22,0
     42,1222	     3,66616	22,3	      3,6826	22,1
     42,1241	     3,65881	22,4	     3,68086	22,1
     42,1261	     3,65786	22,6	      3,6791	22,4
     42,1281	     3,65306	22,3	     3,67005	22,4
       42,13	     3,64942	22,2	     3,67104	22,6
      42,132	     3,64925	22,2	     3,66889	22,6
     42,1339	     3,64662	22,9	     3,65669	22,6
     42,1359	     3,63337	22,2	     3,65536	22,8
     42,1378	     3,63157	22,3	      3,6522	22,5
     42,1398	     3,63052	22,6	     3,64656	22,7
     42,1417	     3,62115	22,4	     3,64621	22,8
     42,1437	      3,6179	22,9	     3,64571	22,8
     42,1456	     3,61822	22,7	     3,63259	22,9
     42,1476	     3,60965	23,3	     3,62827	22,8
     42,1496	     3,60642	23,4	     3,62843	23,2
     42,1515	     3,60838	23,2	      3,6211	23,3
     42,1535	      3,5998	23,0	     3,62073	23,2
     42,1554	     3,59413	22,7	     3,61871	23,4
     42,1574	     3,59027	23,5	     3,60679	23,3
     42,1593	     3,58821	23,6	     3,60261	23,4
     42,1613	     3,58191	23,3	     3,60442	23,3
     42,1632	      3,5804	23,1	     3,60117	23,5
     42,1652	     3,57539	23,5	     3,59349	23,4
     42,1672	     3,56557	23,6	     3,59043	23,3
     42,1691	     3,56471	24,0	     3,58731	23,9
     42,1711	     3,56165	23,5	     3,58213	23,5
      42,173	     3,55473	24,0	     3,58319	23,8
      42,175	     3,55524	23,8	     3,57755	23,9
     42,1769	      3,5532	23,3	     3,57209	24,0
     42,1789	     3,54188	24,3	     3,56505	24,0
     42,1808	     3,53872	24,2	     3,56533	24,2
     42,1828	      3,5419	23,9	      3,5571	24,4
     42,1847	     3,53722	23,8	     3,54973	24,3
     42,1867	      3,5276	23,8	     3,55222	24,2
     42,1887	     3,52691	24,0	     3,54186	24,1
     42,1906	     3,51632	24,2	     3,53739	24,3
     42,1926	     3,51158	24,4	     3,54455	24,4
     42,1945	     3,51061	24,4	      3,5371	24,3
     42,1965	     3,50839	24,6	     3,52489	24,6
     42,1984	     3,50308	24,6	     3,52639	24,4
     42,2004	     3,50078	24,5	     3,52749	24,6
     42,2023	     3,49666	24,5	     3,51393	24,8
     42,2043	     3,48787	24,8	     3,51131	24,7
     42,2063	     3,48388	25,1	     3,51321	24,9
     42,2082	     3,48577	24,9	     3,50591	25,2
     42,2102	     3,47959	24,8	     3,50111	24,8
     42,2121	     3,47085	24,4	     3,49911	25,0
     42,2141	     3,47117	24,8	     3,49374	25,0
      42,216	     3,46748	25,0	     3,48646	25,0
      42,218	     3,46207	25,0	     3,48961	25,3
     42,2199	      3,4596	25,0	     3,48642	25,2
     42,2219	     3,45512	24,7	     3,47173	25,3
     42,2239	     3,44589	25,6	     3,47257	25,4
     42,2258	     3,44264	25,8	     3,47068	25,5
     42,2278	     3,44146	25,8	     3,46511	25,6
     42,2297	     3,43688	25,4	     3,46351	25,6
     42,2317	     3,43541	25,6	     3,46113	25,8
     42,2336	      3,4366	25,1	     3,44985	25,7
     42,2356	     3,42925	25,8	     3,44819	25,7
     42,2375	      3,4181	25,9	     3,44551	25,9
     42,2395	     3,41825	26,0	     3,44182	25,7
     42,2414	     3,41642	25,6	     3,43594	26,0
     42,2434	     3,41058	25,7	     3,43722	25,7
     42,2454	     3,40516	25,8	     3,43742	25,9
     42,2473	     3,40544	25,9	     3,42294	26,1
     42,2493	     3,39126	26,2	     3,41959	26,0
     42,2512	      3,3899	26,0	     3,42341	26,1
     42,2532	     3,38811	26,0	      3,4177	26,2
     42,2551	     3,38244	26,2	     3,40823	26,3
     42,2571	     3,38231	26,4	     3,40864	26,5
      42,259	     3,38122	26,5	     3,40198	26,7
      42,261	      3,3696	26,2	     3,39474	26,6
      42,263	     3,36918	26,8	     3,39746	26,6
     42,2649	     3,36185	26,4	     3,39564	26,7
     42,2669	     3,36441	26,4	     3,38253	26,6
     42,2688	     3,35951	27,0	      3,3797	26,7
     42,2708	     3,35101	26,4	     3,38014	26,5
     42,2727	     3,34948	26,5	      3,3712	26,6
     42,2747	     3,34519	26,3	     3,37267	26,7
     42,2766	     3,33876	26,8	     3,37139	27,0
     42,2786	     3,33863	27,0	     3,36654	26,7
     42,2805	     3,33731	26,9	     3,35354	26,9
     42,2825	     3,32549	27,0	     3,35119	26,8
     42,2845	     3,32276	27,0	     3,35371	27,3
     42,2864	     3,32444	27,2	     3,34714	27,2
     42,2884	     3,31973	26,9	     3,34194	27,3
     42,2903	     3,31356	27,3	     3,33912	27,4
     42,2923	     3,31068	27,6	     3,33063	27,4
     42,2942	     3,30409	27,3	     3,32613	27,6
     42,2962	     3,29831	27,5	     3,32889	27,2
     42,2981	     3,29797	27,6	      3,3231	27,4
     42,3001	     3,29697	27,4	     3,31599	27,6
     42,3021	     3,28848	27,2	     3,31645	27,5
      42,304	     3,28467	27,8	     3,31361	27,7
      42,306	     3,28178	27,7	     3,30459	27,6
     42,3079	     3,27876	27,5	     3,30127	27,8
     42,3099	     3,26839	27,8	     3,29991	27,9
     42,3118	     3,26702	27,7	     3,29917	27,8
     42,3138	     3,26921	28,0	     3,28655	28,1
     42,3157	     3,25855	28,2	     3,28404	28,0
     42,3177	     3,25643	28,0	     3,28141	28,2
     42,3196	      3,2517	27,9	     3,27742	28,2
     42,3216	     3,24473	28,0	     3,27384	28,3
     42,3236	     3,24357	28,1	     3,27378	28,3
     42,3255	     3,24379	28,3	     3,26517	28,3
     42,3275	     3,23989	28,0	     3,25998	28,5
     42,3294	       3,231	28,4	     3,26016	28,4
     42,3314	     3,22616	28,4	     3,25691	28,7
     42,3333	     3,23024	28,3	     3,24678	28,5
     42,3353	     3,21708	28,4	     3,24587	28,7
     42,3372	     3,21222	28,4	       3,247	28,6
     42,3392	     3,21381	28,6	      3,2408	28,7
     42,3412	     3,21599	28,3	     3,23502	28,6
     42,3431	     3,19866	28,4	      3,2343	28,7
     42,3451	     3,19613	28,5	     3,22748	28,8
      42,347	     3,20061	28,6	     3,22175	29,0
      42,349	     3,19289	28,9	     3,22304	29,2
     42,3509	     3,19063	28,6	     3,22202	28,9
     42,3529	      3,1859	28,8	     3,21527	29,0
     42,3548	     3,18295	28,9	     3,20289	29,2
     42,3568	     3,17779	29,3	     3,20163	29,3
     42,3587	     3,16897	29,3	     3,20223	29,3
     42,3607	     3,17287	29,3	     3,19581	29,5
     42,3627	     3,17021	29,3	     3,19196	29,4
     42,3646	     3,15878	29,6	     3,19121	29,3
     42,3666	     3,15244	29,6	     3,18188	29,6
     42,3685	     3,15725	29,4	     3,17907	29,5
     42,3705	     3,15073	29,7	     3,17785	29,5
     42,3724	     3,14534	29,5	     3,17264	29,6
     42,3744	     3,14475	29,4	     3,16733	29,5
     42,3763	     3,14077	29,3	     3,16546	29,6
     42,3783	     3,13285	29,5	     3,16252	29,6
     42,3803	     3,13073	29,3	     3,15362	29,7
     42,3822	     3,13074	29,7	     3,15029	29,9
     42,3842	     3,11643	29,7	     3,14953	29,9
     42,3861	     3,11642	29,8	     3,15061	29,9
     42,3881	     3,11783	30,0	     3,13952	30,1
       42,39	     3,11251	29,9	     3,13675	30,1
      42,392	     3,10932	29,9	     3,13593	30,0
     42,3939	     3,10158	30,2	     3,13081	30,3
     42,3959	      3,0987	30,2	     3,12037	30,5
     42,3979	     3,09807	30,2	     3,12182	30,5
     42,3998	     3,08876	30,4	     3,12108	30,2
     42,4018	     3,08583	30,5	     3,11412	30,7
     42,4037	     3,08539	30,6	     3,10709	30,6
     42,4057	     3,07539	30,4	     3,10613	30,7
     42,4076	      3,0715	30,6	      3,1036	30,4
     42,4096	     3,07507	30,5	     3,09957	30,8
     42,4115	     3,06999	30,6	     3,09379	30,6
     42,4135	     3,06094	30,9	     3,09379	31,0
     42,4154	     3,05691	30,8	     3,08536	31,0
     42,4174	     3,06281	30,7	     3,08148	30,9
     42,4194	     3,05592	31,1	     3,08392	30,8
     42,4213	     3,04544	31,0	     3,08243	31,0
     42,4233	     3,04406	31,3	     3,07707	30,7
     42,4252	     3,04651	30,8	     3,06703	31,2
     42,4272	     3,03973	31,1	     3,06346	31,1
     42,4291	     3,02817	30,9	     3,06574	31,2
     42,4311	     3,02858	31,0	     3,05787	31,0
      42,433	     3,02668	31,0	     3,04978	31,1
      42,435	     3,02292	31,0	     3,05025	31,5
      42,437	     3,01494	31,3	     3,04221	31,4
     42,4389	     3,01771	31,2	     3,03977	31,5
     42,4409	     3,00945	31,5	     3,04002	31,5
     42,4428	     3,00193	31,4	     3,03829	31,4
     42,4448	     2,99921	31,3	      3,0256	31,8
     42,4467	     2,99672	31,4	     3,02211	31,7
     42,4487	     2,99252	31,8	     3,02517	31,7
     42,4506	      2,9875	31,9	     3,02496	31,8
     42,4526	     2,98507	31,7	     3,01008	32,0
     42,4545	     2,98265	31,5	     3,00846	32,3
     42,4565	     2,98157	31,8	     3,01208	31,8
     42,4585	     2,97173	32,3	     3,00796	32,0
     42,4604	     2,97001	31,9	     2,99678	31,9
     42,4624	     2,96839	32,1	     2,99051	32,1
     42,4643	     2,96046	32,0	     2,99435	32,1
     42,4663	     2,95799	32,1	     2,99094	32,3
     42,4682	     2,95921	32,1	     2,97984	32,1
     42,4702	     2,95633	32,1	     2,97964	32,2
     42,4721	     2,94596	32,2	     2,98353	32,2
     42,4741	     2,94118	32,3	     2,97676	32,3
     42,4761	     2,94455	32,3	     2,96497	32,2
      42,478	     2,94131	32,4	     2,96273	32,3
       42,48	     2,93091	32,4	     2,95874	32,6
     42,4819	      2,9279	32,6	     2,95637	32,4
     42,4839	     2,93131	32,3	     2,95074	32,5
     42,4858	     2,92557	32,5	     2,95493	32,4
     42,4878	     2,91592	32,5	     2,94925	32,4
     42,4897	     2,91217	32,6	     2,93723	32,7
     42,4917	     2,91264	32,6	     2,93208	32,8
     42,4936	     2,90684	32,7	     2,93947	32,9
     42,4956	     2,89872	32,9	      2,9362	32,8
     42,4976	     2,89991	32,5	       2,924	33,0
     42,4995	     2,89689	32,8	     2,92214	33,0
     42,5015	     2,89426	32,6	     2,91951	32,9
     42,5034	     2,88684	33,2	     2,91626	33,4
     42,5054	      2,8848	33,1	     2,91018	33,3
     42,5073	     2,88032	33,2	     2,90892	33,2
     42,5093	     2,87363	32,8	     2,90647	33,0
     42,5112	     2,86802	32,9	     2,90187	33,4
     42,5132	     2,87247	33,1	     2,89659	33,4
     42,5152	     2,87056	33,0	     2,89454	33,4
     42,5171	     2,85957	33,3	     2,89323	33,5
     42,5191	     2,85302	33,3	     2,88291	33,6
      42,521	     2,85801	33,6	      2,8784	33,6
      42,523	     2,85497	33,4	      2,8809	33,9
     42,5249	      2,8463	33,6	     2,87963	33,6
     42,5269	      2,8396	33,7	     2,86982	34,0
     42,5288	     2,84203	33,7	     2,86518	33,8
     42,5308	     2,84024	33,5	     2,86618	33,8
     42,5327	      2,8288	33,9	     2,86411	34,0
     42,5347	     2,82301	33,9	     2,85303	34,0
     42,5367	     2,83065	33,9	      2,8497	33,9
     42,5386	     2,82685	34,2	     2,84977	33,8
     42,5406	     2,81333	34,0	     2,85028	34,0
     42,5425	     2,80955	34,3	     2,83851	34,0
     42,5445	     2,81534	33,9	     2,83331	34,0
     42,5464	     2,81007	34,0	     2,83834	34,3
     42,5484	     2,79827	34,0	     2,83538	34,2
     42,5503	     2,79767	34,1	     2,82332	34,0
     42,5523	     2,79963	34,1	     2,81798	34,3
     42,5543	     2,79586	34,2	     2,82325	34,2
     42,5562	     2,78543	34,5	     2,82057	34,3
     42,5582	     2,78041	34,6	     2,80814	34,3
     42,5601	     2,78386	34,4	     2,80691	34,5
     42,5621	      2,7776	34,3	     2,80768	34,3
      42,564	     2,76905	34,8	     2,80435	34,5
      42,566	     2,76629	34,5	     2,79143	34,6
     42,5679	      2,7707	34,4	     2,78882	34,7
     42,5699	     2,76611	34,5	     2,79241	34,7
     42,5718	     2,75632	34,8	     2,78949	34,5
     42,5738	     2,75061	35,1	      2,7779	34,9
     42,5758	       2,756	34,7	      2,7722	34,7
     42,5777	     2,74983	34,7	     2,77769	34,7
     42,5797	     2,74431	34,6	     2,77427	34,7
     42,5816	     2,73733	34,8	     2,77087	34,9
     42,5836	     2,73597	35,0	     2,75729	35,1
     42,5855	     2,73717	34,8	     2,75852	35,0
     42,5875	      2,7233	35,1	     2,75821	35,0
     42,5894	     2,72246	35,0	     2,75383	35,1
     42,5914	     2,72763	35,0	       2,743	35,3
     42,5934	     2,72238	35,1	     2,74236	35,0
     42,5953	     2,70995	35,2	     2,74531	35,2
     42,5973	     2,70658	35,3	     2,73922	35,1
     42,5992	     2,71015	35,1	     2,72769	35,4
     42,6012	     2,70906	35,3	     2,72604	35,3
     42,6031	     2,69949	35,1	     2,73115	35,4
     42,6051	     2,69612	35,5	      2,7265	35,4
      42,607	     2,69585	35,1	     2,71419	35,7
      42,609	     2,69676	35,7	     2,71145	35,6
     42,6109	     2,68274	35,4	     2,71491	35,7
     42,6129	     2,67742	35,5	     2,71185	35,7
     42,6149	     2,68007	35,5	     2,70042	35,8
     42,6168	     2,68216	35,6	     2,69451	35,8
     42,6188	     2,66859	35,8	     2,70022	35,7
     42,6207	     2,66716	35,5	     2,69638	35,7
     42,6227	     2,66783	35,9	     2,68713	36,0
     42,6246	     2,66459	35,7	     2,68266	36,0
     42,6266	     2,65612	36,1	     2,68607	36,1
     42,6285	     2,65117	35,9	     2,68437	36,1
     42,6305	     2,65232	35,8	     2,67853	35,9
     42,6325	     2,65126	35,8	     2,66843	36,3
     42,6344	     2,64218	36,1	     2,66506	36,2
     42,6364	     2,63461	36,0	     2,66706	36,4
     42,6383	     2,63559	36,2	     2,65555	36,4
     42,6403	     2,63337	36,2	     2,65335	36,4
     42,6422	      2,6292	36,5	     2,65862	36,4
     42,6442	     2,62517	36,2	     2,65818	36,3
     42,6461	     2,62307	36,6	     2,64487	36,6
     42,6481	     2,62097	36,2	     2,63969	36,6
       42,65	     2,61649	36,2	     2,63673	36,6
      42,652	     2,60971	36,2	     2,63868	36,6
      42,654	     2,60254	36,6	     2,63498	36,6
     42,6559	     2,60208	36,6	     2,62329	36,8
     42,6579	     2,60182	36,6	     2,62029	36,8
     42,6598	     2,59935	36,5	     2,62553	36,8
     42,6618	     2,59055	36,8	      2,6231	36,8
     42,6637	     2,59009	36,7	     2,61017	37,0
     42,6657	     2,58999	37,0	     2,60728	36,8
     42,6676	     2,58681	36,9	     2,60881	36,8
     42,6696	     2,57672	36,8	     2,60866	36,9
     42,6716	     2,57431	36,9	     2,59719	37,1
     42,6735	     2,57475	36,8	     2,59295	37,1
     42,6755	     2,57463	36,7	     2,59268	37,2
     42,6774	     2,56092	37,0	     2,58955	37,2
     42,6794	     2,55916	37,1	     2,58587	37,4
     42,6813	     2,56435	37,1	     2,58165	37,2
     42,6833	     2,56076	37,1	     2,57695	37,2
     42,6852	     2,54733	37,4	     2,57435	37,4
     42,6872	     2,54512	37,2	     2,57155	37,4
     42,6891	     2,54951	37,2	     2,56949	37,3
     42,6911	      2,5484	37,0	      2,5619	37,8
     42,6931	     2,54603	37,2	     2,56043	37,5
      42,695	     2,53099	37,4	     2,56185	37,6
      42,697	     2,52843	37,6	     2,55736	37,5
     42,6989	     2,53244	37,4	     2,54508	37,5
     42,7009	     2,53127	37,6	     2,54355	37,6
     42,7028	     2,51702	37,6	     2,53944	37,7
     42,7048	     2,51184	37,8	     2,54096	37,7
     42,7067	     2,51638	37,7	     2,53863	37,8
     42,7087	     2,51377	37,5	     2,52896	37,9
     42,7107	     2,50371	37,8	     2,52722	37,7
     42,7126	     2,50266	37,7	     2,52946	37,9
     42,7146	     2,50206	37,8	     2,52337	37,9
     42,7165	      2,5012	37,7	     2,51415	38,0
     42,7185	     2,49679	37,8	     2,51198	38,0
     42,7204	     2,48684	38,1	      2,5171	38,0
     42,7224	     2,48299	38,2	     2,51333	38,1
     42,7243	     2,48577	37,7	     2,50109	38,3
     42,7263	     2,48393	37,9	     2,49585	38,2
     42,7282	     2,47248	37,9	     2,49903	38,3
     42,7302	     2,47035	38,2	     2,49793	38,1
     42,7322	     2,47354	38,0	     2,48968	38,0
     42,7341	     2,47212	38,1	     2,48353	38,5
     42,7361	     2,46826	38,4	     2,48035	38,3
      42,738	      2,4562	38,1	     2,48294	38,3
       42,74	      2,4544	38,6	     2,47894	38,3
     42,7419	     2,45919	38,2	      2,4726	38,4
     42,7439	     2,45744	38,5	      2,4651	38,6
     42,7458	     2,44564	38,5	     2,46298	38,4
     42,7478	     2,44157	38,8	     2,46551	38,5
     42,7498	     2,44129	38,6	     2,46068	38,5
     42,7517	     2,44057	38,7	     2,44976	38,8
     42,7537	     2,43762	38,5	     2,44721	38,7
     42,7556	     2,42899	38,8	     2,45135	38,6
     42,7576	     2,42633	38,7	     2,44816	38,7
     42,7595	     2,42581	38,9	     2,43862	38,8
     42,7615	     2,42412	39,0	     2,43268	39,0
     42,7634	     2,41965	38,9	     2,43439	39,1
     42,7654	     2,41155	39,0	     2,43429	39,1
     42,7673	     2,40992	39,2	     2,42607	39,2
     42,7693	     2,41506	38,9	     2,42196	39,1
     42,7713	     2,41103	39,1	     2,41935	39,1
     42,7732	     2,40031	39,2	     2,41658	39,1
     42,7752	     2,39635	39,4	     2,41342	39,0
     42,7771	     2,39682	39,2	     2,41235	39,5
     42,7791	     2,39505	39,2	     2,40325	39,0
      42,781	     2,38937	39,4	     2,39829	39,3
      42,783	     2,37978	39,5	     2,40446	39,4
     42,7849	     2,37706	39,6	      2,4022	39,2
     42,7869	     2,38347	39,5	      2,3895	39,5
     42,7889	     2,37844	39,7	     2,38694	39,7
     42,7908	     2,37225	39,5	     2,38966	39,4
     42,7928	     2,36509	39,9	     2,38745	39,5
     42,7947	     2,36206	39,9	     2,37624	39,5
     42,7967	     2,36616	39,5	     2,37076	39,8
     42,7986	     2,36245	39,6	     2,37158	39,9
     42,8006	     2,35348	40,0	     2,37123	39,8
     42,8025	       2,354	39,9	     2,36506	39,9
     42,8045	     2,35063	39,7	      2,3618	39,8
     42,8064	     2,34915	39,9	      2,3571	40,0
     42,8084	     2,34398	39,8	      2,3576	40,0
     42,8104	      2,3351	39,9	     2,35633	39,7
     42,8123	     2,33419	40,1	     2,34942	40,0
     42,8143	     2,33434	40,1	      2,3424	40,0
     42,8162	     2,33405	39,7	     2,33702	40,2
     42,8182	     2,33027	40,0	     2,33601	40,0
     42,8201	     2,31685	40,2	     2,34179	40,1
     42,8221	      2,3147	39,9	     2,33961	39,7
      42,824	     2,32127	40,0	     2,32731	40,2
      42,826	      2,3194	39,7	     2,32224	40,1
      42,828	     2,31021	40,2	     2,32131	40,1
     42,8299	     2,30817	40,3	     2,32072	40,3
     42,8319	     2,30222	40,1	     2,31599	40,4
     42,8338	      2,3038	40,1	     2,31225	40,1
     42,8358	     2,29861	40,5	     2,30718	40,3
     42,8377	     2,29503	40,4	     2,30462	40,1
     42,8397	     2,28962	40,4	     2,30447	40,3
     42,8416	     2,28682	40,8	     2,30041	40,2
     42,8436	     2,29146	40,1	     2,28966	40,4
     42,8456	     2,28698	40,4	     2,28746	40,8
     42,8475	     2,27474	40,9	     2,29283	40,5
     42,8495	     2,27282	40,5	     2,29165	40,6
     42,8514	     2,27458	40,5	     2,28011	40,6
     42,8534	     2,27461	40,8	     2,27935	40,8
     42,8553	     2,26866	40,6	      2,2731	40,7
     42,8573	     2,26515	40,7	     2,27192	40,4
     42,8592	     2,26176	41,0	      2,2674	40,7
     42,8612	     2,25843	41,3	     2,26515	41,1
     42,8631	     2,25438	40,6	     2,25614	41,0
     42,8651	     2,25151	41,2	     2,25485	41,2
     42,8671	     2,24655	41,1	     2,25926	40,8
      42,869	     2,24082	41,3	     2,25537	40,8
      42,871	       2,239	40,8	     2,24523	41,3
     42,8729	     2,24153	41,1	     2,24177	41,2
     42,8749	     2,23888	41,0	     2,24243	41,2
     42,8768	     2,22867	41,2	     2,24075	41,2
     42,8788	     2,22567	41,3	     2,23446	41,4
     42,8807	      2,2293	41,2	      2,2327	41,1
     42,8827	     2,22407	40,9	     2,23093	41,3
     42,8847	     2,22075	41,0	     2,22423	41,3
     42,8866	     2,21879	41,3	     2,22447	41,0
     42,8886	     2,20797	41,2	     2,22575	41,1
     42,8905	     2,20863	41,3	     2,21394	41,5
     42,8925	     2,21323	41,3	     2,21159	41,2
     42,8944	     2,20721	41,2	     2,21253	41,3
     42,8964	     2,20283	41,3	     2,20666	41,3
     42,8983	     2,19365	41,6	     2,20368	41,4
     42,9003	     2,19456	41,5	     2,19889	41,8
     42,9022	     2,19737	41,7	     2,19591	41,7
     42,9042	     2,19243	41,4	      2,1885	41,6
     42,9062	     2,18714	41,8	     2,18812	41,8
     42,9081	     2,17778	42,1	      2,1905	41,6
     42,9101	     2,17506	42,1	     2,18953	41,6
      42,912	      2,1829	41,6	     2,17514	41,9
      42,914	     2,18072	41,6	     2,17484	41,9
     42,9159	     2,16931	42,1	     2,17624	41,8
     42,9179	     2,16316	42,3	     2,17611	42,0
     42,9198	     2,15913	42,3	     2,17163	41,9
     42,9218	     2,16311	42,1	     2,16703	42,0
     42,9238	     2,15896	41,8	     2,16089	42,0
     42,9257	     2,15442	42,1	     2,15736	41,9
     42,9277	     2,15396	42,1	     2,16297	41,9
     42,9296	     2,14259	42,2	     2,15958	41,7
     42,9316	     2,14188	42,0	     2,14731	42,2
     42,9335	     2,14743	41,8	     2,14222	42,0
     42,9355	     2,14377	42,2	     2,14221	42,2
     42,9374	     2,13474	42,6	     2,13935	41,8
     42,9394	     2,12716	42,5	     2,14034	41,8
     42,9413	     2,12533	42,4	     2,13419	41,7
     42,9433	     2,12519	42,7	     2,12942	42,1
     42,9453	     2,12553	42,1	     2,12552	42,1
     42,9472	     2,12641	42,5	     2,12854	41,9
     42,9492	      2,1143	42,4	       2,127	42,0
     42,9511	     2,11123	42,7	     2,12181	42,2
     42,9531	     2,11652	42,5	     2,11255	42,6
      42,955	       2,114	42,4	     2,10999	42,3
      42,957	     2,10774	42,6	     2,10319	42,5
     42,9589	     2,10653	42,4	     2,10726	42,4
     42,9609	      2,0954	42,6	     2,10521	42,6
     42,9629	     2,10197	42,8	     2,10099	42,5
     42,9648	     2,09485	42,7	     2,08992	43,0
     42,9668	     2,09102	42,7	     2,08855	42,9
     42,9687	     2,08862	42,8	     2,09215	42,6
     42,9707	     2,08132	42,9	     2,09077	42,5
     42,9726	     2,08241	43,0	     2,08424	42,8
     42,9746	     2,08802	42,9	     2,08258	42,7
     42,9765	     2,08448	42,4	     2,07595	42,9
     42,9785	     2,07898	43,0	     2,07062	42,6
     42,9804	     2,06636	42,9	     2,07783	42,7
     42,9824	     2,06418	43,0	     2,07338	42,5
     42,9844	     2,06066	43,2	      2,0628	42,9
     42,9863	     2,06608	43,0	     2,05899	43,0
     42,9883	     2,06162	43,1	     2,05963	42,8
     42,9902	     2,05324	43,2	     2,05687	43,0
     42,9922	     2,04909	43,4	     2,05668	42,9
     42,9941	     2,05049	43,6	     2,05485	43,2
     42,9961	     2,04828	43,4	      2,0414	43,3
      42,998	     2,04755	43,4	     2,03864	43,6
          43	     2,04041	43,3	     2,03462	43,5

