X-Data [Hz]	Laser (M - Filtered) [m/s]	Phase [Deg]	Laser (M - Filtered) [m/s]	Phase [Deg]	
	002: [07-08-24 08:26]		003: [07-08-24 08:30]	
          41	   0,0708577	71,8	    0,081456	72,0
     41,0029	   0,0758532	72,2	   0,0814101	71,8
     41,0059	   0,0777092	71,0	   0,0819331	72,1
     41,0088	   0,0793848	71,9	   0,0818576	72,1
     41,0117	   0,0795376	70,7	   0,0815274	71,6
     41,0147	   0,0799817	71,6	   0,0824025	72,1
     41,0176	   0,0807971	72,0	    0,082149	71,6
     41,0205	   0,0806699	71,5	   0,0823969	71,8
     41,0235	   0,0809479	71,6	   0,0823322	71,9
     41,0264	   0,0812917	71,9	   0,0828362	72,2
     41,0293	   0,0805942	70,9	       0,083	72,0
     41,0323	   0,0809268	70,9	    0,082631	71,9
     41,0352	   0,0809603	71,7	   0,0832006	72,3
     41,0381	   0,0818273	71,8	   0,0831378	71,7
     41,0411	   0,0813067	71,1	   0,0834392	72,0
      41,044	   0,0815199	72,5	   0,0832752	72,2
     41,0469	   0,0822164	72,0	   0,0834244	72,2
     41,0499	   0,0812319	71,3	   0,0840365	72,6
     41,0528	   0,0822677	71,4	   0,0834068	71,8
     41,0557	   0,0818719	71,1	    0,083731	72,1
     41,0587	    0,082832	72,0	   0,0842957	72,4
     41,0616	   0,0822908	70,9	   0,0842497	72,2
     41,0645	   0,0816745	71,9	   0,0846374	72,4
     41,0674	   0,0829791	72,3	   0,0846656	72,4
     41,0704	   0,0819273	71,6	   0,0850196	72,5
     41,0733	   0,0834727	72,1	   0,0849119	72,6
     41,0762	   0,0825595	72,7	   0,0846819	72,2
     41,0792	   0,0837703	72,4	   0,0849984	72,6
     41,0821	   0,0837809	72,1	   0,0852852	72,5
      41,085	   0,0835511	72,0	   0,0853987	72,6
      41,088	   0,0835922	73,2	   0,0859973	72,4
     41,0909	   0,0824587	71,4	    0,085891	72,3
     41,0938	   0,0834432	72,2	     0,08587	72,3
     41,0968	   0,0833881	72,3	   0,0860045	72,2
     41,0997	   0,0842048	73,6	   0,0863354	72,4
     41,1026	   0,0836546	72,9	   0,0863912	72,2
     41,1056	   0,0845276	72,4	   0,0865329	72,5
     41,1085	   0,0837724	72,7	   0,0871238	72,9
     41,1114	   0,0847148	73,0	   0,0869554	72,7
     41,1144	     0,08552	72,3	   0,0871523	72,6
     41,1173	   0,0844807	71,4	    0,087248	73,1
     41,1202	    0,085141	72,3	     0,08763	72,9
     41,1232	   0,0851689	72,6	   0,0874915	72,3
     41,1261	   0,0851242	73,7	   0,0877521	72,4
      41,129	   0,0854266	73,0	   0,0877476	72,8
      41,132	   0,0854288	73,5	   0,0880152	72,6
     41,1349	   0,0855765	72,0	   0,0881642	72,8
     41,1378	   0,0861935	72,3	   0,0886602	72,9
     41,1408	   0,0855547	71,9	   0,0886232	72,6
     41,1437	   0,0852703	71,5	   0,0889077	73,2
     41,1466	   0,0852303	73,1	   0,0886407	72,7
     41,1496	   0,0860622	74,0	    0,089005	72,5
     41,1525	   0,0854804	73,2	   0,0892323	72,9
     41,1554	   0,0863919	73,7	   0,0893376	72,6
     41,1584	   0,0865644	73,1	    0,088999	72,3
     41,1613	    0,087838	72,2	   0,0897871	72,9
     41,1642	   0,0869398	73,1	   0,0896606	73,1
     41,1672	   0,0874705	72,0	   0,0899409	72,8
     41,1701	   0,0877212	72,5	   0,0898303	73,3
      41,173	   0,0875546	72,6	   0,0902232	72,2
      41,176	   0,0870358	72,7	   0,0909564	73,2
     41,1789	   0,0879644	73,5	    0,090668	72,0
     41,1818	      0,0876	73,6	   0,0911183	72,7
     41,1847	   0,0883405	72,7	   0,0912791	72,8
     41,1877	   0,0884348	72,4	   0,0908367	72,8
     41,1906	   0,0892189	73,4	   0,0914529	73,2
     41,1936	   0,0886554	72,2	   0,0918222	73,5
     41,1965	   0,0883343	73,7	   0,0917383	73,1
     41,1994	   0,0893438	72,9	   0,0919596	72,8
     41,2023	   0,0887942	73,3	   0,0915877	72,0
     41,2053	   0,0889613	71,7	   0,0919845	72,5
     41,2082	   0,0900937	72,3	   0,0927107	73,5
     41,2111	   0,0895493	73,1	   0,0929373	73,4
     41,2141	   0,0901895	72,6	   0,0925443	73,7
      41,217	   0,0896775	72,7	   0,0931485	73,2
     41,2199	   0,0900115	73,6	   0,0933608	72,7
     41,2229	   0,0901572	72,9	   0,0930267	72,5
     41,2258	   0,0902316	72,0	   0,0941043	73,6
     41,2287	   0,0900557	73,5	    0,093618	73,2
     41,2317	   0,0912838	72,9	   0,0934665	73,3
     41,2346	   0,0907268	73,3	   0,0943731	73,7
     41,2375	   0,0908747	73,6	   0,0944022	73,6
     41,2405	   0,0915325	73,6	   0,0949719	73,8
     41,2434	   0,0912613	72,3	   0,0945373	72,7
     41,2463	   0,0925686	73,3	   0,0951488	73,5
     41,2493	   0,0904982	73,0	   0,0938546	72,3
     41,2522	   0,0919306	73,4	   0,0968951	73,4
     41,2551	   0,0926113	73,9	   0,0953449	75,1
     41,2581	   0,0930916	73,3	   0,0957258	73,0
      41,261	   0,0929993	74,3	    0,103121	72,1
     41,2639	   0,0926434	73,4	   0,0972456	80,3
     41,2669	   0,0924849	72,3	   0,0820559	71,8
     41,2698	   0,0923457	73,6	    0,131291	58,8
     41,2727	   0,0936458	74,0	    0,206711	75,6
     41,2757	   0,0942358	73,5	    0,246265	91,0
     41,2786	   0,0943658	74,1	     0,27097	102,6
     41,2815	    0,094232	73,6	    0,284964	111,5
     41,2845	   0,0953662	74,5	     0,29549	118,5
     41,2874	   0,0931421	73,9	    0,302313	123,7
     41,2903	   0,0942867	73,4	    0,306919	127,2
     41,2933	   0,0947711	73,8	    0,309655	130,0
     41,2962	     0,09481	74,5	     0,31219	132,4
     41,2991	   0,0953398	74,2	    0,313446	134,7
     41,3021	   0,0966667	74,0	    0,315002	136,5
      41,305	   0,0956761	73,6	    0,316686	138,0
     41,3079	   0,0958156	73,6	    0,317556	139,1
     41,3109	   0,0964264	74,0	    0,317891	140,1
     41,3138	   0,0968556	73,5	    0,318647	141,5
     41,3167	   0,0973967	73,4	    0,319245	142,7
     41,3196	   0,0970851	73,9	    0,319894	143,4
     41,3226	   0,0972046	73,8	    0,320198	144,2
     41,3255	   0,0976704	74,4	    0,320127	145,1
     41,3284	   0,0977983	73,4	    0,320403	145,8
     41,3314	   0,0983982	74,5	    0,320236	146,4
     41,3343	   0,0996323	74,3	     0,32104	146,9
     41,3372	    0,098722	74,1	     0,32092	147,6
     41,3402	   0,0992712	74,4	    0,321037	148,3
     41,3431	   0,0986599	74,0	    0,320983	148,8
      41,346	   0,0995553	74,0	    0,320871	149,5
      41,349	   0,0997934	74,9	    0,321101	149,8
     41,3519	    0,100088	74,5	     0,32112	150,4
     41,3548	    0,100039	74,2	    0,320671	150,8
     41,3578	    0,100364	74,0	    0,320571	151,3
     41,3607	   0,0999642	73,4	    0,319923	151,9
     41,3636	    0,101399	74,0	    0,319004	152,2
     41,3666	    0,102705	74,6	     0,32056	152,6
     41,3695	    0,102165	74,8	    0,320807	152,9
     41,3724	     0,10244	74,7	    0,319819	153,4
     41,3754	    0,101078	74,3	    0,319649	153,9
     41,3783	    0,101714	75,1	    0,320042	154,2
     41,3812	    0,102955	74,7	    0,320261	154,7
     41,3842	    0,104041	75,0	    0,319356	154,8
     41,3871	     0,10351	75,0	    0,319675	155,0
       41,39	    0,103177	74,4	      0,3185	155,5
      41,393	    0,103306	74,7	     0,31865	155,7
     41,3959	    0,104337	74,2	    0,318645	156,4
     41,3988	    0,105045	74,7	    0,318929	156,5
     41,4018	    0,104678	74,9	    0,318873	156,8
     41,4047	    0,105557	75,2	     0,31807	157,3
     41,4076	    0,105227	75,5	    0,318468	157,4
     41,4106	    0,106029	74,7	    0,317832	158,0
     41,4135	    0,106704	75,4	    0,317557	158,2
     41,4164	    0,107139	75,2	    0,317754	158,5
     41,4194	    0,106953	75,5	    0,317321	158,7
     41,4223	    0,106622	75,1	    0,316804	159,0
     41,4252	    0,107654	75,1	    0,315993	159,5
     41,4282	    0,107365	74,8	    0,316984	159,5
     41,4311	    0,108722	75,3	    0,316549	159,8
      41,434	    0,109245	75,4	     0,31582	160,2
      41,437	    0,108252	75,3	    0,315358	160,4
     41,4399	    0,108819	75,5	    0,314913	160,7
     41,4428	    0,110025	75,7	    0,314955	160,8
     41,4457	    0,109532	75,4	    0,315481	160,9
     41,4487	    0,110362	76,0	    0,314742	161,6
     41,4516	    0,111032	75,8	      0,3142	161,8
     41,4545	    0,110855	76,0	    0,313629	162,1
     41,4575	    0,111554	75,8	    0,314124	162,3
     41,4604	    0,111998	76,0	    0,314214	162,3
     41,4633	    0,111912	75,9	    0,313502	162,4
     41,4663	    0,112407	76,3	    0,313036	163,1
     41,4692	    0,112608	75,8	    0,312578	163,2
     41,4721	    0,113421	76,1	    0,312348	163,6
     41,4751	    0,113236	76,4	    0,312486	163,5
      41,478	    0,113954	76,3	    0,311702	163,5
     41,4809	    0,114454	76,7	    0,310104	163,9
     41,4839	    0,115036	76,4	    0,311364	164,1
     41,4868	    0,115239	76,2	    0,311406	164,3
     41,4897	    0,115391	76,2	    0,310808	164,8
     41,4927	    0,116353	76,7	    0,310808	165,0
     41,4956	    0,116549	76,8	    0,310148	165,1
     41,4985	    0,116396	76,4	    0,310401	165,3
     41,5015	    0,117356	76,9	    0,309651	165,4
     41,5044	    0,117716	76,9	    0,309025	166,3
     41,5073	    0,117935	77,1	    0,309018	166,2
     41,5103	    0,117861	77,3	    0,308418	166,4
     41,5132	    0,118777	77,1	    0,308884	166,7
     41,5161	    0,119022	76,9	    0,308302	166,9
     41,5191	    0,119425	77,1	    0,307975	167,0
      41,522	    0,120669	77,4	    0,307177	167,1
     41,5249	    0,120577	77,5	    0,306561	167,1
     41,5279	    0,121411	77,7	    0,307136	167,2
     41,5308	    0,120626	76,8	    0,306713	167,7
     41,5337	    0,122206	77,6	    0,306655	168,1
     41,5367	    0,122826	77,7	    0,305391	168,0
     41,5396	    0,123046	77,5	    0,305755	168,5
     41,5425	    0,122547	77,9	    0,305186	168,4
     41,5455	    0,123571	77,5	    0,304899	168,9
     41,5484	     0,12475	78,0	    0,304608	168,7
     41,5513	    0,123659	78,3	     0,30414	169,0
     41,5543	    0,124564	77,6	    0,304235	169,2
     41,5572	    0,124122	77,5	    0,303683	169,1
     41,5601	    0,125785	77,8	    0,303434	169,6
      41,563	    0,126685	78,3	    0,303205	169,8
      41,566	    0,124473	77,8	    0,303431	170,0
     41,5689	    0,127011	77,9	    0,302367	170,0
     41,5718	     0,12812	78,2	    0,301784	170,7
     41,5748	      0,1291	79,2	    0,300606	170,5
     41,5777	    0,129778	79,3	    0,301064	170,8
     41,5806	    0,130415	78,7	    0,300925	170,8
     41,5836	     0,13081	78,6	    0,301704	171,3
     41,5865	    0,131903	79,2	    0,300692	171,2
     41,5894	    0,132599	79,3	    0,300149	171,5
     41,5924	    0,133327	79,5	    0,299635	171,6
     41,5953	    0,133506	79,2	    0,299925	171,7
     41,5982	    0,134826	79,7	    0,299094	171,8
     41,6012	    0,135144	79,7	    0,298874	172,1
     41,6041	    0,135356	80,0	    0,299503	172,1
      41,607	    0,135904	79,5	      0,2979	172,4
       41,61	    0,137797	80,1	    0,297932	172,6
     41,6129	    0,138372	80,2	    0,298061	172,7
     41,6158	    0,138922	80,5	    0,297146	172,8
     41,6188	    0,139838	80,5	    0,297343	173,0
     41,6217	      0,1402	80,4	    0,297224	173,3
     41,6246	    0,140932	81,3	    0,295816	173,2
     41,6276	    0,141788	81,1	    0,295493	173,4
     41,6305	    0,142349	81,1	    0,295535	173,8
     41,6334	    0,142899	81,0	     0,29531	174,2
     41,6364	     0,14498	82,0	    0,294613	173,9
     41,6393	    0,144323	81,7	    0,293961	174,4
     41,6422	    0,146142	82,0	    0,295542	174,5
     41,6452	     0,14733	81,8	    0,294186	174,8
     41,6481	    0,149171	82,4	    0,293185	174,5
      41,651	    0,147982	83,6	    0,293147	174,5
      41,654	    0,150089	83,2	    0,293591	175,3
     41,6569	    0,151541	83,2	    0,293155	175,3
     41,6598	    0,154535	83,0	    0,291447	175,4
     41,6628	    0,154292	83,5	    0,290809	175,3
     41,6657	    0,156409	84,4	    0,291228	175,8
     41,6686	    0,157081	84,2	    0,291163	175,6
     41,6716	    0,160092	84,3	    0,291514	175,7
     41,6745	     0,16077	84,7	    0,290363	176,0
     41,6774	    0,162969	85,1	    0,290898	176,3
     41,6804	    0,165066	85,5	    0,289492	176,1
     41,6833	    0,167899	86,1	    0,289311	176,3
     41,6862	    0,168951	86,4	    0,289191	176,7
     41,6891	    0,172402	87,3	    0,289775	177,1
     41,6921	    0,176359	88,0	    0,287787	177,0
      41,695	     0,17844	88,6	    0,287573	177,3
     41,6979	    0,181571	89,5	    0,287576	177,2
     41,7009	    0,186116	90,8	    0,288547	177,5
     41,7038	    0,190989	91,9	    0,287082	177,3
     41,7067	    0,197084	93,8	    0,286705	177,5
     41,7097	    0,205567	97,0	     0,28735	178,0
     41,7126	    0,213701	100,3	    0,286495	178,0
     41,7155	    0,224903	104,9	    0,284791	178,1
     41,7185	    0,238987	111,2	    0,285172	178,1
     41,7214	    0,257462	122,1	    0,285663	178,7
     41,7243	    0,274605	134,6	    0,284983	178,5
     41,7273	    0,292042	149,9	    0,283846	178,7
     41,7302	    0,301704	165,9	    0,284309	178,9
     41,7331	    0,301084	179,2	    0,284645	179,3
     41,7361	    0,292313	182,7	    0,284015	179,3
      41,739	    0,284884	181,7	    0,282493	179,0
     41,7419	    0,286719	179,9	    0,283262	179,4
     41,7449	    0,285567	178,6	    0,282908	179,4
     41,7478	    0,287166	178,7	    0,281968	179,5
     41,7507	    0,286935	179,0	    0,281464	179,9
     41,7537	    0,287342	179,4	    0,282338	180,1
     41,7566	     0,28552	179,7	    0,280603	179,8
     41,7595	    0,284606	179,7	    0,280897	180,2
     41,7625	    0,284932	179,7	    0,280626	180,5
     41,7654	    0,285399	179,9	    0,280502	180,9
     41,7683	    0,283894	179,9	    0,278436	180,6
     41,7713	    0,284506	180,2	    0,279669	180,9
     41,7742	    0,284071	180,2	    0,280288	180,9
     41,7771	    0,283541	180,3	    0,278569	181,2
     41,7801	     0,28252	180,5	    0,278194	181,2
      41,783	    0,282337	180,8	    0,279417	181,3
     41,7859	    0,282487	180,9	    0,278041	181,3
     41,7889	    0,282138	181,1	    0,277997	181,5
     41,7918	    0,281385	181,1	    0,275804	181,4
     41,7947	    0,281905	181,2	    0,276533	181,8
     41,7977	    0,281366	181,3	    0,276567	181,8
     41,8006	    0,280063	181,5	    0,275345	182,1
     41,8035	    0,279992	181,6	     0,27593	182,4
     41,8064	    0,279288	181,6	    0,275824	182,5
     41,8094	    0,279633	181,8	    0,275411	182,3
     41,8123	    0,278167	181,8	    0,275112	182,7
     41,8153	    0,278837	182,0	    0,274232	182,9
     41,8182	    0,277042	182,2	    0,274793	182,6
     41,8211	    0,276533	182,5	     0,27367	183,1
      41,824	    0,276363	182,4	    0,273868	183,2
      41,827	    0,277365	182,6	     0,27328	183,2
     41,8299	     0,27575	182,7	    0,271519	183,3
     41,8328	    0,275806	182,8	    0,272374	183,6
     41,8358	    0,275571	183,1	     0,27214	183,6
     41,8387	    0,275928	183,3	    0,271156	183,7
     41,8416	    0,273475	183,4	    0,270753	183,8
     41,8446	    0,274885	183,5	    0,271128	183,9
     41,8475	     0,27455	183,3	    0,271177	184,2
     41,8504	    0,273004	183,5	    0,270171	184,1
     41,8534	    0,272049	183,5	    0,270281	184,6
     41,8563	    0,274049	183,9	    0,270319	184,9
     41,8592	    0,270521	183,9	    0,267973	184,7
     41,8622	    0,269184	183,9	    0,269631	184,9
     41,8651	    0,270416	183,9	    0,268019	184,9
      41,868	    0,269596	184,2	    0,268309	185,1
      41,871	    0,270012	184,5	     0,26714	184,8
     41,8739	    0,268992	184,6	    0,267657	185,2
     41,8768	    0,269306	184,7	    0,268022	185,4
     41,8798	    0,267882	184,9	    0,267536	185,7
     41,8827	    0,269485	185,0	    0,267104	185,7
     41,8856	    0,268179	184,9	    0,266751	185,7
     41,8886	    0,267915	185,3	    0,264557	185,5
     41,8915	    0,266913	185,2	    0,265358	185,7
     41,8944	    0,269232	185,4	    0,265624	186,1
     41,8974	    0,268925	185,7	    0,264839	186,1
     41,9003	    0,266507	185,8	    0,265091	186,3
     41,9032	    0,266307	185,8	    0,264326	186,2
     41,9062	    0,266957	186,2	    0,264153	186,3
     41,9091	    0,266635	185,9	     0,26425	186,3
      41,912	    0,265143	185,9	     0,26347	186,8
      41,915	    0,266984	186,5	    0,262765	186,8
     41,9179	    0,262986	186,6	    0,262336	186,8
     41,9208	    0,263089	186,4	    0,262632	187,3
     41,9238	    0,265316	186,4	    0,262674	187,2
     41,9267	    0,263532	186,7	    0,261113	187,0
     41,9296	    0,262664	186,6	    0,261442	187,6
     41,9326	    0,263761	186,7	    0,260886	187,6
     41,9355	    0,264085	187,0	    0,260358	187,7
     41,9384	    0,261882	187,1	    0,260256	187,8
     41,9413	     0,26152	186,8	    0,259149	187,9
     41,9443	    0,262487	187,4	    0,259668	188,1
     41,9472	    0,259844	187,3	    0,259652	188,3
     41,9501	    0,259897	187,5	    0,258931	188,7
     41,9531	    0,262098	187,8	     0,25915	188,4
      41,956	    0,258712	187,7	    0,258605	188,4
     41,9589	    0,259022	188,0	    0,258176	188,7
     41,9619	    0,260798	188,1	    0,257364	188,8
     41,9648	    0,258813	188,5	    0,257022	188,7
     41,9677	    0,258543	188,2	    0,257115	189,1
     41,9707	     0,25925	188,5	    0,256232	189,1
     41,9736	     0,25831	188,9	    0,256184	188,9
     41,9765	    0,257078	188,8	     0,25679	189,7
     41,9795	     0,25783	188,8	    0,255978	189,4
     41,9824	    0,256674	189,0	    0,255263	189,4
     41,9853	    0,256375	188,7	    0,254669	189,4
     41,9883	    0,256815	189,1	    0,254372	189,7
     41,9912	    0,255987	189,5	    0,254219	189,6
     41,9941	    0,253962	189,2	    0,255272	189,7
     41,9971	    0,256474	189,5	    0,253465	190,3
          42	    0,255349	189,7	    0,253036	190,0
     42,0029	     0,25399	189,6	     0,25282	190,2
     42,0059	    0,254202	189,7	    0,253351	190,2
     42,0088	    0,254064	190,1	    0,252854	190,6
     42,0117	    0,251972	189,8	    0,251673	190,3
     42,0147	    0,254374	190,2	    0,251743	190,8
     42,0176	    0,252569	190,3	      0,2512	190,7
     42,0205	    0,249855	190,3	    0,251121	190,6
     42,0235	    0,251848	190,3	    0,250587	191,0
     42,0264	    0,251462	190,8	    0,250065	190,8
     42,0293	    0,249174	190,5	    0,250938	190,9
     42,0323	    0,250586	190,6	    0,250032	191,4
     42,0352	    0,250306	191,0	    0,251605	191,5
     42,0381	    0,249655	190,9	    0,249656	191,6
     42,0411	     0,25057	190,9	    0,248052	191,5
      42,044	    0,248908	191,1	    0,248739	191,8
     42,0469	     0,24842	191,1	    0,248586	191,8
     42,0499	    0,249659	191,6	    0,249411	192,0
     42,0528	    0,247065	191,7	    0,247526	191,9
     42,0557	    0,247779	191,4	    0,248058	192,0
     42,0587	    0,248164	191,8	    0,246103	192,3
     42,0616	     0,24565	191,8	    0,247049	192,3
     42,0645	    0,246936	191,8	    0,245918	192,7
     42,0674	    0,246416	192,3	     0,24563	192,6
     42,0704	    0,244729	191,9	    0,245522	192,3
     42,0733	    0,244259	192,0	    0,246298	192,8
     42,0762	    0,244513	192,6	    0,246261	192,9
     42,0792	    0,243009	192,4	    0,243226	192,8
     42,0821	    0,244225	192,4	    0,244568	193,2
      42,085	    0,244339	192,9	    0,243847	193,1
      42,088	    0,242502	192,7	    0,244584	193,4
     42,0909	    0,242031	192,8	    0,244043	193,5
     42,0938	    0,241485	193,0	    0,243209	193,2
     42,0968	    0,241531	193,1	    0,243268	193,6
     42,0997	    0,242298	193,2	    0,242883	193,8
     42,1026	    0,240227	193,2	    0,242771	193,7
     42,1056	    0,242227	193,3	     0,24146	193,8
     42,1085	    0,242235	193,6	    0,242222	194,0
     42,1114	    0,240253	193,4	      0,2414	194,1
     42,1144	    0,239912	193,5	    0,241101	194,2
     42,1173	    0,240238	194,0	    0,241502	194,3
     42,1202	    0,239532	193,7	    0,241079	194,4
     42,1232	    0,238343	193,9	    0,240571	194,4
     42,1261	    0,238939	194,4	    0,240007	194,7
      42,129	    0,238555	194,2	    0,240103	194,6
      42,132	    0,238767	194,4	    0,238925	194,8
     42,1349	    0,236549	194,4	    0,238285	194,8
     42,1378	    0,237652	194,7	    0,237938	195,0
     42,1408	    0,237446	194,8	    0,236868	195,2
     42,1437	    0,235703	194,6	    0,237267	195,6
     42,1466	    0,236327	194,7	    0,236762	195,5
     42,1496	    0,235699	194,6	    0,236396	195,5
     42,1525	    0,234827	195,1	    0,237027	195,5
     42,1554	    0,234908	194,8	    0,235916	195,9
     42,1584	    0,233566	194,9	    0,235734	196,0
     42,1613	    0,233864	194,9	     0,23468	195,9
     42,1642	    0,235105	195,3	    0,234468	196,1
     42,1672	    0,234093	195,2	    0,235218	196,1
     42,1701	    0,233602	195,5	    0,234909	196,2
      42,173	     0,23374	195,6	    0,234088	196,4
      42,176	    0,233294	195,5	    0,234479	196,2
     42,1789	    0,232327	195,9	    0,233827	196,3
     42,1818	    0,232825	195,9	    0,232278	197,0
     42,1847	    0,232282	195,7	    0,232491	196,7
     42,1877	    0,232506	196,2	    0,231006	196,8
     42,1906	    0,230388	196,2	    0,231516	197,0
     42,1936	    0,229217	196,3	    0,230404	196,9
     42,1965	    0,230452	196,3	     0,23053	197,1
     42,1994	    0,230741	196,5	    0,230596	196,9
     42,2023	    0,229054	196,6	    0,229864	197,5
     42,2053	    0,227254	196,8	    0,230034	197,4
     42,2082	    0,228295	196,9	    0,229524	197,3
     42,2111	    0,228634	196,7	     0,22848	197,3
     42,2141	    0,227452	197,2	    0,229191	197,4
      42,217	    0,226853	197,1	    0,228702	197,5
     42,2199	     0,22724	197,3	    0,227839	197,9
     42,2229	    0,226855	197,2	    0,228214	197,8
     42,2258	    0,226861	197,4	    0,227222	198,2
     42,2287	    0,225793	197,6	    0,227913	198,0
     42,2317	    0,226361	197,4	    0,227121	197,8
     42,2346	    0,224857	197,6	    0,225833	198,3
     42,2375	    0,225012	197,6	    0,226046	198,2
     42,2405	    0,224817	197,8	    0,225372	198,4
     42,2434	    0,224759	198,1	    0,226706	198,7
     42,2463	    0,223733	197,9	    0,225591	198,6
     42,2493	    0,224503	198,3	    0,223516	199,1
     42,2522	    0,222937	198,0	    0,225183	199,0
     42,2551	    0,222821	198,2	    0,222963	199,3
     42,2581	    0,222922	198,7	    0,224578	199,2
      42,261	    0,222969	198,6	    0,223286	199,0
     42,2639	    0,222715	198,7	    0,222711	199,7
     42,2669	    0,221462	198,8	    0,223065	199,3
     42,2698	    0,221532	198,9	    0,221695	199,5
     42,2727	    0,221193	199,1	     0,22163	199,4
     42,2757	    0,219781	199,3	    0,222093	199,6
     42,2786	    0,220599	199,2	    0,220638	199,8
     42,2815	    0,220242	199,4	    0,220659	199,9
     42,2845	    0,219283	199,2	    0,220502	199,9
     42,2874	    0,219215	199,4	    0,220609	199,9
     42,2903	    0,218464	199,2	    0,219958	199,9
     42,2933	    0,219461	199,6	    0,218137	-159,7
     42,2962	    0,218304	199,6	    0,219641	-160,0
     42,2991	    0,218028	199,7	    0,217685	-159,6
     42,3021	    0,217707	199,9	    0,218126	-159,4
      42,305	    0,216605	199,7	    0,217547	-159,6
     42,3079	    0,217856	-159,8	    0,217819	-159,2
     42,3109	    0,216199	-159,9	    0,216966	-159,1
     42,3138	    0,215806	-159,6	    0,216441	-158,9
     42,3167	    0,216805	-159,5	    0,216858	-159,2
     42,3196	    0,216277	-159,4	    0,215632	-158,8
     42,3226	    0,215671	-159,2	    0,215431	-158,6
     42,3255	    0,213942	-159,4	    0,215705	-159,0
     42,3284	    0,214709	-159,1	    0,214859	-158,6
     42,3314	    0,214299	-159,1	    0,215637	-158,5
     42,3343	    0,212987	-159,4	    0,214787	-158,7
     42,3372	    0,213336	-159,0	     0,21434	-158,5
     42,3402	    0,213252	-159,1	    0,214067	-158,6
     42,3431	    0,212925	-158,8	    0,214112	-158,2
      42,346	    0,210802	-159,1	    0,214533	-158,3
      42,349	    0,212325	-158,7	    0,212138	-158,2
     42,3519	    0,212391	-158,5	    0,213466	-157,9
     42,3548	    0,211887	-158,2	     0,21204	-157,9
     42,3578	    0,210958	-158,1	     0,21236	-157,7
     42,3607	    0,210621	-158,3	    0,211954	-157,6
     42,3636	    0,210485	-158,1	    0,210985	-157,4
     42,3666	    0,209639	-158,4	    0,210513	-157,9
     42,3695	    0,209499	-158,1	    0,209488	-157,4
     42,3724	    0,208106	-157,9	    0,210896	-157,4
     42,3754	     0,20907	-158,0	    0,209029	-157,7
     42,3783	    0,208733	-157,8	    0,209558	-157,2
     42,3812	    0,207634	-158,0	    0,209419	-157,4
     42,3842	    0,208374	-157,6	    0,208342	-157,4
     42,3871	    0,206555	-157,5	     0,20878	-157,0
       42,39	    0,208048	-157,1	     0,20618	-156,8
      42,393	     0,20588	-157,2	    0,208348	-156,5
     42,3959	    0,206596	-157,3	    0,207011	-156,8
     42,3988	    0,206455	-157,0	    0,206256	-156,5
     42,4018	    0,205308	-157,3	    0,206475	-156,6
     42,4047	    0,206608	-156,7	    0,205151	-156,1
     42,4076	    0,204317	-157,0	    0,205402	-156,6
     42,4106	    0,204781	-156,8	    0,204826	-156,3
     42,4135	    0,204114	-156,9	    0,205448	-156,2
     42,4164	    0,204939	-156,4	    0,203868	-156,2
     42,4194	    0,204097	-156,5	    0,204882	-155,9
     42,4223	    0,203398	-156,5	    0,203844	-156,0
     42,4252	    0,202405	-156,0	    0,204115	-155,7
     42,4282	    0,202627	-156,3	    0,204041	-155,9
     42,4311	     0,20259	-155,9	    0,202759	-155,7
      42,434	    0,201323	-156,2	    0,204045	-155,5
      42,437	     0,20215	-155,9	    0,202376	-155,6
     42,4399	    0,201249	-156,0	    0,202706	-155,7
     42,4428	    0,201911	-155,8	    0,201808	-155,5
     42,4457	    0,200916	-155,8	    0,201423	-155,3
     42,4487	    0,199783	-156,1	    0,200563	-155,3
     42,4516	    0,200117	-155,4	    0,199821	-154,9
     42,4545	    0,199387	-155,5	    0,200643	-155,1
     42,4575	    0,199632	-155,2	    0,199068	-155,0
     42,4604	    0,199698	-155,0	    0,200586	-154,7
     42,4633	    0,199938	-155,1	    0,198681	-154,5
     42,4663	    0,197116	-155,3	    0,198707	-154,4
     42,4692	    0,197216	-155,1	    0,199103	-154,5
     42,4721	    0,197663	-154,8	    0,197301	-154,5
     42,4751	    0,196942	-155,3	    0,197615	-154,5
      42,478	    0,196661	-154,8	    0,197304	-154,2
     42,4809	    0,196719	-154,7	    0,196557	-154,4
     42,4839	    0,196287	-154,4	    0,195779	-154,3
     42,4868	    0,196387	-154,4	    0,196276	-154,2
     42,4897	    0,196814	-154,2	    0,194996	-153,9
     42,4927	    0,194525	-154,4	    0,195478	-153,8
     42,4956	    0,195682	-154,1	    0,195132	-153,7
     42,4985	    0,195338	-154,2	    0,195029	-153,5
     42,5015	    0,195072	-154,1	    0,194821	-153,9
     42,5044	    0,193582	-153,9	     0,19407	-153,3
     42,5073	    0,194357	-153,6	    0,194452	-154,0
     42,5103	    0,194009	-153,7	    0,193007	-153,0
     42,5132	    0,192701	-153,6	    0,193659	-153,5
     42,5161	    0,192936	-153,6	    0,193259	-153,3
     42,5191	    0,192483	-153,5	    0,193405	-152,9
      42,522	    0,193372	-153,5	    0,193197	-152,9
     42,5249	    0,192418	-153,6	    0,191942	-153,3
     42,5279	    0,191987	-153,4	    0,190799	-153,1
     42,5308	    0,190552	-153,2	    0,191516	-152,6
     42,5337	    0,191756	-153,2	    0,190463	-153,2
     42,5367	    0,190615	-152,9	    0,190486	-152,4
     42,5396	    0,190285	-152,8	    0,189926	-152,7
     42,5425	     0,18885	-153,2	    0,190311	-152,0
     42,5455	    0,189208	-152,9	    0,190126	-152,6
     42,5484	    0,188549	-152,7	    0,189336	-152,0
     42,5513	    0,188449	-153,0	     0,18912	-152,4
     42,5543	    0,188175	-152,7	    0,188754	-152,0
     42,5572	    0,187771	-152,6	     0,18837	-152,4
     42,5601	    0,188449	-152,4	    0,186746	-152,3
      42,563	     0,18609	-152,5	     0,18796	-152,0
      42,566	    0,187717	-152,2	    0,187266	-151,4
     42,5689	    0,185914	-152,3	    0,187335	-151,9
     42,5718	    0,186761	-152,1	    0,185581	-151,7
     42,5748	    0,185156	-152,2	    0,186355	-151,6
     42,5777	    0,186936	-151,9	    0,185681	-151,7
     42,5806	    0,185306	-151,7	    0,185203	-151,4
     42,5836	     0,18525	-151,8	     0,18581	-151,5
     42,5865	    0,184095	-151,7	    0,184955	-151,4
     42,5894	    0,183229	-151,7	    0,185123	-151,2
     42,5924	    0,182811	-151,7	    0,183282	-151,0
     42,5953	    0,183343	-151,5	    0,183297	-151,3
     42,5982	    0,183153	-151,5	    0,182703	-150,7
     42,6012	    0,182943	-151,3	    0,182674	-151,1
     42,6041	    0,182748	-151,1	    0,182059	-150,8
      42,607	    0,183477	-151,0	    0,182191	-150,8
       42,61	    0,182115	-150,9	    0,182207	-150,4
     42,6129	    0,181457	-151,0	     0,18282	-150,7
     42,6158	    0,181174	-151,1	    0,181272	-150,3
     42,6188	    0,181921	-150,8	    0,181195	-150,6
     42,6217	    0,181073	-150,8	    0,180856	-150,2
     42,6246	     0,17919	-150,9	    0,181053	-150,3
     42,6276	     0,18059	-150,3	    0,180696	-150,3
     42,6305	    0,180175	-150,4	     0,18029	-150,3
     42,6334	    0,180298	-150,2	    0,178866	-149,9
     42,6364	    0,180005	-150,4	    0,179355	-150,3
     42,6393	    0,178729	-150,3	    0,177951	-149,7
     42,6422	    0,179103	-150,3	    0,179705	-150,0
     42,6452	     0,17846	-150,0	    0,177809	-149,8
     42,6481	    0,176625	-150,0	    0,176844	-149,7
      42,651	    0,176946	-149,8	    0,176542	-149,8
      42,654	    0,176791	-150,2	    0,177606	-149,4
     42,6569	    0,176453	-149,9	    0,175423	-149,0
     42,6598	    0,176738	-149,8	    0,177088	-149,5
     42,6628	    0,176613	-149,6	    0,175229	-149,2
     42,6657	    0,174802	-149,8	    0,175649	-149,4
     42,6686	    0,175212	-149,4	    0,175684	-149,4
     42,6716	    0,174142	-149,7	    0,175069	-149,3
     42,6745	    0,173633	-149,4	    0,174314	-148,7
     42,6774	    0,173735	-149,4	    0,174612	-149,0
     42,6804	    0,174268	-149,3	    0,174236	-149,0
     42,6833	    0,173212	-149,3	    0,174725	-149,0
     42,6862	    0,172918	-148,9	    0,173647	-149,0
     42,6891	    0,172832	-148,8	    0,173617	-148,7
     42,6921	    0,172029	-148,8	    0,173438	-148,2
      42,695	    0,171585	-149,2	    0,173791	-148,2
     42,6979	    0,171806	-149,0	    0,173022	-148,3
     42,7009	      0,1714	-149,0	    0,172717	-148,5
     42,7038	    0,170733	-148,5	    0,172195	-148,3
     42,7067	    0,170864	-148,2	    0,172416	-148,2
     42,7097	    0,170143	-148,6	    0,171603	-148,3
     42,7126	    0,170357	-148,4	    0,171569	-148,0
     42,7155	    0,169525	-148,2	     0,16993	-147,7
     42,7185	    0,169153	-148,2	       0,171	-147,8
     42,7214	     0,16827	-148,0	    0,169797	-147,9
     42,7243	    0,168588	-148,1	    0,170359	-147,8
     42,7273	    0,168338	-147,8	    0,168352	-147,4
     42,7302	    0,168156	-147,8	    0,169412	-147,2
     42,7331	    0,166948	-147,9	    0,167945	-147,5
     42,7361	    0,168209	-147,6	    0,168474	-147,4
      42,739	    0,167087	-147,6	    0,166719	-147,3
     42,7419	    0,167162	-147,4	    0,166913	-147,0
     42,7449	    0,166848	-147,7	    0,166383	-147,3
     42,7478	    0,166926	-147,7	    0,166975	-147,1
     42,7507	    0,166966	-147,4	    0,166071	-146,8
     42,7537	    0,166135	-147,5	    0,166885	-146,7
     42,7566	    0,164962	-147,3	    0,166037	-147,2
     42,7595	    0,165811	-147,1	    0,166197	-146,7
     42,7625	     0,16548	-147,0	    0,164547	-146,9
     42,7654	    0,163976	-147,0	    0,165704	-146,6
     42,7683	    0,163356	-147,0	    0,164654	-146,8
     42,7713	     0,16321	-146,8	    0,164087	-146,6
     42,7742	    0,162998	-146,7	    0,163312	-146,7
     42,7771	    0,163447	-146,6	    0,163734	-146,6
     42,7801	    0,163416	-146,6	     0,16369	-146,3
      42,783	    0,162349	-146,8	    0,161873	-146,0
     42,7859	    0,161582	-146,7	    0,162969	-146,1
     42,7889	    0,161179	-146,3	    0,162179	-145,8
     42,7918	    0,161762	-146,3	    0,163248	-146,1
     42,7947	    0,160733	-146,5	    0,161288	-146,0
     42,7977	    0,161596	-146,3	    0,162176	-145,7
     42,8006	    0,160252	-146,5	    0,160711	-145,5
     42,8035	    0,161037	-146,0	    0,160865	-145,7
     42,8064	    0,159165	-146,0	     0,15979	-146,1
     42,8094	    0,159696	-146,0	    0,160174	-145,4
     42,8123	    0,159659	-145,9	    0,159602	-145,4
     42,8153	    0,158626	-145,8	    0,159465	-145,3
     42,8182	    0,157509	-146,0	    0,158841	-145,7
     42,8211	    0,158229	-145,6	    0,158602	-145,7
      42,824	    0,157262	-145,6	     0,15883	-145,4
      42,827	    0,156126	-145,8	    0,157906	-144,8
     42,8299	    0,157859	-145,4	    0,157952	-145,0
     42,8328	    0,156487	-145,6	    0,156378	-144,9
     42,8358	    0,157112	-145,2	    0,157113	-145,0
     42,8387	    0,154884	-145,6	    0,156005	-145,2
     42,8416	    0,156432	-145,3	    0,156953	-144,7
     42,8446	    0,154517	-145,2	    0,155391	-144,9
     42,8475	    0,155569	-145,2	    0,155807	-144,4
     42,8504	    0,155349	-144,8	    0,155091	-145,0
     42,8534	     0,15535	-144,6	    0,155706	-144,4
     42,8563	    0,154282	-144,9	    0,155267	-144,4
     42,8592	    0,154595	-145,0	    0,154081	-144,1
     42,8622	    0,153801	-144,5	    0,154953	-144,3
     42,8651	    0,152751	-144,7	     0,15395	-144,3
      42,868	    0,154254	-144,5	    0,154663	-144,2
      42,871	    0,151752	-144,8	    0,152931	-144,5
     42,8739	    0,153201	-144,5	    0,153537	-143,6
     42,8768	    0,152273	-144,4	    0,153107	-144,3
     42,8798	    0,152429	-144,1	    0,153312	-143,8
     42,8827	    0,151048	-144,0	    0,151812	-144,2
     42,8856	    0,151237	-144,2	    0,151299	-143,6
     42,8886	    0,151235	-144,0	    0,151604	-143,6
     42,8915	    0,149607	-144,1	    0,151083	-143,1
     42,8944	    0,150237	-144,1	    0,152891	-143,6
     42,8974	    0,150592	-143,9	    0,150641	-143,7
     42,9003	    0,150629	-143,8	     0,15191	-143,5
     42,9032	    0,148697	-144,2	     0,15164	-143,2
     42,9062	    0,148671	-143,7	    0,151081	-142,9
     42,9091	    0,148486	-143,4	    0,151008	-143,5
      42,912	    0,147848	-143,4	    0,149812	-143,0
      42,915	    0,148169	-143,5	    0,150477	-143,1
     42,9179	    0,147249	-143,6	    0,150026	-143,0
     42,9208	    0,148685	-143,3	    0,150071	-143,0
     42,9238	    0,146621	-143,2	    0,148347	-143,1
     42,9267	    0,147436	-143,1	    0,148651	-142,8
     42,9296	    0,147637	-143,3	    0,147304	-142,5
     42,9326	    0,147305	-143,2	     0,14825	-142,3
     42,9355	    0,146541	-142,7	    0,148848	-142,9
     42,9384	    0,146029	-142,8	    0,146994	-142,4
     42,9413	    0,146789	-142,8	    0,147461	-142,7
     42,9443	    0,145235	-143,2	    0,145537	-142,7
     42,9472	    0,145449	-142,7	    0,146625	-142,5
     42,9501	     0,14371	-142,9	    0,147013	-142,5
     42,9531	    0,144657	-142,7	    0,146417	-142,4
      42,956	    0,143915	-142,6	    0,146309	-142,2
     42,9589	    0,142633	-142,8	    0,144833	-142,0
     42,9619	     0,14443	-142,2	     0,14581	-142,3
     42,9648	    0,142355	-142,5	    0,143764	-142,3
     42,9677	    0,143918	-142,3	     0,14482	-141,8
     42,9707	    0,141964	-142,4	    0,143934	-141,8
     42,9736	    0,142433	-142,2	    0,142829	-141,7
     42,9765	     0,14188	-141,9	    0,143787	-141,8
     42,9795	    0,141948	-141,9	    0,142519	-141,6
     42,9824	    0,140999	-141,9	     0,14348	-141,7
     42,9853	    0,140325	-142,2	    0,143011	-141,6
     42,9883	    0,141093	-141,6	    0,142274	-141,3
     42,9912	    0,139865	-141,7	    0,142195	-141,6
     42,9941	    0,140589	-141,7	    0,141583	-141,3
     42,9971	    0,138769	-141,9	     0,14172	-141,2
          43	    0,139516	-141,7	    0,140576	-141,5
     43,0029	     0,13988	-141,4	     0,14111	-141,0
     43,0059	    0,138564	-141,5	    0,138843	-141,3
     43,0088	    0,139445	-141,5	    0,140114	-141,0
     43,0117	    0,139191	-141,5	    0,138875	-141,0
     43,0147	    0,139096	-141,4	    0,138768	-141,1
     43,0176	    0,138876	-141,2	    0,140193	-141,1
     43,0205	    0,137178	-141,5	    0,137915	-140,9
     43,0235	    0,138157	-141,2	     0,13917	-140,6
     43,0264	     0,13716	-141,3	    0,138212	-140,9
     43,0293	     0,13617	-140,9	    0,137403	-140,6
     43,0323	    0,136158	-140,8	    0,138098	-140,5
     43,0352	    0,135216	-141,0	    0,137138	-140,1
     43,0381	    0,136099	-140,8	    0,137778	-140,6
     43,0411	    0,134823	-140,9	    0,136411	-140,5
      43,044	    0,135188	-140,8	    0,136447	-140,0
     43,0469	    0,134537	-140,6	    0,136917	-140,4
     43,0499	     0,13496	-140,8	    0,135617	-140,8
     43,0528	     0,13442	-140,4	    0,136333	-140,4
     43,0557	    0,133166	-140,7	    0,135589	-140,1
     43,0587	    0,133427	-140,4	    0,134864	-139,8
     43,0616	    0,133921	-140,2	    0,135719	-140,2
     43,0645	    0,132614	-140,1	     0,13487	-140,0
     43,0674	     0,13295	-140,3	    0,134232	-140,1
     43,0704	    0,131838	-140,3	    0,134523	-139,9
     43,0733	    0,132057	-140,0	    0,133214	-139,6
     43,0762	     0,13153	-140,2	    0,134283	-139,9
     43,0792	    0,131596	-140,1	    0,132576	-139,7
     43,0821	    0,131745	-140,0	    0,132918	-139,4
      43,085	    0,131688	-139,8	    0,133201	-139,8
      43,088	    0,131151	-139,7	    0,131861	-139,9
     43,0909	    0,130361	-139,9	    0,132317	-140,1
     43,0938	    0,129832	-139,8	    0,131825	-139,3
     43,0968	    0,129754	-139,5	    0,130839	-139,3
     43,0997	     0,12898	-139,7	    0,131041	-139,5
     43,1026	    0,130255	-139,6	    0,129927	-139,1
     43,1056	    0,128901	-139,7	    0,130641	-139,6
     43,1085	    0,128445	-139,4	    0,130482	-139,3
     43,1114	    0,128608	-139,3	    0,128946	-138,8
     43,1144	    0,127948	-139,6	    0,129851	-139,1
     43,1173	    0,127998	-139,4	     0,12893	-138,7
     43,1202	    0,127726	-139,1	    0,129404	-139,2
     43,1232	    0,126213	-139,5	     0,12922	-139,0
     43,1261	    0,128454	-139,1	    0,128223	-138,9
      43,129	    0,127856	-139,1	    0,128647	-139,3
      43,132	    0,127101	-139,3	    0,128003	-138,8
     43,1349	    0,127221	-138,9	    0,127654	-138,7
     43,1378	    0,126174	-138,9	    0,127388	-139,3
     43,1408	    0,126497	-139,0	    0,126007	-138,5
     43,1437	    0,124875	-138,7	    0,126919	-139,2
     43,1466	    0,125087	-139,0	    0,126576	-138,4
     43,1496	    0,125423	-139,0	    0,125374	-138,4
     43,1525	    0,124549	-138,8	    0,125688	-138,9
     43,1554	    0,125056	-138,5	    0,124253	-138,6
     43,1584	    0,125068	-138,5	    0,124378	-138,2
     43,1613	    0,123632	-138,5	    0,124152	-138,8
     43,1642	    0,124302	-138,4	    0,124801	-138,0
     43,1672	    0,124568	-138,4	     0,12447	-138,6
     43,1701	    0,122806	-138,5	    0,123794	-138,0
      43,173	    0,124081	-138,1	    0,122832	-138,1
      43,176	    0,122649	-138,3	     0,12361	-138,8
     43,1789	    0,122572	-138,3	    0,124415	-138,0
     43,1818	    0,123434	-138,1	    0,122166	-138,5
     43,1847	    0,122375	-138,1	    0,123007	-138,4
     43,1877	    0,122479	-138,2	    0,121784	-137,7
     43,1906	    0,121935	-138,3	    0,121557	-138,4
     43,1936	    0,121265	-138,0	    0,122138	-138,6
     43,1965	    0,121657	-138,2	    0,120699	-137,9
     43,1994	    0,121579	-137,9	    0,120616	-138,2
     43,2023	    0,121384	-137,9	    0,121488	-138,0
     43,2053	    0,120782	-137,5	    0,119004	-138,2
     43,2082	    0,120573	-137,7	    0,120452	-138,2
     43,2111	    0,120055	-137,8	    0,120202	-137,3
     43,2141	    0,119791	-137,4	    0,119509	-137,8
      43,217	    0,119871	-137,7	    0,119688	-138,4
     43,2199	    0,119749	-137,5	    0,118366	-137,1
     43,2229	    0,118648	-137,4	    0,118569	-138,1
     43,2258	    0,118662	-137,6	    0,119735	-137,7
     43,2287	    0,118364	-137,0	    0,117884	-137,0
     43,2317	    0,117373	-137,5	     0,11794	-138,0
     43,2346	    0,117305	-137,3	    0,117888	-137,8
     43,2375	    0,117682	-137,0	    0,116433	-137,1
     43,2405	    0,116079	-137,0	    0,117588	-137,8
     43,2434	     0,11719	-137,1	    0,117011	-137,2
     43,2463	    0,116889	-136,7	    0,115765	-137,8
     43,2493	    0,115443	-137,1	    0,117142	-137,5
     43,2522	    0,116455	-136,9	    0,116014	-137,1
     43,2551	    0,115252	-137,0	    0,115051	-137,7
     43,2581	    0,114749	-136,7	    0,115639	-138,0
      43,261	    0,115886	-136,9	    0,114108	-137,0
     43,2639	    0,115316	-136,6	    0,113972	-137,8
     43,2669	    0,114771	-136,6	    0,115237	-137,8
     43,2698	    0,115037	-136,6	    0,115041	-136,2
     43,2727	     0,11415	-136,7	    0,114298	-137,7
     43,2757	    0,113987	-136,6	    0,114016	-137,1
     43,2786	    0,114159	-136,3	    0,112514	-136,1
     43,2815	    0,113049	-136,7	    0,113134	-136,8
     43,2845	    0,113402	-136,3	    0,113371	-136,5
     43,2874	     0,11369	-136,5	    0,112468	-136,1
     43,2903	    0,112724	-136,2	    0,111925	-137,5
     43,2933	    0,113184	-136,3	    0,111689	-137,5
     43,2962	    0,112963	-136,1	    0,111443	-136,1
     43,2991	    0,111555	-136,5	    0,111822	-137,3
     43,3021	    0,111686	-136,0	    0,110838	-136,2
      43,305	    0,111883	-135,8	    0,109656	-136,9
     43,3079	    0,110726	-136,2	    0,110311	-137,4
     43,3109	    0,111404	-136,2	    0,110644	-136,2
     43,3138	    0,111199	-135,8	    0,108619	-137,0
     43,3167	    0,110029	-135,8	     0,10954	-137,3
     43,3196	    0,110868	-136,0	    0,110219	-136,4
     43,3226	    0,110635	-135,7	    0,109345	-136,3
     43,3255	    0,109231	-135,9	    0,108958	-137,0
     43,3284	    0,109104	-135,9	    0,108571	-135,8
     43,3314	    0,109252	-135,7	     0,10833	-136,5
     43,3343	     0,10847	-135,7	     0,10819	-137,3
     43,3372	     0,10881	-135,7	    0,109038	-135,9
     43,3402	    0,109322	-135,4	    0,107424	-135,9
     43,3431	    0,108737	-135,5	    0,107012	-136,8
      43,346	    0,109073	-135,6	    0,107791	-135,8
      43,349	      0,1083	-135,4	    0,106763	-136,4
     43,3519	    0,108211	-135,6	    0,106802	-137,2
     43,3548	    0,108216	-135,4	    0,106701	-135,8
     43,3578	    0,107238	-135,3	    0,106372	-135,6
     43,3607	    0,106722	-135,4	    0,106431	-136,8
     43,3636	    0,107161	-135,6	    0,105916	-135,3
     43,3666	    0,107403	-135,1	     0,10538	-135,3
     43,3695	     0,10629	-135,1	    0,105447	-136,8
     43,3724	    0,106583	-135,3	    0,105422	-136,1
     43,3754	    0,106472	-134,9	    0,105358	-135,4
     43,3783	    0,105493	-134,9	    0,104461	-136,7
     43,3812	     0,10574	-135,2	    0,104709	-136,2
     43,3842	    0,105165	-135,0	    0,104719	-135,4
     43,3871	    0,104669	-134,6	    0,102949	-136,0
       43,39	    0,104966	-135,3	    0,103118	-136,4
      43,393	    0,105238	-134,9	    0,103403	-135,4
     43,3959	    0,104418	-134,6	    0,101631	-136,1
     43,3988	    0,103909	-135,0	    0,102516	-136,4
     43,4018	    0,104353	-134,7	    0,102494	-135,2
     43,4047	    0,104282	-134,6	    0,101994	-136,6
     43,4076	     0,10359	-135,0	    0,101639	-136,1
     43,4106	    0,103648	-134,7	    0,101888	-135,2
     43,4135	    0,102907	-134,4	    0,101536	-134,7
     43,4164	     0,10229	-134,5	    0,101399	-135,8
     43,4194	    0,102907	-134,6	    0,101852	-134,9
     43,4223	    0,102227	-134,2	    0,101434	-135,2
     43,4252	     0,10196	-134,4	   0,0999449	-136,2
     43,4282	    0,101829	-134,5	   0,0994306	-135,8
     43,4311	    0,101318	-134,1	   0,0995761	-135,3
      43,434	    0,101738	-134,3	   0,0990882	-136,5
      43,437	    0,101267	-134,3	   0,0998974	-135,8
     43,4399	    0,101129	-134,5	   0,0995674	-135,2
     43,4428	    0,100612	-134,3	   0,0986199	-135,8
     43,4457	    0,100393	-134,4	   0,0987921	-135,5
     43,4487	    0,100148	-134,0	   0,0994874	-135,1
     43,4516	    0,100163	-134,2	   0,0979198	-134,7
     43,4545	    0,100091	-134,1	   0,0975707	-136,2
     43,4575	   0,0993124	-134,2	   0,0982873	-135,4
     43,4604	   0,0995638	-134,0	   0,0979277	-134,5
     43,4633	   0,0994866	-134,1	   0,0959699	-136,5
     43,4663	   0,0989554	-133,8	   0,0972563	-135,0
     43,4692	   0,0989422	-134,1	   0,0966584	-135,2
     43,4721	   0,0986235	-133,6	   0,0963727	-134,6
     43,4751	   0,0981108	-134,3	   0,0962982	-134,6
      43,478	   0,0983134	-134,0	   0,0967433	-134,8
     43,4809	   0,0977729	-133,4	   0,0960459	-135,2
     43,4839	    0,097818	-134,2	   0,0947511	-135,5
     43,4868	   0,0975934	-134,3	   0,0959961	-135,1
     43,4897	   0,0974675	-133,6	   0,0958427	-133,7
     43,4927	   0,0971118	-133,9	   0,0940493	-135,3
     43,4956	   0,0967932	-134,2	   0,0950939	-134,2
     43,4985	   0,0968349	-133,4	   0,0949714	-133,8
     43,5015	   0,0965715	-134,0	   0,0931323	-135,2
     43,5044	   0,0957553	-134,4	   0,0931233	-135,7
     43,5073	   0,0958353	-133,6	   0,0946978	-134,4
     43,5103	   0,0960374	-133,5	   0,0932947	-134,2
     43,5132	   0,0958742	-133,3	   0,0916972	-135,5
     43,5161	   0,0951444	-133,7	   0,0919122	-134,1
     43,5191	   0,0953902	-133,2	   0,0934817	-134,2
      43,522	   0,0947585	-133,1	   0,0917395	-135,3
     43,5249	   0,0945197	-133,5	   0,0914603	-133,9
     43,5279	   0,0944785	-133,6	    0,092246	-134,0
     43,5308	   0,0943114	-133,0	   0,0914898	-134,3
     43,5337	     0,09383	-133,8	   0,0913059	-133,9
     43,5367	   0,0940121	-133,8	   0,0923229	-133,2
     43,5396	   0,0936322	-133,7	   0,0908899	-134,6
     43,5425	   0,0928959	-133,6	   0,0908603	-133,7
     43,5455	   0,0932064	-133,8	   0,0903044	-133,7
     43,5484	   0,0930694	-133,2	   0,0899466	-133,7
     43,5513	   0,0923311	-132,7	   0,0900343	-133,6
     43,5543	   0,0926007	-133,5	   0,0892189	-134,0
     43,5572	   0,0925707	-133,0	   0,0891608	-133,1
     43,5601	    0,091782	-132,6	   0,0894361	-134,0
      43,563	   0,0917869	-133,0	   0,0878267	-133,6
      43,566	   0,0917721	-133,6	   0,0886324	-133,2
     43,5689	   0,0912751	-132,7	   0,0889962	-133,2
     43,5718	   0,0911531	-132,3	    0,088439	-132,8
     43,5748	   0,0906361	-132,9	    0,087246	-132,5
     43,5777	   0,0907648	-133,2	   0,0875506	-133,2
     43,5806	   0,0907262	-132,6	    0,087952	-133,2
     43,5836	   0,0899691	-132,9	    0,087502	-132,6
     43,5865	   0,0901162	-133,1	   0,0887987	-132,2
     43,5894	   0,0902126	-133,4	   0,0881154	-132,2
     43,5924	   0,0900724	-132,4	    0,086508	-133,0
     43,5953	   0,0899465	-132,4	   0,0866249	-132,7
     43,5982	   0,0891606	-133,3	   0,0867527	-132,4
     43,6012	   0,0895041	-132,4	   0,0871269	-132,4
     43,6041	   0,0892909	-132,3	   0,0871823	-132,5
      43,607	     0,08916	-132,7	   0,0855942	-132,1
       43,61	   0,0884581	-132,3	   0,0856997	-132,0
     43,6129	   0,0888002	-132,3	   0,0860776	-131,9
     43,6158	   0,0882488	-131,9	   0,0857982	-132,5
     43,6188	   0,0878773	-132,6	   0,0847056	-131,6
     43,6217	   0,0877955	-132,6	   0,0850032	-132,1
     43,6246	   0,0878825	-131,8	   0,0847929	-132,3
     43,6276	   0,0875243	-132,2	   0,0849786	-132,2
     43,6305	   0,0866431	-132,1	   0,0844277	-131,9
     43,6334	   0,0869044	-132,6	   0,0848088	-131,9
     43,6364	   0,0869436	-132,0	    0,084467	-132,5
     43,6393	   0,0871121	-131,9	   0,0840937	-132,2
     43,6422	   0,0859834	-132,2	   0,0829439	-132,4
     43,6452	   0,0861307	-132,2	   0,0832652	-131,9
     43,6481	   0,0865118	-131,9	   0,0838632	-132,4
      43,651	   0,0854236	-131,7	   0,0827483	-132,2
      43,654	    0,085049	-131,6	   0,0823784	-131,8
     43,6569	   0,0853272	-132,1	   0,0822914	-131,7
     43,6598	   0,0857995	-131,6	   0,0819886	-131,9
     43,6628	   0,0854574	-131,6	   0,0823655	-131,5
     43,6657	   0,0851548	-132,0	   0,0816037	-131,5
     43,6686	   0,0846938	-131,6	   0,0812755	-131,9
     43,6716	    0,084919	-131,6	    0,082031	-131,8
     43,6745	   0,0847476	-131,4	   0,0811617	-132,0
     43,6774	   0,0846129	-131,3	   0,0804926	-131,8
     43,6804	   0,0839499	-131,5	   0,0810038	-131,8
     43,6833	   0,0825942	-131,2	   0,0808687	-131,6
     43,6862	   0,0838835	-131,5	   0,0804955	-131,6
     43,6891	   0,0831342	-131,4	   0,0804737	-131,7
     43,6921	   0,0832309	-131,5	   0,0799697	-131,6
      43,695	   0,0823705	-131,4	   0,0804244	-131,6
     43,6979	   0,0831126	-131,2	   0,0790692	-131,9
     43,7009	   0,0822933	-131,4	   0,0787905	-132,0
     43,7038	    0,082232	-131,3	   0,0793107	-131,5
     43,7067	   0,0819418	-131,1	   0,0793135	-131,4
     43,7097	   0,0815886	-131,2	   0,0788039	-131,8
     43,7126	    0,081813	-131,1	   0,0784009	-131,7
     43,7155	   0,0815108	-131,2	   0,0801561	-131,5
     43,7185	   0,0804293	-131,3	   0,0788012	-131,1
     43,7214	   0,0805449	-130,9	   0,0778869	-131,0
     43,7243	     0,08022	-130,9	   0,0778747	-131,7
     43,7273	   0,0806824	-131,1	    0,077536	-131,4
     43,7302	   0,0810906	-131,1	   0,0777725	-130,8
     43,7331	    0,079734	-130,6	   0,0776252	-131,2
     43,7361	   0,0800895	-130,9	   0,0771311	-131,1
      43,739	   0,0795796	-131,2	   0,0767162	-131,1
     43,7419	   0,0802794	-130,8	   0,0772785	-131,5
     43,7449	   0,0803129	-130,8	   0,0766976	-130,8
     43,7478	   0,0795498	-130,7	   0,0763079	-131,1
     43,7507	     0,07903	-131,1	   0,0760931	-130,8
     43,7537	   0,0788585	-130,9	   0,0768504	-131,0
     43,7566	   0,0785827	-131,0	   0,0758586	-130,9
     43,7595	   0,0790362	-130,7	    0,075491	-130,9
     43,7625	   0,0782954	-130,5	    0,075129	-131,0
     43,7654	   0,0778149	-130,9	    0,075026	-131,0
     43,7683	   0,0790322	-130,4	   0,0749871	-130,7
     43,7713	   0,0774035	-130,9	   0,0751241	-130,6
     43,7742	   0,0774249	-130,3	   0,0741726	-130,7
     43,7771	   0,0777032	-130,5	   0,0732986	-130,9
     43,7801	   0,0766812	-130,6	   0,0734549	-131,1
      43,783	   0,0769079	-130,7	    0,074537	-130,7
     43,7859	   0,0770515	-130,6	   0,0739787	-130,8
     43,7889	   0,0765851	-130,5	   0,0725707	-130,9
     43,7918	   0,0760813	-130,9	   0,0725986	-130,7
     43,7947	   0,0767717	-130,6	   0,0738456	-130,3
     43,7977	   0,0767466	-130,5	   0,0726108	-130,6
     43,8006	   0,0758989	-130,3	   0,0724098	-130,3
     43,8035	    0,075996	-130,6	   0,0717057	-130,6
     43,8064	    0,075725	-130,3	   0,0725027	-130,5
     43,8094	   0,0751662	-129,9	   0,0722956	-130,3
     43,8123	   0,0749585	-130,2	   0,0720428	-130,3
     43,8153	   0,0749821	-130,0	   0,0706872	-130,6
     43,8182	   0,0751354	-130,3	   0,0706114	-130,4
     43,8211	   0,0743895	-130,3	   0,0708069	-130,5
      43,824	   0,0745908	-130,2	   0,0713034	-130,4
      43,827	   0,0750805	-130,1	    0,070631	-130,1
     43,8299	   0,0739348	-130,0	   0,0698043	-130,5
     43,8328	   0,0735907	-130,4	    0,070278	-130,2
     43,8358	   0,0735694	-129,9	   0,0706965	-130,2
     43,8387	   0,0733775	-130,4	   0,0704905	-130,3
     43,8416	   0,0736409	-130,1	   0,0700129	-130,5
     43,8446	   0,0730172	-130,3	   0,0687905	-130,3
     43,8475	   0,0733741	-130,2	   0,0701041	-130,0
     43,8504	   0,0728088	-130,5	   0,0705321	-130,1
     43,8534	   0,0716982	-130,3	   0,0701628	-130,0
     43,8563	   0,0714136	-130,0	   0,0692178	-130,0
     43,8592	   0,0722757	-129,8	   0,0688654	-130,0
     43,8622	   0,0720395	-129,8	   0,0695203	-129,9
     43,8651	   0,0716281	-129,9	   0,0695634	-130,0
      43,868	   0,0714148	-129,5	   0,0694418	-130,3
      43,871	   0,0713641	-129,9	   0,0688201	-130,3
     43,8739	    0,071657	-129,6	   0,0683264	-130,0
     43,8768	   0,0709768	-130,2	   0,0687707	-130,0
     43,8798	   0,0703705	-129,8	    0,069051	-129,7
     43,8827	   0,0713441	-129,7	   0,0681375	-130,1
     43,8856	   0,0707859	-129,8	   0,0675419	-129,8
     43,8886	   0,0702907	-129,8	   0,0673824	-130,1
     43,8915	   0,0695354	-130,1	    0,068605	-130,1
     43,8944	    0,069974	-129,4	   0,0683368	-129,7
     43,8974	   0,0697065	-130,1	   0,0677017	-130,0
     43,9003	   0,0692217	-129,6	   0,0678699	-129,8
     43,9032	   0,0699469	-129,8	   0,0671687	-130,0
     43,9062	    0,069392	-129,8	   0,0673705	-129,9
     43,9091	   0,0685204	-129,9	   0,0676304	-129,9
      43,912	   0,0696197	-129,6	   0,0674024	-129,8
      43,915	   0,0689798	-129,7	   0,0670734	-129,4
     43,9179	   0,0689168	-129,4	   0,0664952	-129,6
     43,9208	   0,0688451	-129,4	   0,0662142	-129,5
     43,9238	   0,0685118	-130,0	   0,0671902	-129,3
     43,9267	   0,0677044	-129,9	   0,0668462	-129,9
     43,9296	   0,0676053	-129,7	   0,0656904	-129,9
     43,9326	   0,0674114	-129,1	   0,0662928	-129,6
     43,9355	   0,0671955	-129,4	    0,066102	-129,5
     43,9384	   0,0676592	-129,2	   0,0659838	-129,8
     43,9413	   0,0671701	-129,6	   0,0660101	-129,4
     43,9443	   0,0668144	-129,2	   0,0659088	-129,4
     43,9472	   0,0665379	-129,4	   0,0660068	-129,6
     43,9501	   0,0667834	-129,1	   0,0658398	-129,4
     43,9531	   0,0663036	-129,5	     0,06609	-129,6
      43,956	   0,0667846	-129,1	   0,0654948	-129,6
     43,9589	    0,065654	-129,2	    0,065894	-129,3
     43,9619	   0,0658211	-129,5	   0,0647171	-129,5
     43,9648	   0,0658343	-129,3	   0,0644967	-129,5
     43,9677	   0,0652126	-129,1	   0,0645635	-129,5
     43,9707	   0,0650284	-129,4	   0,0646932	-129,4
     43,9736	   0,0654138	-129,3	   0,0647307	-129,3
     43,9765	   0,0643686	-129,1	   0,0649657	-129,7
     43,9795	   0,0649407	-129,2	   0,0641503	-129,4
     43,9824	   0,0645516	-129,0	   0,0641966	-128,8
     43,9853	   0,0642583	-129,2	   0,0644275	-129,3
     43,9883	   0,0642281	-128,7	   0,0638456	-129,2
     43,9912	   0,0638725	-129,2	   0,0641549	-129,4
     43,9941	    0,064354	-129,1	   0,0638732	-129,4
     43,9971	   0,0636939	-129,1	   0,0634277	-129,1
          44	   0,0634924	-128,9	   0,0633286	-128,6

