X-Data [Hz]	Laser (M - Filtered) [m/s]	Phase [Deg]	Laser (M - Filtered) [m/s]	Phase [Deg]	
	002: [06-17-24 11:06]		003: [06-17-24 11:12]	
          31	   0,0106759	72,4	   0,0129576	75,2
      31,002	    0,012094	76,2	   0,0129533	73,5
     31,0039	   0,0125678	72,2	   0,0129328	74,3
     31,0059	    0,012296	75,7	   0,0129497	74,2
     31,0078	   0,0130677	74,6	   0,0129633	75,6
     31,0098	   0,0126926	74,0	   0,0130051	74,7
     31,0117	   0,0130033	76,3	   0,0129769	75,1
     31,0137	    0,013003	73,7	   0,0130339	74,6
     31,0156	   0,0128888	75,9	   0,0129951	75,6
     31,0176	    0,013183	74,8	   0,0130469	73,8
     31,0196	   0,0129689	74,4	   0,0130557	75,0
     31,0215	   0,0130795	75,1	   0,0130311	74,9
     31,0235	   0,0130747	74,8	   0,0130787	74,2
     31,0254	   0,0130618	75,8	   0,0130379	74,9
     31,0274	   0,0132036	73,5	    0,013153	73,7
     31,0293	   0,0130685	72,8	   0,0131523	73,7
     31,0313	   0,0131443	73,5	   0,0131391	73,2
     31,0332	   0,0131915	74,1	   0,0132496	73,2
     31,0352	   0,0131379	73,5	   0,0130891	73,7
     31,0371	   0,0131911	72,4	   0,0133192	72,7
     31,0391	   0,0132157	73,2	   0,0132395	73,8
     31,0411	   0,0132508	73,5	    0,013163	73,0
      31,043	   0,0132549	73,3	   0,0133342	73,0
      31,045	   0,0132513	74,0	    0,013234	73,3
     31,0469	   0,0132393	72,7	    0,013322	72,8
     31,0489	   0,0133452	73,1	   0,0133547	74,1
     31,0508	   0,0132903	74,7	   0,0133066	74,8
     31,0528	   0,0133104	74,5	   0,0133485	73,7
     31,0547	   0,0133648	75,4	   0,0133455	75,1
     31,0567	   0,0133344	74,3	   0,0133907	74,4
     31,0587	   0,0134399	75,2	   0,0134201	73,3
     31,0606	   0,0134167	74,9	   0,0134467	74,0
     31,0626	   0,0134285	74,8	   0,0133829	73,5
     31,0645	    0,013427	74,1	    0,013445	73,3
     31,0665	   0,0134657	74,1	   0,0134661	75,1
     31,0684	    0,013535	74,9	   0,0133943	75,3
     31,0704	    0,013506	74,1	   0,0134786	74,5
     31,0723	   0,0135346	74,2	   0,0135492	75,1
     31,0743	   0,0135312	74,7	   0,0134605	74,6
     31,0762	   0,0135281	74,4	    0,013573	75,1
     31,0782	   0,0136117	74,5	   0,0135974	75,4
     31,0802	   0,0135801	74,3	   0,0135216	74,7
     31,0821	   0,0135212	74,4	    0,013591	74,6
     31,0841	    0,013605	75,1	    0,013688	75,4
      31,086	   0,0136499	74,2	   0,0136656	73,4
      31,088	   0,0136022	75,6	   0,0136509	72,5
     31,0899	    0,013671	74,5	   0,0136799	73,3
     31,0919	   0,0136859	72,8	   0,0137042	73,0
     31,0938	   0,0136819	73,7	   0,0137098	72,5
     31,0958	   0,0138036	72,4	   0,0137426	73,2
     31,0978	   0,0136735	73,3	   0,0137726	73,5
     31,0997	   0,0137609	73,6	   0,0137014	74,0
     31,1017	   0,0138548	74,5	   0,0137941	73,6
     31,1036	   0,0137721	73,9	   0,0138621	74,5
     31,1056	   0,0138055	74,6	   0,0137748	74,2
     31,1075	   0,0137993	74,7	   0,0138926	74,0
     31,1095	   0,0138627	75,2	   0,0138321	75,6
     31,1114	   0,0139196	74,8	   0,0138597	74,5
     31,1134	   0,0138542	76,1	   0,0139528	75,2
     31,1153	   0,0138933	75,4	   0,0138522	75,3
     31,1173	   0,0139809	74,0	   0,0140071	74,8
     31,1193	   0,0139746	74,3	   0,0140073	75,6
     31,1212	   0,0139711	75,1	   0,0139046	74,5
     31,1232	   0,0140431	73,2	   0,0140843	74,5
     31,1251	   0,0139896	73,7	   0,0140077	73,9
     31,1271	   0,0140815	72,3	   0,0139885	73,0
      31,129	   0,0140548	73,0	   0,0141146	73,3
      31,131	   0,0140815	72,8	   0,0140695	73,3
     31,1329	   0,0140985	73,2	   0,0141047	73,6
     31,1349	   0,0141311	72,7	   0,0141612	73,8
     31,1369	   0,0141516	74,5	   0,0141325	74,3
     31,1388	    0,014064	75,6	     0,01412	73,6
     31,1408	   0,0142199	74,7	   0,0142173	73,6
     31,1427	   0,0142072	75,2	   0,0142289	74,2
     31,1447	   0,0141262	74,9	   0,0141601	74,5
     31,1466	   0,0142822	75,3	   0,0143164	74,8
     31,1486	   0,0142381	73,5	    0,014331	74,1
     31,1505	   0,0142095	75,0	   0,0142485	73,7
     31,1525	   0,0144167	74,1	   0,0143915	74,0
     31,1544	   0,0142471	74,9	   0,0142843	73,1
     31,1564	     0,01435	73,1	   0,0143742	73,0
     31,1584	   0,0143728	73,2	   0,0144041	73,3
     31,1603	   0,0143919	72,9	   0,0143928	73,3
     31,1623	   0,0144372	73,5	    0,014447	73,1
     31,1642	   0,0144718	73,6	   0,0144525	73,6
     31,1662	   0,0144591	75,0	    0,014465	75,3
     31,1681	   0,0144621	75,1	   0,0145216	74,8
     31,1701	   0,0144517	75,1	   0,0144695	75,6
      31,172	   0,0144936	74,4	   0,0145325	74,9
      31,174	     0,01453	75,7	   0,0145787	75,4
      31,176	   0,0146349	73,9	   0,0145082	74,9
     31,1779	   0,0145721	73,7	   0,0146094	74,9
     31,1799	   0,0145382	73,7	   0,0146326	74,6
     31,1818	   0,0147073	73,4	   0,0146566	74,3
     31,1838	   0,0146767	73,5	   0,0147089	73,3
     31,1857	   0,0146449	73,9	   0,0146721	74,4
     31,1877	   0,0147398	73,7	   0,0146644	74,9
     31,1896	   0,0146798	73,2	    0,014762	74,5
     31,1916	   0,0147249	75,3	   0,0146831	74,7
     31,1935	     0,01477	74,3	   0,0147986	74,4
     31,1955	   0,0147118	75,2	   0,0147841	75,6
     31,1975	   0,0147762	74,3	   0,0147711	75,1
     31,1994	   0,0148765	73,2	   0,0148462	75,4
     31,2014	   0,0148521	73,9	   0,0148853	75,1
     31,2033	   0,0148542	73,6	   0,0148808	75,4
     31,2053	   0,0149244	73,9	   0,0149136	73,7
     31,2072	   0,0148998	72,5	   0,0149688	73,6
     31,2092	   0,0149102	73,8	   0,0149365	74,1
     31,2111	   0,0149783	72,7	   0,0150381	73,8
     31,2131	   0,0149641	73,7	   0,0150129	74,7
     31,2151	   0,0150335	73,7	   0,0150288	74,3
      31,217	   0,0150665	75,2	   0,0150719	75,9
      31,219	   0,0151484	74,8	    0,015039	75,1
     31,2209	   0,0151145	73,7	   0,0150959	75,0
     31,2229	    0,015062	74,4	   0,0151699	74,7
     31,2248	   0,0152355	73,5	   0,0151543	73,8
     31,2268	   0,0151258	73,8	   0,0151843	73,0
     31,2287	   0,0152048	73,1	   0,0152257	74,2
     31,2307	   0,0152762	73,3	   0,0152482	74,8
     31,2326	   0,0152377	72,9	   0,0153064	75,0
     31,2346	    0,015246	75,2	    0,015262	75,5
     31,2366	   0,0152934	75,1	   0,0153584	75,0
     31,2385	   0,0153131	74,8	   0,0153733	75,1
     31,2405	   0,0153807	74,4	   0,0153397	75,0
     31,2424	   0,0153703	73,4	   0,0154429	75,4
     31,2444	   0,0153349	74,5	   0,0153982	73,9
     31,2463	   0,0154991	73,7	   0,0154566	74,2
     31,2483	   0,0154926	73,9	   0,0155194	74,7
     31,2502	   0,0154178	73,4	   0,0154819	75,5
     31,2522	   0,0155113	74,5	   0,0154925	75,1
     31,2542	   0,0155495	75,2	    0,015592	75,0
     31,2561	   0,0155912	75,4	   0,0155704	75,0
     31,2581	   0,0156044	75,6	   0,0156192	74,9
       31,26	    0,015581	75,6	   0,0157213	74,6
      31,262	   0,0156304	75,4	   0,0156316	74,7
     31,2639	   0,0156773	74,8	    0,015745	73,3
     31,2659	   0,0156521	75,0	   0,0157748	74,2
     31,2678	   0,0156567	73,6	   0,0157164	75,1
     31,2698	   0,0158344	73,3	   0,0157725	75,1
     31,2717	   0,0157928	75,5	   0,0158052	75,8
     31,2737	   0,0157402	75,3	   0,0159044	74,5
     31,2757	   0,0158565	75,5	    0,015906	74,6
     31,2776	   0,0159147	74,5	   0,0158902	73,0
     31,2796	   0,0158297	73,7	   0,0159601	73,7
     31,2815	   0,0159619	73,4	   0,0159615	73,3
     31,2835	   0,0160032	72,9	   0,0159413	74,0
     31,2854	    0,015974	73,6	   0,0160564	74,1
     31,2874	   0,0160411	74,9	   0,0161331	74,8
     31,2893	   0,0160434	75,1	   0,0160576	74,1
     31,2913	   0,0160564	76,1	   0,0161288	73,8
     31,2933	   0,0160917	74,9	   0,0162361	72,8
     31,2952	   0,0161116	73,9	   0,0161857	73,8
     31,2972	     0,01611	75,1	    0,016228	74,3
     31,2991	   0,0162378	75,6	   0,0162421	75,4
     31,3011	   0,0162833	75,1	   0,0162657	75,2
      31,303	   0,0162064	74,2	   0,0162771	75,3
      31,305	   0,0162588	73,8	   0,0163452	74,8
     31,3069	   0,0163559	73,8	   0,0163488	74,6
     31,3089	   0,0163733	72,9	   0,0163897	73,9
     31,3109	   0,0163384	73,4	   0,0164261	73,1
     31,3128	   0,0164282	75,1	   0,0164777	75,5
     31,3148	   0,0164114	75,7	   0,0164364	75,6
     31,3167	   0,0164431	75,8	   0,0164857	73,7
     31,3187	   0,0165417	74,7	   0,0165769	73,3
     31,3206	   0,0165824	73,2	    0,016586	73,9
     31,3226	   0,0165093	74,5	   0,0165655	73,8
     31,3245	   0,0166388	74,5	   0,0166524	74,3
     31,3265	    0,016658	75,5	   0,0166477	73,7
     31,3284	    0,016644	75,6	   0,0166783	74,6
     31,3304	   0,0166896	74,1	   0,0167268	75,1
     31,3324	   0,0167543	73,7	    0,016834	74,7
     31,3343	   0,0167859	72,9	   0,0168211	74,6
     31,3363	   0,0168136	73,8	   0,0167373	73,1
     31,3382	   0,0167794	73,5	   0,0169152	73,5
     31,3402	   0,0168124	75,8	   0,0169928	73,8
     31,3421	   0,0169564	76,2	   0,0169076	75,1
     31,3441	   0,0169853	74,0	   0,0169517	74,8
      31,346	   0,0169216	73,4	   0,0170456	75,5
      31,348	   0,0170104	75,3	   0,0170174	74,2
       31,35	   0,0170616	74,8	   0,0171588	73,9
     31,3519	   0,0170661	75,6	   0,0172053	74,5
     31,3539	   0,0171097	75,4	   0,0171239	73,5
     31,3558	   0,0171514	74,1	   0,0171794	73,6
     31,3578	   0,0171711	73,5	   0,0172994	74,6
     31,3597	   0,0171958	73,1	   0,0172717	75,5
     31,3617	   0,0172202	74,1	   0,0172416	76,5
     31,3636	   0,0172969	76,1	   0,0173259	74,3
     31,3656	   0,0173278	75,8	   0,0174285	73,6
     31,3675	   0,0173805	73,6	   0,0174773	74,1
     31,3695	   0,0174228	74,1	   0,0173854	73,9
     31,3715	   0,0174668	74,3	   0,0174738	74,5
     31,3734	   0,0174514	76,1	   0,0175789	74,5
     31,3754	   0,0174588	76,3	   0,0175687	73,6
     31,3773	   0,0175547	74,6	   0,0175667	73,7
     31,3793	   0,0176262	73,9	   0,0176626	74,7
     31,3812	   0,0176135	73,1	   0,0177386	75,5
     31,3832	   0,0176847	74,5	    0,017719	76,4
     31,3851	   0,0177011	75,3	   0,0178058	75,5
     31,3871	   0,0177251	75,0	   0,0178597	75,6
     31,3891	   0,0178334	76,0	   0,0178668	73,9
      31,391	    0,017823	74,3	   0,0178573	73,9
      31,393	   0,0178348	73,3	    0,017882	75,3
     31,3949	   0,0178484	74,2	   0,0179106	75,4
     31,3969	   0,0179082	74,6	   0,0180395	73,8
     31,3988	    0,017994	75,6	   0,0180836	74,3
     31,4008	   0,0180904	76,0	   0,0180546	74,9
     31,4027	   0,0181065	76,5	   0,0180761	75,0
     31,4047	   0,0180551	75,5	   0,0182542	75,9
     31,4066	   0,0181183	75,3	   0,0182752	76,0
     31,4086	   0,0181924	75,1	   0,0182091	75,0
     31,4106	   0,0182073	76,6	   0,0182537	74,2
     31,4125	    0,018268	74,8	   0,0183486	73,4
     31,4145	   0,0183173	73,6	   0,0184625	74,1
     31,4164	   0,0183501	74,3	    0,018492	76,4
     31,4184	   0,0183915	73,6	   0,0184392	74,4
     31,4203	    0,018458	76,0	   0,0185424	73,2
     31,4223	   0,0184719	75,8	   0,0185819	74,0
     31,4242	   0,0185241	76,3	   0,0186389	75,1
     31,4262	   0,0185444	75,2	   0,0186378	76,5
     31,4282	   0,0185989	74,1	    0,018655	75,6
     31,4301	   0,0186778	75,6	   0,0187205	75,5
     31,4321	    0,018718	76,1	   0,0188664	75,2
      31,434	   0,0187064	75,0	   0,0188944	74,3
      31,436	   0,0187366	74,2	   0,0188485	74,6
     31,4379	   0,0188554	74,7	   0,0188848	75,2
     31,4399	   0,0189473	76,2	   0,0190019	74,2
     31,4418	   0,0189194	75,7	   0,0190982	74,6
     31,4438	   0,0189349	75,4	   0,0190727	74,7
     31,4457	   0,0190328	73,9	   0,0190885	74,3
     31,4477	    0,019071	73,8	   0,0191753	76,1
     31,4497	   0,0191467	74,4	    0,019298	75,7
     31,4516	   0,0192058	76,0	   0,0193131	75,6
     31,4536	   0,0191896	74,3	   0,0193567	74,8
     31,4555	   0,0192395	74,8	   0,0193887	73,8
     31,4575	   0,0194177	74,6	   0,0194325	74,8
     31,4594	   0,0193908	75,3	   0,0195401	75,7
     31,4614	    0,019432	76,6	   0,0196241	74,7
     31,4633	   0,0194419	75,9	   0,0195773	74,5
     31,4653	   0,0195335	74,6	   0,0196487	75,1
     31,4673	    0,019574	74,5	   0,0197149	76,2
     31,4692	   0,0196136	73,8	   0,0197511	76,1
     31,4712	   0,0196278	75,6	   0,0197526	75,3
     31,4731	   0,0196976	75,6	   0,0199011	73,7
     31,4751	   0,0198505	74,8	   0,0199386	74,4
      31,477	   0,0199465	75,2	   0,0199151	75,9
      31,479	   0,0198656	76,1	   0,0199411	75,8
     31,4809	   0,0198348	76,3	   0,0200638	77,1
     31,4829	   0,0199572	75,3	   0,0201719	74,9
     31,4848	   0,0201187	75,4	    0,020182	75,3
     31,4868	   0,0200946	74,4	   0,0201586	76,3
     31,4888	   0,0201173	75,1	   0,0202453	76,8
     31,4907	   0,0201663	77,2	   0,0204627	75,3
     31,4927	    0,020247	75,6	   0,0205073	75,8
     31,4946	   0,0204277	75,4	   0,0204078	74,5
     31,4966	   0,0203461	74,4	   0,0204531	74,9
     31,4985	   0,0204037	74,2	   0,0206589	76,3
     31,5005	   0,0204827	75,7	   0,0206817	76,8
     31,5024	   0,0205906	76,2	   0,0206813	74,8
     31,5044	   0,0206798	76,8	   0,0207336	75,5
     31,5064	   0,0207129	75,6	   0,0208659	76,9
     31,5083	    0,020719	73,5	   0,0209383	76,0
     31,5103	    0,020731	76,9	   0,0209537	74,9
     31,5122	   0,0208437	75,8	   0,0210656	74,6
     31,5142	   0,0209856	75,2	   0,0211203	75,6
     31,5161	   0,0209892	74,5	   0,0211457	77,4
     31,5181	   0,0209867	75,1	   0,0211929	76,6
       31,52	   0,0210956	76,2	   0,0212614	75,0
      31,522	   0,0212841	76,9	   0,0213015	75,4
     31,5239	   0,0212935	76,8	   0,0214484	75,2
     31,5259	   0,0212881	74,9	   0,0215467	75,3
     31,5279	   0,0213104	76,1	   0,0215454	75,1
     31,5298	   0,0214088	77,6	   0,0215695	75,6
     31,5318	    0,021494	76,0	   0,0216073	76,4
     31,5337	   0,0215721	74,3	   0,0217943	76,6
     31,5357	   0,0216203	74,8	   0,0219118	77,1
     31,5376	   0,0216678	74,8	   0,0219616	75,4
     31,5396	   0,0217636	77,1	   0,0219409	75,2
     31,5415	   0,0218772	77,1	   0,0220247	76,0
     31,5435	   0,0219042	75,3	   0,0221724	76,5
     31,5455	   0,0219517	75,6	   0,0222539	76,6
     31,5474	   0,0220544	77,0	     0,02228	75,6
     31,5494	   0,0221607	77,0	   0,0223816	77,3
     31,5513	   0,0221878	75,4	   0,0224584	76,8
     31,5533	   0,0222858	74,4	   0,0225051	75,2
     31,5552	   0,0222772	76,1	   0,0225637	76,2
     31,5572	   0,0223652	77,5	   0,0226469	77,3
     31,5591	   0,0224808	76,3	   0,0227508	76,6
     31,5611	   0,0225404	75,2	   0,0228093	75,7
      31,563	   0,0226519	74,7	   0,0228827	75,9
      31,565	   0,0227536	77,1	   0,0229592	76,4
      31,567	   0,0227473	75,3	    0,023051	77,1
     31,5689	   0,0228844	75,3	   0,0231222	76,2
     31,5709	   0,0229789	75,4	   0,0232281	75,0
     31,5728	   0,0230293	77,6	   0,0233172	76,6
     31,5748	   0,0231263	77,1	   0,0234265	75,9
     31,5767	   0,0231891	75,9	   0,0235026	76,0
     31,5787	   0,0232818	75,9	   0,0235668	76,3
     31,5806	   0,0233748	75,8	   0,0236245	77,5
     31,5826	   0,0234963	77,5	    0,023798	77,7
     31,5846	   0,0235654	75,1	   0,0238897	76,2
     31,5865	   0,0235789	77,3	   0,0239067	75,5
     31,5885	   0,0236588	77,2	   0,0240104	76,4
     31,5904	   0,0237464	76,1	   0,0240859	76,9
     31,5924	   0,0238982	77,5	    0,024198	77,8
     31,5943	   0,0239546	78,1	   0,0242715	75,6
     31,5963	   0,0240499	76,4	   0,0243984	76,9
     31,5982	   0,0241228	75,8	   0,0245031	77,5
     31,6002	   0,0242746	76,5	   0,0245979	78,6
     31,6021	   0,0243544	78,3	   0,0246908	76,8
     31,6041	   0,0244022	77,0	   0,0247724	76,2
     31,6061	   0,0244259	76,3	   0,0249222	76,8
      31,608	   0,0246023	76,5	   0,0250974	78,5
       31,61	   0,0247156	77,9	   0,0251553	77,9
     31,6119	   0,0247899	77,3	    0,025192	76,5
     31,6139	    0,024857	76,1	    0,025257	78,3
     31,6158	   0,0249371	77,2	   0,0253862	78,0
     31,6178	   0,0250399	78,3	   0,0255042	75,9
     31,6197	   0,0250995	77,4	   0,0256486	76,7
     31,6217	   0,0252337	76,1	   0,0257307	77,7
     31,6237	   0,0253885	78,0	   0,0258233	78,2
     31,6256	   0,0254955	78,4	   0,0259513	76,9
     31,6276	   0,0255992	76,9	   0,0260641	77,1
     31,6295	    0,025699	77,0	   0,0262313	76,9
     31,6315	   0,0257829	78,7	   0,0263439	77,4
     31,6334	   0,0258562	77,6	   0,0264025	76,7
     31,6354	   0,0260139	76,1	   0,0264797	78,5
     31,6373	   0,0261549	77,6	     0,02656	78,9
     31,6393	    0,026222	78,7	   0,0267307	78,5
     31,6413	   0,0263564	78,7	   0,0268802	77,3
     31,6432	   0,0264899	77,2	   0,0270896	77,4
     31,6452	   0,0266033	77,0	   0,0272322	79,0
     31,6471	   0,0267677	78,3	   0,0273755	78,7
     31,6491	   0,0268722	79,1	   0,0275049	77,5
      31,651	   0,0269924	77,7	   0,0275531	77,4
      31,653	   0,0270877	79,1	   0,0276958	79,6
     31,6549	   0,0271807	78,4	   0,0278232	77,2
     31,6569	   0,0272843	76,9	   0,0279548	78,7
     31,6588	   0,0273517	77,4	   0,0281124	79,9
     31,6608	   0,0274682	78,5	    0,028266	78,5
     31,6628	   0,0276525	79,1	    0,028401	78,0
     31,6647	   0,0278877	78,9	   0,0285131	77,8
     31,6667	   0,0280681	77,6	   0,0286534	80,1
     31,6686	   0,0282279	78,9	   0,0288472	79,4
     31,6706	   0,0283113	78,4	   0,0290633	78,3
     31,6725	   0,0283952	77,1	   0,0292599	79,3
     31,6745	   0,0284689	79,3	   0,0294578	79,7
     31,6764	   0,0286197	78,2	   0,0295592	78,6
     31,6784	   0,0287968	78,7	   0,0296366	79,4
     31,6804	    0,028962	79,6	   0,0297934	79,8
     31,6823	   0,0291886	80,3	   0,0299737	78,5
     31,6843	   0,0293186	78,0	   0,0301709	79,6
     31,6862	   0,0294222	77,7	   0,0304494	81,1
     31,6882	   0,0295532	80,1	   0,0306394	80,6
     31,6901	   0,0297834	80,2	   0,0308129	79,2
     31,6921	   0,0300013	77,9	   0,0308988	79,4
      31,694	   0,0301293	80,0	   0,0310652	80,6
      31,696	   0,0302228	78,2	   0,0313028	80,4
     31,6979	   0,0304009	78,4	    0,031457	80,2
     31,6999	    0,030625	80,8	   0,0317808	81,0
     31,7019	   0,0307648	80,1	   0,0320017	80,5
     31,7038	   0,0309597	78,3	   0,0322038	80,2
     31,7058	   0,0311598	79,8	   0,0324281	81,5
     31,7077	   0,0313785	81,2	   0,0326021	81,5
     31,7097	   0,0315281	79,8	   0,0328519	80,4
     31,7116	    0,031744	79,1	   0,0330667	80,1
     31,7136	   0,0319173	81,6	   0,0333762	81,4
     31,7155	   0,0320789	81,9	   0,0337028	83,4
     31,7175	   0,0322326	81,2	   0,0339296	81,2
     31,7195	    0,032487	81,9	   0,0341894	83,1
     31,7214	   0,0326213	81,5	   0,0344463	82,6
     31,7234	   0,0328463	80,5	   0,0347203	81,9
     31,7253	   0,0330691	82,7	   0,0349861	82,1
     31,7273	   0,0332941	81,9	   0,0352882	83,5
     31,7292	   0,0335232	81,3	   0,0355747	82,5
     31,7312	   0,0338354	81,4	    0,035912	82,6
     31,7331	   0,0340733	83,4	   0,0362754	83,5
     31,7351	   0,0342926	81,1	   0,0366242	84,4
      31,737	   0,0344825	82,6	   0,0369129	82,7
      31,739	   0,0347814	83,5	    0,037273	85,0
      31,741	   0,0350373	82,5	   0,0376414	85,5
     31,7429	   0,0353082	81,9	   0,0379733	84,1
     31,7449	   0,0355307	82,4	   0,0383805	83,9
     31,7468	   0,0358006	83,7	   0,0389036	86,0
     31,7488	   0,0360633	83,1	   0,0394216	85,1
     31,7507	   0,0364354	82,4	   0,0400917	84,3
     31,7527	   0,0367807	84,4	   0,0407888	85,5
     31,7546	   0,0369824	82,2	   0,0416752	87,5
     31,7566	   0,0372978	83,8	     0,04238	86,0
     31,7586	   0,0375914	85,6	   0,0433852	87,7
     31,7605	   0,0379312	84,8	   0,0444034	88,8
     31,7625	   0,0383366	83,5	   0,0457852	87,6
     31,7644	   0,0386667	85,8	   0,0470496	90,1
     31,7664	   0,0389637	86,5	    0,048192	91,8
     31,7683	   0,0393191	84,7	   0,0498097	91,7
     31,7703	   0,0396725	85,8	   0,0511706	93,9
     31,7722	   0,0399828	88,1	   0,0527263	95,8
     31,7742	   0,0403543	86,0	    0,054031	96,1
     31,7761	   0,0407424	88,5	   0,0558184	98,5
     31,7781	   0,0411584	87,4	    0,057199	100,5
     31,7801	   0,0416354	86,6	   0,0585416	99,6
      31,782	   0,0421019	88,5	    0,059757	103,2
      31,784	   0,0424785	89,3	   0,0612403	104,0
     31,7859	    0,042904	87,9	   0,0624651	105,5
     31,7879	    0,043461	89,3	   0,0637818	109,3
     31,7898	   0,0439567	91,3	   0,0648888	110,3
     31,7918	   0,0443987	90,7	   0,0660238	110,3
     31,7937	   0,0448928	90,1	   0,0673855	113,8
     31,7957	   0,0452325	91,1	   0,0680318	115,0
     31,7977	   0,0459011	90,6	   0,0691599	115,8
     31,7996	    0,046242	92,7	   0,0701449	117,0
     31,8016	   0,0467738	94,7	     0,07145	119,5
     31,8035	   0,0476189	93,6	   0,0717606	120,0
     31,8055	   0,0483045	92,9	   0,0726789	123,9
     31,8074	   0,0486909	95,8	   0,0734877	124,5
     31,8094	   0,0494164	95,6	   0,0743019	123,2
     31,8113	    0,050227	95,9	   0,0752581	127,8
     31,8133	   0,0512135	97,2	   0,0758762	129,4
     31,8152	   0,0517412	96,5	   0,0767197	128,6
     31,8172	   0,0523287	99,0	   0,0768574	129,6
     31,8192	   0,0531167	98,7	     0,07723	134,1
     31,8211	   0,0540891	100,3	   0,0781024	132,9
     31,8231	   0,0548261	102,9	   0,0783002	136,1
      31,825	   0,0558652	102,3	   0,0789164	135,4
      31,827	   0,0565964	103,3	   0,0792637	136,3
     31,8289	   0,0576783	106,2	   0,0793658	139,7
     31,8309	   0,0585262	106,3	   0,0798429	138,7
     31,8328	   0,0595346	108,5	    0,080057	139,8
     31,8348	   0,0605404	110,6	   0,0799542	143,6
     31,8368	   0,0615903	109,4	   0,0809084	142,4
     31,8387	   0,0629421	112,4	   0,0809598	142,7
     31,8407	   0,0638758	113,8	   0,0807991	146,5
     31,8426	    0,065252	114,7	   0,0809951	146,8
     31,8446	   0,0662278	118,2	   0,0812351	146,0
     31,8465	   0,0670638	118,4	   0,0811011	148,8
     31,8485	   0,0687943	121,9	   0,0816637	147,7
     31,8504	   0,0694166	122,8	   0,0812769	150,7
     31,8524	   0,0708435	123,7	   0,0811409	151,8
     31,8543	   0,0724816	127,4	   0,0816405	151,3
     31,8563	   0,0733366	130,4	   0,0812026	153,5
     31,8583	   0,0741367	130,2	   0,0809172	154,7
     31,8602	   0,0753933	133,0	   0,0818281	154,4
     31,8622	   0,0764103	137,5	   0,0812813	156,4
     31,8641	   0,0768923	137,9	     0,08111	157,6
     31,8661	   0,0774949	140,9	   0,0816876	156,8
      31,868	   0,0782903	142,3	   0,0811469	160,9
       31,87	   0,0783814	144,1	    0,081181	158,1
     31,8719	   0,0796589	148,3	   0,0811283	160,1
     31,8739	   0,0792903	150,3	   0,0806984	163,2
     31,8759	   0,0798051	151,5	   0,0810869	162,6
     31,8778	   0,0803679	155,1	   0,0805913	161,6
     31,8798	   0,0800717	156,1	   0,0800754	165,3
     31,8817	   0,0802652	156,8	   0,0804896	165,8
     31,8837	   0,0800286	160,4	   0,0801444	164,1
     31,8856	   0,0799521	160,2	   0,0800015	167,6
     31,8876	   0,0800496	162,5	   0,0800199	165,6
     31,8895	   0,0799317	164,8	   0,0794628	168,5
     31,8915	   0,0796818	164,2	    0,079812	167,6
     31,8934	   0,0797416	166,1	   0,0795866	168,8
     31,8954	   0,0793347	169,3	   0,0790689	171,2
     31,8974	   0,0788418	167,8	   0,0791235	171,1
     31,8993	   0,0790408	168,4	   0,0785461	170,2
     31,9013	   0,0780596	171,0	   0,0783256	172,8
     31,9032	   0,0785547	170,7	    0,078361	173,8
     31,9052	   0,0776232	171,9	   0,0778264	172,6
     31,9071	   0,0772366	172,1	   0,0780083	175,0
     31,9091	    0,077602	174,6	   0,0774204	174,1
      31,911	    0,076981	175,7	    0,077424	175,0
      31,913	   0,0769923	174,9	   0,0769636	177,3
      31,915	   0,0766976	176,6	   0,0766929	176,4
     31,9169	   0,0758448	176,8	   0,0769649	176,5
     31,9189	   0,0761286	176,8	   0,0760723	179,2
     31,9208	   0,0752786	179,6	   0,0764714	176,5
     31,9228	   0,0755327	178,1	    0,075685	179,0
     31,9247	   0,0754066	179,4	   0,0754621	178,3
     31,9267	   0,0744425	180,4	   0,0750295	180,4
     31,9286	   0,0746346	180,3	   0,0748939	182,7
     31,9306	   0,0739573	182,3	   0,0748678	181,4
     31,9326	   0,0734331	181,8	   0,0743076	181,1
     31,9345	   0,0732194	183,0	   0,0744355	183,9
     31,9365	   0,0727007	184,4	   0,0739552	184,1
     31,9384	   0,0725491	183,4	   0,0731563	183,6
     31,9404	   0,0718967	185,5	   0,0730555	184,8
     31,9423	   0,0720572	186,1	   0,0726964	183,9
     31,9443	   0,0714322	185,0	   0,0727351	186,8
     31,9462	   0,0711633	188,1	   0,0724354	185,0
     31,9482	   0,0709376	186,1	   0,0715009	187,1
     31,9501	   0,0709538	186,3	   0,0714201	188,1
     31,9521	   0,0701792	187,3	   0,0720832	187,0
     31,9541	   0,0700525	188,8	    0,070908	189,1
      31,956	   0,0698074	190,5	   0,0712122	187,0
      31,958	   0,0694168	189,2	   0,0707013	188,6
     31,9599	   0,0692618	191,6	   0,0707852	191,0
     31,9619	   0,0687017	191,5	    0,069874	189,8
     31,9638	   0,0690639	191,2	   0,0699089	192,6
     31,9658	   0,0677756	193,1	   0,0694127	191,4
     31,9677	    0,067744	191,9	   0,0690296	192,1
     31,9697	   0,0671356	193,4	   0,0687811	191,4
     31,9717	   0,0673357	194,2	   0,0681546	192,8
     31,9736	    0,066758	193,4	   0,0676183	193,7
     31,9756	   0,0668474	195,3	   0,0681135	192,1
     31,9775	    0,065997	193,7	   0,0674514	194,6
     31,9795	   0,0661882	194,6	   0,0676676	195,0
     31,9814	   0,0655878	197,4	   0,0670819	193,6
     31,9834	   0,0651336	196,1	   0,0669073	195,7
     31,9853	   0,0652524	196,7	   0,0660429	195,5
     31,9873	   0,0645076	197,7	   0,0664823	197,1
     31,9892	    0,064341	195,7	   0,0658925	195,5
     31,9912	    0,063766	197,9	   0,0654009	196,3
     31,9932	   0,0637337	197,7	     0,06483	199,0
     31,9951	   0,0631803	198,7	   0,0650313	196,5
     31,9971	   0,0626163	197,8	   0,0647802	-160,0
      31,999	   0,0624063	199,5	   0,0647177	-162,0
      32,001	    0,062282	-159,5	   0,0642067	-160,2
     32,0029	   0,0618705	-159,5	   0,0638132	-160,6
     32,0049	    0,061566	-158,8	   0,0635842	-159,9
     32,0068	   0,0613466	-158,7	   0,0630697	-159,4
     32,0088	   0,0610177	-158,5	   0,0629155	-159,1
     32,0108	   0,0609779	-158,2	    0,062393	-158,5
     32,0127	   0,0605336	-158,0	   0,0624252	-158,4
     32,0147	   0,0603531	-157,1	   0,0617469	-158,0
     32,0166	   0,0597548	-156,4	   0,0617279	-157,5
     32,0186	   0,0596176	-156,5	   0,0612422	-157,3
     32,0205	   0,0592018	-156,4	      0,0613	-156,8
     32,0225	   0,0591667	-155,7	   0,0608888	-156,2
     32,0244	   0,0585954	-155,0	   0,0605152	-155,9
     32,0264	   0,0584385	-154,7	   0,0602083	-155,6
     32,0283	   0,0578938	-154,2	   0,0597939	-155,1
     32,0303	   0,0577631	-153,6	   0,0598111	-154,8
     32,0323	   0,0574551	-153,4	   0,0590782	-154,6
     32,0342	   0,0570659	-153,5	   0,0593745	-154,2
     32,0362	   0,0570423	-153,1	   0,0588092	-153,8
     32,0381	   0,0563975	-152,4	   0,0586199	-153,7
     32,0401	   0,0565374	-152,5	   0,0584205	-152,3
      32,042	   0,0558791	-151,9	   0,0580087	-152,6
      32,044	   0,0557052	-151,2	   0,0577698	-152,5
     32,0459	    0,055523	-151,1	   0,0571738	-151,9
     32,0479	    0,055169	-150,9	   0,0572102	-151,7
     32,0499	   0,0548419	-150,5	   0,0566761	-151,1
     32,0518	    0,054683	-150,1	   0,0566562	-151,0
     32,0538	   0,0543606	-150,1	   0,0562772	-150,1
     32,0557	   0,0538293	-149,7	   0,0560391	-150,2
     32,0577	   0,0538277	-149,0	   0,0560104	-150,3
     32,0596	   0,0535177	-148,8	   0,0553142	-149,3
     32,0616	   0,0532361	-148,5	   0,0553283	-149,5
     32,0635	   0,0529845	-148,2	   0,0550219	-148,5
     32,0655	    0,052974	-147,9	    0,054699	-148,4
     32,0674	   0,0526325	-147,7	   0,0543749	-147,7
     32,0694	   0,0520034	-147,7	   0,0538837	-147,4
     32,0714	   0,0519443	-147,2	   0,0539502	-147,4
     32,0733	   0,0516103	-147,1	    0,053695	-147,2
     32,0753	   0,0513742	-146,3	   0,0532862	-146,7
     32,0772	   0,0512252	-146,2	   0,0532065	-146,8
     32,0792	   0,0506308	-145,9	   0,0527902	-146,1
     32,0811	    0,050697	-145,6	   0,0527319	-146,1
     32,0831	   0,0502904	-145,3	   0,0523183	-145,7
      32,085	   0,0498888	-145,0	   0,0517499	-145,5
      32,087	   0,0498924	-144,6	    0,051844	-145,2
      32,089	   0,0493303	-144,4	   0,0512946	-145,0
     32,0909	   0,0491967	-144,5	   0,0512074	-144,7
     32,0929	   0,0490259	-143,9	   0,0509831	-144,4
     32,0948	   0,0484941	-143,8	   0,0508713	-143,5
     32,0968	   0,0485683	-143,4	   0,0504337	-143,8
     32,0987	   0,0480533	-143,1	   0,0502493	-143,2
     32,1007	   0,0478425	-142,9	   0,0498598	-143,2
     32,1026	   0,0475951	-142,9	   0,0496454	-142,9
     32,1046	   0,0472149	-142,6	   0,0492818	-142,4
     32,1065	   0,0472493	-142,1	   0,0490894	-142,2
     32,1085	   0,0468915	-142,6	   0,0490207	-141,8
     32,1105	   0,0466164	-141,6	   0,0484934	-142,0
     32,1124	   0,0464037	-141,1	   0,0483073	-141,4
     32,1144	    0,046127	-141,1	   0,0480982	-141,3
     32,1163	   0,0458736	-140,7	   0,0475882	-140,9
     32,1183	   0,0457095	-141,0	   0,0475934	-140,6
     32,1202	   0,0453572	-140,5	   0,0473244	-140,4
     32,1222	   0,0452542	-140,0	   0,0469747	-139,9
     32,1241	   0,0450808	-139,6	   0,0469435	-140,0
     32,1261	   0,0446503	-139,6	   0,0467262	-139,4
     32,1281	   0,0446135	-139,1	   0,0461299	-139,5
       32,13	   0,0442121	-139,4	   0,0461722	-139,2
      32,132	   0,0441773	-138,8	   0,0459623	-138,5
     32,1339	   0,0438218	-138,2	   0,0455439	-138,2
     32,1359	   0,0437867	-137,6	    0,045397	-138,4
     32,1378	    0,043428	-138,6	    0,045219	-137,5
     32,1398	   0,0431624	-137,4	   0,0445866	-137,7
     32,1417	   0,0429902	-137,6	   0,0446224	-138,1
     32,1437	   0,0426094	-137,3	   0,0445893	-137,1
     32,1456	   0,0424647	-137,0	   0,0439656	-137,4
     32,1476	   0,0423524	-137,0	   0,0439478	-137,4
     32,1496	   0,0420597	-136,6	   0,0437429	-137,1
     32,1515	   0,0417667	-136,1	   0,0434085	-136,1
     32,1535	   0,0416818	-136,0	   0,0430795	-136,8
     32,1554	   0,0413556	-136,2	   0,0431178	-135,9
     32,1574	   0,0409206	-135,6	    0,042733	-135,9
     32,1593	   0,0409878	-135,3	   0,0423584	-135,6
     32,1613	   0,0406911	-135,0	   0,0422183	-135,5
     32,1632	   0,0403927	-134,6	   0,0421647	-135,1
     32,1652	   0,0402247	-134,6	   0,0417252	-134,7
     32,1672	   0,0400194	-134,5	   0,0414254	-135,0
     32,1691	   0,0398127	-134,5	   0,0413665	-134,6
     32,1711	   0,0395358	-133,9	   0,0410909	-134,4
      32,173	   0,0394581	-133,5	   0,0408068	-133,9
      32,175	    0,039195	-133,2	    0,040557	-134,2
     32,1769	   0,0388764	-133,7	   0,0404929	-133,9
     32,1789	   0,0386605	-133,3	   0,0401943	-133,4
     32,1808	   0,0384755	-132,8	    0,039889	-132,5
     32,1828	   0,0382558	-133,0	   0,0397268	-132,8
     32,1847	   0,0380018	-132,2	    0,039576	-132,7
     32,1867	    0,037795	-131,9	   0,0393027	-132,9
     32,1887	   0,0377929	-132,1	   0,0390705	-132,0
     32,1906	   0,0374541	-132,4	    0,038762	-132,5
     32,1926	   0,0373495	-131,8	   0,0386731	-131,9
     32,1945	   0,0370359	-131,3	   0,0383566	-131,8
     32,1965	   0,0367948	-131,4	   0,0380625	-131,3
     32,1984	   0,0366557	-131,3	   0,0378116	-131,9
     32,2004	   0,0363809	-131,0	   0,0377258	-131,3
     32,2023	   0,0362617	-130,7	   0,0375385	-130,7
     32,2043	   0,0360619	-130,1	   0,0373112	-130,9
     32,2063	   0,0357876	-130,5	   0,0369578	-131,1
     32,2082	   0,0355393	-129,9	   0,0368466	-130,6
     32,2102	   0,0354248	-130,0	   0,0366554	-130,4
     32,2121	    0,035257	-130,2	     0,03655	-130,0
     32,2141	   0,0350747	-130,0	   0,0362821	-130,1
      32,216	   0,0347888	-129,3	   0,0360348	-129,9
      32,218	   0,0346163	-128,8	    0,035874	-129,8
     32,2199	   0,0344814	-129,3	   0,0355208	-129,1
     32,2219	    0,034221	-128,8	   0,0353217	-129,2
     32,2239	   0,0340522	-128,2	   0,0351723	-129,0
     32,2258	   0,0338575	-128,3	   0,0349712	-129,0
     32,2278	   0,0336275	-128,3	   0,0348046	-128,7
     32,2297	   0,0333542	-128,8	   0,0345824	-128,4
     32,2317	   0,0332787	-127,7	   0,0344672	-128,1
     32,2336	   0,0331311	-128,6	   0,0342345	-128,5
     32,2356	   0,0329403	-127,8	   0,0340601	-128,1
     32,2375	   0,0327826	-127,5	   0,0337131	-127,7
     32,2395	   0,0325615	-127,8	   0,0335139	-127,5
     32,2414	   0,0323371	-127,3	   0,0332801	-127,6
     32,2434	   0,0321685	-126,9	   0,0331928	-127,2
     32,2454	    0,031884	-127,3	   0,0330289	-127,5
     32,2473	   0,0317434	-127,2	   0,0328129	-126,9
     32,2493	   0,0316601	-127,1	   0,0325238	-126,7
     32,2512	   0,0315285	-126,6	   0,0324005	-126,8
     32,2532	   0,0312253	-126,1	   0,0322107	-127,1
     32,2551	   0,0310617	-126,7	   0,0320869	-127,3
     32,2571	   0,0308909	-127,0	    0,031942	-126,7
      32,259	   0,0306905	-126,5	   0,0317589	-126,6
      32,261	   0,0305927	-126,1	   0,0315359	-126,2
      32,263	   0,0304102	-125,8	   0,0313136	-126,3
     32,2649	   0,0302287	-126,3	   0,0310635	-126,5
     32,2669	   0,0300067	-126,1	   0,0309559	-125,7
     32,2688	    0,029872	-125,9	   0,0307119	-125,6
     32,2708	   0,0297578	-125,7	   0,0305648	-125,0
     32,2727	    0,029623	-125,2	   0,0304218	-125,3
     32,2747	   0,0294911	-125,8	   0,0301847	-125,7
     32,2766	   0,0292483	-125,1	   0,0299958	-125,4
     32,2786	   0,0290873	-125,3	   0,0298573	-124,8
     32,2805	   0,0288835	-124,3	   0,0297213	-124,7
     32,2825	   0,0286902	-124,3	   0,0295372	-124,1
     32,2845	   0,0284955	-124,3	   0,0294255	-124,7
     32,2864	   0,0283751	-124,5	   0,0291994	-124,6
     32,2884	    0,028273	-124,1	   0,0290418	-124,4
     32,2903	   0,0280944	-124,0	   0,0289023	-124,0
     32,2923	   0,0279008	-123,8	   0,0286889	-124,6
     32,2942	   0,0277233	-123,3	   0,0285892	-123,8
     32,2962	   0,0275474	-123,6	   0,0284126	-123,5
     32,2981	    0,027433	-123,6	   0,0282229	-123,9
     32,3001	   0,0273009	-123,3	   0,0280353	-123,5
     32,3021	    0,027131	-123,1	   0,0278904	-123,6
      32,304	   0,0269438	-123,0	   0,0277264	-123,4
      32,306	   0,0267737	-122,9	   0,0275735	-123,2
     32,3079	   0,0266038	-123,0	   0,0274254	-123,1
     32,3099	   0,0264592	-122,9	   0,0272632	-123,2
     32,3118	   0,0263393	-122,5	   0,0270595	-122,6
     32,3138	   0,0262259	-122,8	   0,0269565	-122,7
     32,3157	   0,0260405	-122,6	   0,0267855	-122,6
     32,3177	   0,0259037	-122,9	   0,0266482	-122,6
     32,3196	   0,0257964	-122,1	   0,0264879	-122,4
     32,3216	   0,0256021	-122,0	   0,0263627	-122,5
     32,3236	   0,0254422	-122,5	   0,0262237	-122,2
     32,3255	   0,0253027	-122,2	   0,0260566	-122,1
     32,3275	   0,0251614	-121,8	   0,0259204	-122,1
     32,3294	   0,0250325	-121,5	   0,0257677	-122,0
     32,3314	   0,0249096	-121,6	    0,025585	-121,9
     32,3333	   0,0247557	-121,7	   0,0254071	-122,2
     32,3353	   0,0245942	-121,8	   0,0252277	-121,6
     32,3372	   0,0244588	-121,4	   0,0250977	-121,4
     32,3392	   0,0243321	-121,2	   0,0250253	-121,3
     32,3412	   0,0241843	-121,2	   0,0248951	-121,3
     32,3431	     0,02404	-121,0	   0,0247496	-121,3
     32,3451	   0,0239102	-121,2	   0,0246097	-121,2
      32,347	   0,0238108	-121,0	   0,0244337	-121,3
      32,349	   0,0236698	-120,5	   0,0242536	-121,1
     32,3509	   0,0234969	-120,7	   0,0241075	-121,1
     32,3529	   0,0233791	-120,9	   0,0240106	-120,5
     32,3548	   0,0232816	-120,8	   0,0238624	-120,8
     32,3568	   0,0231707	-120,5	   0,0237443	-120,7
     32,3587	   0,0229785	-120,4	   0,0235708	-120,9
     32,3607	   0,0228353	-120,3	   0,0234592	-120,8
     32,3627	   0,0227686	-120,4	   0,0233175	-120,4
     32,3646	   0,0226505	-120,1	    0,023174	-120,5
     32,3666	   0,0225084	-119,8	   0,0230322	-120,4
     32,3685	   0,0224071	-120,3	   0,0229505	-120,0
     32,3705	   0,0222451	-119,9	   0,0228195	-119,9
     32,3724	   0,0221366	-119,7	   0,0226978	-119,8
     32,3744	   0,0219584	-120,5	   0,0225518	-120,3
     32,3763	   0,0218417	-119,7	   0,0224342	-120,2
     32,3783	    0,021721	-119,8	   0,0222431	-119,6
     32,3803	   0,0216416	-119,7	   0,0221289	-119,4
     32,3822	   0,0213652	-120,7	   0,0220629	-119,5
     32,3842	   0,0214133	-119,5	   0,0219298	-119,6
     32,3861	   0,0213086	-119,5	   0,0218059	-119,5
     32,3881	   0,0211975	-119,5	   0,0216801	-119,3
       32,39	   0,0210824	-118,8	   0,0215455	-119,7
      32,392	   0,0209025	-119,0	   0,0214526	-119,2
     32,3939	   0,0207994	-119,5	   0,0213946	-119,2
     32,3959	   0,0207455	-119,4	   0,0211974	-119,6
     32,3979	   0,0206664	-118,8	   0,0211003	-119,4
     32,3998	   0,0204792	-118,9	   0,0209282	-119,3
     32,4018	   0,0203664	-118,9	   0,0207837	-118,9
     32,4037	   0,0202523	-119,0	   0,0207358	-119,1
     32,4057	   0,0200952	-118,8	   0,0206647	-119,0
     32,4076	   0,0200533	-118,5	   0,0205589	-118,7
     32,4096	   0,0199126	-118,8	   0,0203765	-119,2
     32,4115	   0,0198195	-118,8	   0,0201873	-119,0
     32,4135	    0,019744	-118,5	   0,0200668	-118,5
     32,4154	    0,019583	-118,3	   0,0200279	-118,2
     32,4174	   0,0194866	-118,4	   0,0200053	-118,6
     32,4194	   0,0194426	-118,6	   0,0198875	-118,8
     32,4213	   0,0193033	-118,2	   0,0197663	-118,5
     32,4233	   0,0191856	-118,2	   0,0196381	-118,5
     32,4252	   0,0190593	-118,2	   0,0194776	-118,5
     32,4272	   0,0189915	-118,2	   0,0193716	-118,3
     32,4291	   0,0189244	-118,1	   0,0192914	-118,1
     32,4311	   0,0188092	-118,2	   0,0192241	-118,0
      32,433	   0,0186677	-117,8	    0,019121	-118,1
      32,435	   0,0185758	-118,4	   0,0190141	-118,0
      32,437	   0,0185307	-117,9	   0,0188916	-118,2
     32,4389	   0,0184471	-117,8	   0,0187786	-118,2
     32,4409	   0,0183394	-117,8	    0,018708	-118,1
     32,4428	    0,018188	-117,9	   0,0185767	-117,8
     32,4448	   0,0180755	-117,8	   0,0184325	-118,0
     32,4467	   0,0180017	-117,5	    0,018392	-117,6
     32,4487	   0,0179219	-117,7	   0,0183072	-117,4
     32,4506	   0,0178407	-117,5	   0,0182419	-117,5
     32,4526	   0,0177522	-117,4	   0,0181462	-117,7
     32,4545	   0,0176244	-117,4	   0,0179792	-118,1
     32,4565	   0,0175506	-117,4	   0,0178856	-117,5
     32,4585	   0,0174928	-117,9	   0,0177866	-117,5
     32,4604	   0,0173788	-117,8	   0,0177204	-117,5
     32,4624	   0,0172978	-117,4	   0,0175974	-117,4
     32,4643	   0,0171791	-117,4	   0,0174772	-117,3
     32,4663	   0,0171126	-117,1	   0,0174024	-117,3
     32,4682	   0,0170254	-117,1	   0,0173816	-117,3
     32,4702	   0,0169033	-117,1	   0,0173502	-117,2
     32,4721	   0,0168164	-117,3	   0,0171879	-117,4
     32,4741	   0,0167973	-116,9	   0,0170644	-117,2
     32,4761	   0,0166752	-117,4	   0,0169763	-117,1
      32,478	   0,0166012	-116,9	   0,0169199	-117,3
       32,48	    0,016486	-117,2	   0,0168624	-117,1
     32,4819	   0,0164037	-116,9	   0,0167476	-117,4
     32,4839	   0,0163523	-116,9	   0,0165983	-117,3
     32,4858	   0,0162793	-116,8	   0,0164941	-117,1
     32,4878	   0,0161786	-116,9	   0,0164452	-116,8
     32,4897	    0,016047	-116,4	   0,0164399	-116,5
     32,4917	   0,0159589	-116,8	   0,0163601	-116,9
     32,4936	   0,0159127	-116,8	    0,016237	-117,2
     32,4956	   0,0158872	-116,7	   0,0161375	-117,2
     32,4976	    0,015801	-116,4	   0,0160069	-117,3
     32,4995	   0,0156986	-116,6	   0,0159582	-116,5
     32,5015	   0,0155656	-116,8	   0,0159553	-116,9
     32,5034	   0,0155152	-116,6	   0,0158144	-117,1
     32,5054	   0,0155004	-116,6	   0,0157123	-117,0
     32,5073	   0,0154079	-116,6	   0,0156168	-116,7
     32,5093	   0,0153167	-116,6	   0,0155388	-116,6
     32,5112	   0,0152102	-116,2	   0,0154705	-116,8
     32,5132	    0,015125	-116,6	   0,0153955	-116,3
     32,5152	   0,0150931	-116,0	   0,0153532	-116,6
     32,5171	   0,0150024	-116,7	   0,0152771	-116,4
     32,5191	   0,0150018	-116,8	   0,0152052	-116,5
      32,521	   0,0148963	-116,4	    0,015094	-116,6
      32,523	   0,0147659	-116,4	   0,0149921	-116,4
     32,5249	   0,0147092	-116,5	   0,0149348	-116,6
     32,5269	   0,0146176	-116,5	   0,0148927	-116,4
     32,5288	   0,0145411	-116,4	    0,014858	-116,3
     32,5308	   0,0145147	-116,5	   0,0147768	-116,2
     32,5327	    0,014427	-116,3	   0,0146032	-116,2
     32,5347	   0,0143629	-116,0	   0,0145445	-116,2
     32,5367	   0,0142622	-116,2	   0,0145395	-116,3
     32,5386	   0,0142207	-116,5	   0,0144926	-116,6
     32,5406	   0,0141429	-116,3	   0,0143495	-116,2
     32,5425	   0,0140947	-115,9	   0,0142916	-116,2
     32,5445	    0,014038	-116,1	   0,0142816	-116,0
     32,5464	    0,013936	-115,8	   0,0141821	-116,1
     32,5484	    0,013865	-116,1	   0,0141199	-116,3
     32,5503	   0,0138588	-115,8	   0,0139578	-116,5
     32,5523	   0,0137998	-115,6	   0,0139059	-116,0
     32,5543	   0,0136418	-115,5	   0,0139092	-115,8
     32,5562	    0,013569	-116,3	   0,0139235	-115,8
     32,5582	   0,0135994	-116,1	   0,0138023	-116,5
     32,5601	   0,0135398	-115,8	   0,0136446	-116,2
     32,5621	   0,0134275	-115,5	   0,0135977	-116,0
      32,564	   0,0133929	-116,0	   0,0135671	-116,0
      32,566	   0,0133557	-115,9	    0,013528	-116,1
     32,5679	   0,0132575	-115,8	   0,0133804	-115,6
     32,5699	    0,013179	-115,6	   0,0133806	-115,8
     32,5718	   0,0131428	-115,7	   0,0133348	-115,6
     32,5738	   0,0130985	-115,5	    0,013281	-116,2
     32,5758	   0,0129743	-115,5	   0,0131212	-116,1
     32,5777	   0,0129104	-115,5	   0,0130954	-115,9
     32,5797	   0,0129068	-115,6	   0,0130471	-115,6
     32,5816	   0,0128703	-115,8	   0,0130216	-116,0
     32,5836	   0,0127389	-115,2	    0,012961	-115,5
     32,5855	    0,012667	-115,4	   0,0128915	-115,8
     32,5875	   0,0126197	-116,0	   0,0128035	-115,7
     32,5894	    0,012655	-115,4	   0,0127127	-115,8
     32,5914	   0,0125335	-115,6	   0,0127372	-115,7
     32,5934	   0,0124778	-115,6	   0,0127223	-115,9
     32,5953	   0,0124438	-115,6	   0,0126521	-115,7
     32,5973	   0,0123729	-115,7	   0,0125687	-116,3
     32,5992	    0,012262	-115,6	   0,0124061	-115,5
     32,6012	   0,0122589	-116,0	    0,012408	-115,3
     32,6031	   0,0122149	-115,4	    0,012447	-116,0
     32,6051	   0,0121196	-115,3	   0,0123065	-115,9
      32,607	   0,0120483	-115,7	    0,012216	-115,8
      32,609	   0,0120962	-115,7	   0,0121391	-115,3
     32,6109	   0,0120362	-115,2	   0,0121024	-115,3
     32,6129	   0,0118441	-115,2	    0,012107	-115,4
     32,6149	   0,0118074	-116,0	   0,0120202	-115,9
     32,6168	   0,0118657	-115,8	   0,0118848	-116,0
     32,6188	   0,0118309	-115,0	   0,0118592	-115,2
     32,6207	    0,011687	-115,5	   0,0118187	-115,1
     32,6227	   0,0115854	-115,4	   0,0118097	-115,5
     32,6246	   0,0116201	-115,4	    0,011731	-115,6
     32,6266	   0,0115485	-115,2	   0,0116687	-115,5
     32,6285	   0,0114763	-115,6	   0,0116215	-115,3
     32,6305	   0,0114873	-115,2	   0,0116009	-115,3
     32,6325	   0,0113902	-115,2	   0,0114997	-115,6
     32,6344	   0,0113203	-115,4	   0,0114275	-115,6
     32,6364	   0,0113387	-115,0	   0,0114021	-115,2
     32,6383	   0,0112489	-114,8	   0,0114074	-115,3
     32,6403	   0,0111822	-115,4	   0,0113551	-115,6
     32,6422	   0,0111629	-115,2	   0,0112414	-115,2
     32,6442	   0,0110882	-115,6	   0,0112522	-115,0
     32,6461	   0,0110562	-115,2	   0,0111809	-115,6
     32,6481	    0,010977	-115,3	   0,0111083	-115,4
       32,65	   0,0108775	-115,3	   0,0110912	-115,3
      32,652	   0,0109404	-115,5	   0,0110628	-115,2
      32,654	   0,0109142	-115,2	    0,010998	-115,3
     32,6559	   0,0108078	-114,8	   0,0109031	-115,2
     32,6579	   0,0106731	-115,2	   0,0108663	-115,5
     32,6598	   0,0106604	-115,9	   0,0108201	-115,6
     32,6618	   0,0106942	-115,2	   0,0107354	-115,4
     32,6637	   0,0106683	-115,4	   0,0107417	-115,1
     32,6657	   0,0105754	-114,5	    0,010761	-115,5
     32,6676	   0,0104802	-114,9	   0,0106717	-115,5
     32,6696	   0,0104563	-114,8	   0,0104933	-115,6
     32,6716	    0,010436	-115,8	   0,0104885	-114,8
     32,6735	   0,0104261	-115,1	   0,0105459	-115,0
     32,6755	   0,0103581	-114,5	   0,0105028	-115,6
     32,6774	   0,0102678	-115,5	   0,0104053	-115,7
     32,6794	   0,0102886	-115,6	   0,0102829	-115,0
     32,6813	   0,0102647	-115,1	   0,0103688	-114,5
     32,6833	   0,0100951	-115,2	   0,0103385	-115,6
     32,6852	   0,0100912	-115,1	   0,0101748	-115,1
     32,6872	   0,0101181	-115,1	   0,0101346	-115,3
     32,6891	   0,0100678	-115,0	   0,0102053	-114,3
     32,6911	  0,00998898	-115,0	   0,0101497	-115,5
     32,6931	  0,00991343	-115,0	     0,01002	-115,2
      32,695	  0,00993825	-115,3	  0,00997125	-114,9
      32,697	   0,0099614	-115,3	  0,00998085	-114,8
     32,6989	  0,00981683	-114,0	  0,00999643	-114,5
     32,7009	   0,0096597	-115,2	  0,00984614	-115,7
     32,7028	  0,00975687	-114,8	  0,00982429	-114,7
     32,7048	  0,00975612	-114,4	  0,00985286	-115,1
     32,7067	  0,00964942	-114,9	  0,00970813	-115,5
     32,7087	  0,00959114	-115,0	  0,00968331	-114,9
     32,7107	  0,00959025	-115,2	  0,00973971	-114,9
     32,7126	  0,00955797	-114,8	  0,00964268	-115,8
     32,7146	  0,00952128	-115,0	  0,00950547	-115,0
     32,7165	  0,00944509	-115,0	   0,0095224	-114,9
     32,7185	  0,00939896	-115,1	  0,00955486	-115,1
     32,7204	  0,00936744	-115,1	  0,00947213	-115,6
     32,7224	   0,0093039	-115,1	  0,00942079	-115,0
     32,7243	  0,00930531	-115,0	    0,009374	-115,5
     32,7263	  0,00930769	-115,0	  0,00935663	-115,0
     32,7282	  0,00926491	-114,7	  0,00936446	-115,2
     32,7302	   0,0091553	-114,6	   0,0092368	-115,7
     32,7322	  0,00912498	-115,1	   0,0091487	-115,1
     32,7341	  0,00914189	-114,8	  0,00923383	-114,5
     32,7361	  0,00913105	-114,7	   0,0091993	-115,3
      32,738	  0,00896234	-114,8	  0,00906394	-115,3
       32,74	  0,00898609	-115,3	  0,00908329	-115,3
     32,7419	  0,00900149	-114,7	  0,00906737	-115,1
     32,7439	  0,00890562	-114,3	  0,00900417	-115,2
     32,7458	  0,00884985	-115,2	  0,00900061	-115,2
     32,7478	  0,00891307	-114,8	  0,00896819	-115,5
     32,7498	  0,00882161	-114,6	  0,00890067	-114,9
     32,7517	  0,00878207	-114,9	  0,00887265	-115,6
     32,7537	  0,00874439	-115,2	  0,00881461	-115,2
     32,7556	  0,00872873	-114,6	  0,00878811	-115,0
     32,7576	   0,0086974	-115,1	  0,00877116	-115,2
     32,7595	  0,00859596	-114,8	  0,00876163	-115,1
     32,7615	   0,0086236	-115,0	  0,00862173	-115,4
     32,7634	  0,00860624	-114,7	  0,00858739	-114,7
     32,7654	  0,00849371	-115,1	  0,00863277	-115,0
     32,7673	  0,00850568	-114,8	  0,00853989	-115,8
     32,7693	  0,00848615	-114,3	   0,0085363	-114,7
     32,7713	  0,00839984	-114,5	  0,00852589	-114,9
     32,7732	  0,00837706	-115,4	  0,00848089	-115,6
     32,7752	  0,00841722	-114,8	  0,00832739	-115,4
     32,7771	  0,00833593	-114,1	    0,008386	-114,5
     32,7791	  0,00824545	-115,4	  0,00844799	-115,0
      32,781	  0,00827479	-115,4	  0,00834063	-115,4
      32,783	  0,00825769	-114,9	  0,00815556	-115,0
     32,7849	  0,00818323	-114,4	    0,008246	-114,2
     32,7869	  0,00812365	-114,9	  0,00829497	-115,1
     32,7889	  0,00815786	-115,0	  0,00814696	-115,8
     32,7908	  0,00811887	-114,7	  0,00807723	-114,7
     32,7928	  0,00803232	-114,4	  0,00812434	-114,3
     32,7947	  0,00803971	-115,1	  0,00807191	-115,3
     32,7967	  0,00802185	-114,5	   0,0080932	-115,1
     32,7986	  0,00794278	-114,9	  0,00797228	-115,5
     32,8006	  0,00795047	-115,2	  0,00798332	-114,8
     32,8025	  0,00787914	-115,0	  0,00793354	-115,2
     32,8045	  0,00786788	-115,3	  0,00791678	-115,1
     32,8064	  0,00786845	-114,9	  0,00793273	-114,9
     32,8084	   0,0077641	-114,8	  0,00784182	-115,3
     32,8104	  0,00775607	-114,8	  0,00781118	-115,0
     32,8123	  0,00773322	-114,5	  0,00780864	-114,7
     32,8143	  0,00773706	-114,8	  0,00775113	-115,5
     32,8162	  0,00767417	-114,9	  0,00768539	-115,2
     32,8182	  0,00763514	-114,9	  0,00777796	-114,7
     32,8201	  0,00760563	-114,8	  0,00767295	-116,3
     32,8221	  0,00755517	-115,1	  0,00754857	-115,1
      32,824	  0,00757184	-115,2	  0,00766191	-114,3
      32,826	  0,00759084	-114,7	  0,00767819	-115,5
      32,828	  0,00749006	-114,7	  0,00751375	-115,7
     32,8299	  0,00744571	-115,1	  0,00745544	-114,4
     32,8319	  0,00744944	-114,8	  0,00760401	-114,6
     32,8338	  0,00739595	-114,9	  0,00743978	-115,9
     32,8358	  0,00737594	-115,2	  0,00741415	-114,7
     32,8377	  0,00737674	-114,5	  0,00742386	-114,9
     32,8397	   0,0073164	-114,3	  0,00740438	-115,3
     32,8416	  0,00729429	-115,3	   0,0073397	-114,7
     32,8436	  0,00726847	-114,6	   0,0073408	-114,8
     32,8456	  0,00718161	-115,3	  0,00725779	-115,4
     32,8475	  0,00722635	-114,9	  0,00726527	-115,2
     32,8495	  0,00715498	-114,4	  0,00723096	-115,0
     32,8514	  0,00711443	-115,1	  0,00724112	-115,4
     32,8534	  0,00713291	-114,9	   0,0071464	-114,9
     32,8553	  0,00709377	-115,4	  0,00716594	-114,7
     32,8573	   0,0070566	-114,7	  0,00713224	-115,3
     32,8592	  0,00703152	-115,2	  0,00702081	-114,7
     32,8612	  0,00703986	-114,9	  0,00710125	-115,0
     32,8631	  0,00696459	-114,7	  0,00701961	-115,3
     32,8651	  0,00692032	-116,0	  0,00696604	-114,7
     32,8671	  0,00698786	-114,7	  0,00701904	-115,2
      32,869	  0,00687963	-114,8	  0,00690431	-115,6
      32,871	  0,00683974	-115,5	  0,00690095	-115,4
     32,8729	  0,00689905	-115,2	  0,00691649	-114,9
     32,8749	  0,00680988	-115,0	  0,00690477	-115,6
     32,8768	  0,00677588	-114,9	    0,006784	-115,3
     32,8788	  0,00682589	-115,3	   0,0067941	-114,6
     32,8807	  0,00675773	-114,3	  0,00681338	-115,0
     32,8827	  0,00665012	-115,5	  0,00677257	-115,7
     32,8847	   0,0067969	-115,2	  0,00673238	-115,3
     32,8866	  0,00667519	-114,0	  0,00677291	-115,1
     32,8886	  0,00655275	-115,2	  0,00671489	-116,2
     32,8905	  0,00672928	-115,3	  0,00659512	-115,1
     32,8925	  0,00658784	-114,1	  0,00668027	-114,6
     32,8944	  0,00648875	-115,8	  0,00663844	-115,1
     32,8964	  0,00660991	-115,2	  0,00658429	-115,3
     32,8983	  0,00650085	-114,7	  0,00656592	-115,0
     32,9003	  0,00641234	-116,0	  0,00656476	-115,5
     32,9022	  0,00655466	-115,0	  0,00650578	-115,8
     32,9042	  0,00642569	-113,6	  0,00647125	-115,1
     32,9062	  0,00631949	-116,6	  0,00652695	-115,2
     32,9081	  0,00652044	-115,3	  0,00634219	-115,6
     32,9101	  0,00633982	-114,4	  0,00639347	-114,5
      32,912	  0,00628033	-116,3	  0,00647007	-114,6
      32,914	   0,0063829	-114,7	  0,00630109	-116,3
     32,9159	  0,00623629	-114,6	  0,00628009	-114,7
     32,9179	  0,00625665	-115,3	  0,00635971	-115,3
     32,9198	  0,00631156	-114,5	  0,00625434	-115,6
     32,9218	  0,00617545	-115,2	    0,006265	-115,1
     32,9238	  0,00623622	-115,9	  0,00626067	-115,3
     32,9257	  0,00621719	-114,7	  0,00619007	-115,7
     32,9277	  0,00610916	-115,1	   0,0062018	-114,7
     32,9296	  0,00610945	-115,5	  0,00621787	-115,4
     32,9316	  0,00612779	-115,0	  0,00611752	-115,5
     32,9335	  0,00607725	-114,7	   0,0061133	-115,3
     32,9355	  0,00604019	-115,4	  0,00613048	-115,9
     32,9374	  0,00607002	-114,3	  0,00603944	-115,7
     32,9394	  0,00597011	-115,5	  0,00606881	-115,0
     32,9413	  0,00604172	-115,3	  0,00599276	-115,5
     32,9433	  0,00591049	-115,0	  0,00597422	-115,9
     32,9453	  0,00595531	-115,7	  0,00599938	-115,5
     32,9472	  0,00599705	-115,1	  0,00593772	-115,6
     32,9492	  0,00585811	-115,2	  0,00589661	-115,3
     32,9511	  0,00590274	-115,3	  0,00596205	-115,4
     32,9531	  0,00586285	-115,0	  0,00588372	-115,7
      32,955	  0,00578491	-116,0	  0,00582299	-115,4
      32,957	   0,0058717	-115,5	  0,00587791	-115,1
     32,9589	  0,00579269	-114,2	  0,00578199	-115,8
     32,9609	  0,00577397	-114,7	  0,00581512	-115,3
     32,9629	  0,00578758	-115,7	  0,00572801	-115,8
     32,9648	  0,00573612	-115,1	  0,00573784	-115,0
     32,9668	  0,00566885	-115,6	  0,00576385	-115,4
     32,9687	  0,00569571	-116,3	  0,00573578	-116,0
     32,9707	  0,00570574	-115,5	  0,00560833	-115,1
     32,9726	  0,00560224	-115,7	  0,00569806	-115,3
     32,9746	  0,00563804	-116,0	  0,00568097	-116,0
     32,9765	  0,00559495	-114,7	   0,0055722	-115,7
     32,9785	   0,0056105	-115,1	  0,00562311	-115,5
     32,9804	  0,00551913	-115,5	  0,00561257	-116,1
     32,9824	  0,00551719	-115,2	  0,00545363	-115,3
     32,9844	  0,00553609	-116,3	  0,00563492	-115,2
     32,9863	  0,00550699	-115,2	  0,00549569	-117,1
     32,9883	  0,00542192	-115,7	  0,00538915	-114,3
     32,9902	  0,00548297	-115,2	  0,00565402	-115,2
     32,9922	  0,00543517	-115,0	  0,00529971	-117,4
     32,9941	  0,00537528	-115,8	   0,0053211	-113,6
     32,9961	  0,00543125	-115,8	  0,00568023	-115,4
      32,998	  0,00535248	-115,9	  0,00504347	-117,8
          33	  0,00538059	-115,8	  0,00541646	-111,9

