X-Data [Hz]	Laser (M - Filtered) [m/s]	Phase [Deg]	Laser (M - Filtered) [m/s]	Phase [Deg]	
	002: [07-10-24 10:51]		003: [07-10-24 10:54]	
        41,5	  0,00640562	76,2	  0,00637513	78,5
      41,502	  0,00628403	76,7	  0,00632023	78,8
     41,5039	  0,00623877	78,0	  0,00638065	74,3
     41,5059	  0,00628575	77,1	  0,00649053	73,4
     41,5078	  0,00633356	76,9	  0,00641084	82,4
     41,5098	  0,00645968	80,0	  0,00629143	77,4
     41,5117	  0,00650764	75,6	  0,00653095	78,8
     41,5137	  0,00651589	77,5	   0,0064948	77,1
     41,5156	  0,00647128	77,9	  0,00642733	79,7
     41,5176	  0,00640943	78,4	  0,00647117	76,7
     41,5196	  0,00648779	76,8	  0,00646359	78,7
     41,5215	  0,00647132	74,4	  0,00643993	80,1
     41,5235	  0,00641261	79,5	  0,00652983	73,4
     41,5254	  0,00649126	76,8	  0,00649405	79,6
     41,5274	  0,00645081	82,4	  0,00656448	74,7
     41,5293	  0,00646579	78,2	  0,00664766	79,3
     41,5313	  0,00648105	80,4	  0,00667142	76,2
     41,5332	  0,00652421	80,6	  0,00653155	77,4
     41,5352	  0,00650196	77,6	  0,00648025	79,9
     41,5371	  0,00652888	79,0	  0,00654576	75,0
     41,5391	  0,00655534	74,9	  0,00659858	80,4
     41,5411	  0,00655105	76,7	  0,00657452	78,8
      41,543	  0,00662038	76,4	  0,00655598	79,7
      41,545	  0,00662254	75,4	  0,00668988	77,8
     41,5469	  0,00658045	79,6	  0,00674352	79,5
     41,5489	  0,00653171	77,6	  0,00666056	80,2
     41,5508	  0,00664599	79,7	  0,00659441	77,5
     41,5528	  0,00664692	75,1	  0,00661959	79,9
     41,5547	  0,00665563	75,0	  0,00658494	77,6
     41,5567	   0,0066704	79,4	   0,0066467	76,3
     41,5587	  0,00669113	77,2	  0,00669657	81,0
     41,5606	  0,00663191	80,8	  0,00672306	78,9
     41,5626	  0,00667228	80,4	  0,00667237	82,2
     41,5645	  0,00665132	77,9	  0,00668075	75,7
     41,5665	  0,00660053	79,0	  0,00666925	77,5
     41,5684	  0,00675663	80,9	  0,00672824	76,5
     41,5704	  0,00687699	82,3	  0,00670563	77,3
     41,5723	  0,00682245	76,1	  0,00675444	78,8
     41,5743	  0,00673459	76,3	  0,00676772	77,4
     41,5762	  0,00662795	76,3	  0,00680555	80,7
     41,5782	  0,00663489	75,9	  0,00678128	79,1
     41,5802	  0,00679171	82,0	  0,00674885	83,0
     41,5821	  0,00681237	78,6	  0,00667459	81,3
     41,5841	  0,00677964	78,3	  0,00687367	76,6
      41,586	  0,00679468	77,7	  0,00690602	79,1
      41,588	  0,00677158	78,6	  0,00693068	79,8
     41,5899	  0,00673562	79,4	  0,00681794	81,0
     41,5919	   0,0068222	80,6	  0,00682881	75,8
     41,5938	  0,00685647	79,8	  0,00682587	78,1
     41,5958	  0,00681405	76,4	  0,00688557	79,8
     41,5978	  0,00686558	76,9	  0,00697396	76,4
     41,5997	  0,00695954	80,2	  0,00695287	81,7
     41,6017	  0,00702162	75,7	  0,00697876	79,9
     41,6036	  0,00699888	81,2	  0,00697763	80,3
     41,6056	  0,00693742	81,5	   0,0069562	82,0
     41,6075	  0,00685286	79,9	  0,00699065	77,8
     41,6095	  0,00694588	81,3	  0,00688519	80,2
     41,6114	   0,0069755	76,8	  0,00695712	76,4
     41,6134	  0,00695552	80,9	  0,00697616	78,9
     41,6153	  0,00701919	77,4	  0,00698397	79,5
     41,6173	  0,00699002	77,7	  0,00698079	77,2
     41,6193	  0,00693849	76,2	  0,00705056	80,5
     41,6212	  0,00690465	77,7	  0,00702317	79,1
     41,6232	  0,00699616	79,3	  0,00703642	81,8
     41,6251	  0,00700655	78,0	  0,00704454	81,0
     41,6271	  0,00705849	81,5	  0,00709252	76,7
      41,629	  0,00700442	81,3	  0,00715997	80,0
      41,631	  0,00703038	78,5	  0,00715595	80,9
     41,6329	  0,00708146	81,5	  0,00702475	81,3
     41,6349	  0,00700835	77,2	   0,0070332	80,7
     41,6369	  0,00702734	80,6	  0,00713258	78,1
     41,6388	  0,00707328	83,4	  0,00716026	81,6
     41,6408	  0,00714484	78,4	  0,00708784	78,5
     41,6427	  0,00712164	81,5	   0,0071427	81,0
     41,6447	  0,00713448	77,7	   0,0072712	77,0
     41,6466	  0,00712347	76,3	  0,00731595	75,5
     41,6486	  0,00719649	80,1	  0,00735201	82,4
     41,6505	   0,0072551	75,6	  0,00724485	78,8
     41,6525	  0,00722464	81,6	  0,00714859	79,5
     41,6544	    0,007125	79,0	  0,00712426	81,3
     41,6564	  0,00706493	80,1	  0,00724918	77,8
     41,6584	  0,00712141	83,3	  0,00733297	83,0
     41,6603	  0,00727336	78,6	   0,0073734	78,3
     41,6623	  0,00737955	81,2	  0,00732722	81,2
     41,6642	  0,00729966	77,9	  0,00725824	78,8
     41,6662	  0,00728558	78,5	  0,00724443	77,8
     41,6681	  0,00723042	79,5	  0,00740659	78,6
     41,6701	  0,00725112	76,3	  0,00741401	77,5
      41,672	  0,00731217	80,1	  0,00743535	82,0
      41,674	  0,00738445	79,3	  0,00738025	83,1
      41,676	  0,00734144	80,4	  0,00741356	81,8
     41,6779	  0,00727684	80,4	  0,00737013	81,9
     41,6799	    0,007329	77,6	   0,0073126	77,5
     41,6818	  0,00737835	81,8	  0,00741729	79,0
     41,6838	  0,00733216	80,7	  0,00751599	80,1
     41,6857	  0,00734905	79,4	   0,0075024	79,4
     41,6877	  0,00737785	82,3	  0,00748945	82,6
     41,6896	  0,00749774	77,2	  0,00745784	80,4
     41,6916	  0,00749007	79,5	  0,00741055	78,8
     41,6936	  0,00742135	79,7	  0,00743614	79,1
     41,6955	  0,00741119	78,7	  0,00747546	78,2
     41,6975	  0,00747617	82,2	  0,00751822	83,4
     41,6994	  0,00746575	79,5	  0,00747102	83,4
     41,7014	  0,00744322	79,8	  0,00751355	81,2
     41,7033	  0,00741903	81,9	  0,00754084	82,8
     41,7053	  0,00742224	79,6	    0,007579	76,7
     41,7072	    0,007473	81,5	   0,0076004	80,7
     41,7092	  0,00752583	81,1	  0,00758678	79,9
     41,7111	  0,00758357	80,1	  0,00764587	77,3
     41,7131	  0,00750974	83,5	  0,00760429	79,9
     41,7151	  0,00755411	78,5	  0,00765696	79,6
      41,717	  0,00761523	82,1	  0,00758839	82,5
      41,719	  0,00761138	78,5	  0,00760133	79,4
     41,7209	  0,00754113	77,1	  0,00765873	78,8
     41,7229	  0,00752255	82,7	  0,00777604	83,8
     41,7248	    0,007626	82,6	  0,00767215	81,1
     41,7268	  0,00773291	82,3	  0,00760629	80,5
     41,7287	  0,00768237	78,7	   0,0077627	77,6
     41,7307	  0,00766836	78,5	  0,00774398	78,7
     41,7327	  0,00775243	82,5	  0,00774884	81,0
     41,7346	  0,00778918	79,6	  0,00779547	77,9
     41,7366	  0,00778656	78,1	  0,00799776	82,8
     41,7385	  0,00773094	82,3	  0,00794721	83,5
     41,7405	  0,00776607	80,8	  0,00793366	81,1
     41,7424	  0,00783813	82,0	  0,00782841	84,4
     41,7444	  0,00776939	82,2	  0,00780213	80,5
     41,7463	   0,0077185	80,3	    0,007795	79,9
     41,7483	  0,00772159	82,0	  0,00792116	81,1
     41,7502	  0,00785617	79,7	  0,00793329	79,3
     41,7522	  0,00786857	82,3	  0,00790394	79,9
     41,7542	  0,00790661	80,8	  0,00786341	82,1
     41,7561	  0,00792225	79,7	  0,00781902	80,7
     41,7581	  0,00793878	82,5	  0,00794373	82,2
       41,76	  0,00791651	79,0	  0,00800051	80,3
      41,762	  0,00783394	83,5	   0,0080021	82,9
     41,7639	  0,00788883	85,5	  0,00803064	83,6
     41,7659	   0,0079503	81,7	  0,00806649	80,7
     41,7678	  0,00801232	83,4	  0,00798491	81,7
     41,7698	  0,00804097	85,7	  0,00797751	78,6
     41,7718	  0,00796731	78,6	  0,00808012	79,8
     41,7737	    0,007965	80,3	  0,00811412	82,7
     41,7757	  0,00794086	80,8	   0,0080464	81,0
     41,7776	  0,00801251	78,5	  0,00805558	83,4
     41,7796	  0,00804194	85,9	  0,00807071	82,6
     41,7815	  0,00814126	81,7	  0,00809291	79,0
     41,7835	  0,00815921	83,7	   0,0081552	84,1
     41,7854	  0,00824949	84,5	   0,0082008	81,1
     41,7874	  0,00818581	79,3	  0,00818542	82,1
     41,7893	  0,00815166	83,0	  0,00822866	83,8
     41,7913	  0,00819138	80,2	  0,00833845	79,6
     41,7933	  0,00821951	78,6	  0,00847932	81,5
     41,7952	  0,00820969	84,8	  0,00833487	82,3
     41,7972	  0,00820672	84,7	  0,00828002	80,3
     41,7991	  0,00816843	82,1	  0,00823935	84,3
     41,8011	  0,00815082	82,7	  0,00826406	82,0
      41,803	  0,00814719	79,5	  0,00825169	84,2
      41,805	  0,00817796	82,8	  0,00824148	84,3
     41,8069	  0,00831133	81,7	  0,00838109	79,6
     41,8089	  0,00832557	82,0	  0,00844446	81,5
     41,8109	  0,00836163	83,8	  0,00852509	79,1
     41,8128	  0,00834212	81,8	  0,00856306	80,3
     41,8148	  0,00835808	82,9	  0,00857404	84,2
     41,8167	  0,00832338	83,4	  0,00844733	83,1
     41,8187	  0,00831701	84,0	  0,00845801	80,1
     41,8206	  0,00834655	83,4	  0,00841118	81,2
     41,8226	  0,00837948	86,8	  0,00844331	80,4
     41,8245	  0,00839153	83,7	   0,0085656	83,5
     41,8265	  0,00845859	86,1	  0,00863078	81,7
     41,8284	  0,00847301	79,6	  0,00871462	82,6
     41,8304	  0,00849115	81,4	  0,00873876	83,3
     41,8324	  0,00853616	84,0	  0,00866819	84,7
     41,8343	  0,00854614	81,8	  0,00862767	81,7
     41,8363	  0,00849495	84,0	  0,00865491	83,6
     41,8382	  0,00854872	83,4	  0,00868032	78,5
     41,8402	  0,00857801	82,7	  0,00871425	82,9
     41,8421	  0,00866246	86,2	  0,00869938	82,8
     41,8441	  0,00877637	81,9	  0,00874515	80,0
      41,846	   0,0087198	82,1	  0,00875652	86,0
      41,848	  0,00864946	82,7	  0,00876669	81,3
       41,85	  0,00867034	84,0	  0,00885179	82,1
     41,8519	  0,00870407	85,5	  0,00890072	82,8
     41,8539	  0,00882657	85,7	  0,00887054	82,5
     41,8558	  0,00882758	84,0	  0,00888252	84,1
     41,8578	  0,00881311	82,4	  0,00873816	86,4
     41,8597	   0,0087666	83,0	  0,00880997	81,1
     41,8617	  0,00879563	82,4	  0,00898233	85,3
     41,8636	  0,00875656	85,4	  0,00900115	86,3
     41,8656	  0,00876988	82,1	  0,00903474	81,0
     41,8675	  0,00878622	82,3	  0,00900684	83,7
     41,8695	  0,00877184	85,6	  0,00896719	82,1
     41,8715	  0,00883779	84,0	  0,00894185	79,8
     41,8734	  0,00885117	81,9	  0,00890026	85,8
     41,8754	  0,00889184	84,9	  0,00894672	81,3
     41,8773	  0,00885295	82,7	  0,00902365	83,2
     41,8793	  0,00904375	84,6	  0,00901414	87,9
     41,8812	   0,0090057	84,5	  0,00894893	82,2
     41,8832	  0,00895994	82,5	  0,00898293	84,1
     41,8851	  0,00899221	82,5	  0,00898764	82,0
     41,8871	  0,00894706	85,3	  0,00911116	80,4
     41,8891	  0,00900704	84,3	  0,00921861	85,4
      41,891	   0,0090832	85,3	  0,00926125	84,2
      41,893	  0,00907427	81,8	   0,0092337	86,4
     41,8949	  0,00898269	82,0	  0,00921686	86,0
     41,8969	  0,00906085	86,7	  0,00932368	80,8
     41,8988	    0,009153	86,5	  0,00941613	83,5
     41,9008	  0,00920888	84,8	  0,00939554	85,2
     41,9027	  0,00919221	89,1	  0,00935419	82,0
     41,9047	  0,00923238	83,1	  0,00934219	85,0
     41,9066	  0,00923571	85,9	   0,0093845	84,7
     41,9086	  0,00928471	84,1	  0,00946673	83,1
     41,9106	  0,00928304	81,7	  0,00947595	84,6
     41,9125	  0,00938354	85,7	  0,00948576	81,7
     41,9145	  0,00934022	85,9	   0,0095312	82,3
     41,9164	  0,00936189	84,1	  0,00948556	85,2
     41,9184	  0,00936951	85,5	  0,00950835	82,4
     41,9203	  0,00933819	83,9	  0,00957417	84,8
     41,9223	   0,0093778	82,1	  0,00951884	89,1
     41,9242	  0,00935213	85,5	  0,00959762	82,7
     41,9262	  0,00940052	85,0	  0,00958658	83,9
     41,9282	  0,00949165	83,3	  0,00963052	86,0
     41,9301	  0,00956603	86,6	  0,00959617	84,3
     41,9321	   0,0095746	85,0	  0,00958049	87,1
      41,934	  0,00956161	84,8	  0,00958431	87,5
      41,936	  0,00950232	87,6	  0,00967612	85,2
     41,9379	  0,00951903	83,6	   0,0097673	86,9
     41,9399	  0,00955222	84,2	  0,00987965	83,5
     41,9418	  0,00958662	87,4	  0,00983566	84,6
     41,9438	  0,00961174	83,2	  0,00971379	85,2
     41,9457	  0,00957266	85,4	  0,00976459	84,5
     41,9477	  0,00963305	87,2	  0,00994292	85,9
     41,9497	  0,00970451	84,2	  0,00992824	83,7
     41,9516	  0,00976874	85,1	  0,00993611	85,0
     41,9536	  0,00975613	85,3	  0,00992591	85,1
     41,9555	  0,00979636	84,7	  0,00996634	86,0
     41,9575	  0,00979248	86,0	  0,00994285	84,0
     41,9594	   0,0098312	87,8	  0,00991164	85,2
     41,9614	  0,00989637	83,6	  0,00996832	84,5
     41,9633	  0,00989927	85,9	   0,0100189	82,8
     41,9653	  0,00991419	83,3	  0,00993725	87,7
     41,9673	  0,00987485	86,0	   0,0100689	85,9
     41,9692	  0,00992326	86,3	   0,0102935	86,8
     41,9712	  0,00993394	87,7	   0,0103672	86,5
     41,9731	   0,0100389	86,2	   0,0104387	87,9
     41,9751	  0,00999945	88,8	   0,0103793	87,4
      41,977	   0,0100694	88,6	   0,0103767	88,8
      41,979	   0,0100832	84,6	   0,0103023	84,8
     41,9809	   0,0100524	85,9	   0,0103186	85,0
     41,9829	   0,0100806	84,0	   0,0103154	86,7
     41,9848	   0,0101136	83,3	   0,0103742	84,4
     41,9868	   0,0101464	91,5	    0,010316	90,8
     41,9888	   0,0102411	89,3	   0,0103545	88,7
     41,9907	   0,0102923	86,0	   0,0104208	85,6
     41,9927	   0,0103372	89,2	    0,010526	87,8
     41,9946	   0,0103565	82,6	   0,0106284	86,1
     41,9966	   0,0102537	85,2	   0,0106018	84,3
     41,9985	   0,0103155	86,9	   0,0105398	85,5
     42,0005	   0,0104035	86,4	   0,0105751	85,4
     42,0024	   0,0105183	89,3	    0,010625	87,3
     42,0044	   0,0104904	89,3	   0,0106166	90,2
     42,0064	   0,0104595	85,8	   0,0106646	91,2
     42,0083	   0,0104984	87,0	   0,0106583	86,0
     42,0103	   0,0104571	89,2	    0,010687	88,6
     42,0122	   0,0104971	84,3	   0,0107115	85,1
     42,0142	   0,0104973	87,2	   0,0108026	84,6
     42,0161	   0,0105742	87,8	   0,0107395	87,7
     42,0181	   0,0106522	86,3	    0,010821	85,0
       42,02	   0,0106589	89,3	   0,0108975	85,9
      42,022	   0,0106846	89,1	   0,0108881	87,9
     42,0239	   0,0107328	85,5	     0,01092	85,3
     42,0259	   0,0107749	90,4	   0,0109253	85,6
     42,0279	   0,0108958	90,6	   0,0110094	90,4
     42,0298	   0,0109477	87,2	   0,0110469	88,3
     42,0318	   0,0109194	90,5	   0,0110696	90,4
     42,0337	   0,0109423	88,8	   0,0110133	89,8
     42,0357	   0,0108517	87,3	   0,0109989	84,9
     42,0376	   0,0108729	88,2	   0,0110835	85,1
     42,0396	   0,0108725	91,3	     0,01106	90,8
     42,0415	   0,0109716	85,8	   0,0110831	89,0
     42,0435	   0,0110206	89,4	   0,0112184	91,2
     42,0455	   0,0110226	89,6	   0,0112812	92,7
     42,0474	   0,0110186	89,2	   0,0113543	85,7
     42,0494	   0,0110333	90,9	   0,0113917	88,6
     42,0513	   0,0110363	92,6	   0,0113425	87,4
     42,0533	    0,011151	88,2	   0,0113542	87,6
     42,0552	   0,0112313	87,7	    0,011322	88,4
     42,0572	   0,0112444	89,3	   0,0113862	89,4
     42,0591	    0,011236	88,9	   0,0115098	89,3
     42,0611	   0,0113816	90,0	   0,0115332	91,3
      42,063	   0,0113241	91,5	   0,0116275	92,5
      42,065	   0,0113462	88,3	   0,0116602	88,4
      42,067	   0,0114011	91,1	   0,0116615	89,7
     42,0689	   0,0113853	92,6	   0,0115996	88,3
     42,0709	   0,0114699	87,9	   0,0117025	86,8
     42,0728	   0,0113934	90,6	   0,0116815	92,7
     42,0748	    0,011386	92,1	   0,0116819	91,3
     42,0767	   0,0114922	91,0	   0,0116773	89,0
     42,0787	   0,0115438	92,0	    0,011751	87,7
     42,0806	   0,0116709	91,6	   0,0118543	91,1
     42,0826	   0,0117408	90,1	    0,011971	89,3
     42,0846	   0,0117787	88,7	   0,0120212	93,6
     42,0865	   0,0117332	92,6	   0,0121089	93,2
     42,0885	   0,0116939	90,3	   0,0122302	88,1
     42,0904	   0,0116838	92,1	   0,0121798	92,4
     42,0924	   0,0117659	93,8	   0,0121327	92,9
     42,0943	   0,0117813	86,8	   0,0120582	89,7
     42,0963	   0,0118165	91,2	   0,0121583	91,5
     42,0982	   0,0119196	90,2	   0,0121686	92,4
     42,1002	   0,0119123	88,8	   0,0122035	90,2
     42,1021	   0,0119119	89,2	   0,0123945	92,3
     42,1041	   0,0119232	92,8	    0,012385	96,1
     42,1061	   0,0119522	91,1	   0,0124426	90,5
      42,108	    0,012126	90,0	   0,0124933	93,9
       42,11	   0,0121833	90,2	   0,0124792	91,1
     42,1119	   0,0122551	94,1	   0,0125495	90,1
     42,1139	   0,0123385	90,1	   0,0125596	93,1
     42,1158	   0,0123752	91,9	   0,0126215	91,0
     42,1178	   0,0123102	91,0	   0,0126909	89,7
     42,1197	   0,0122951	91,4	   0,0127036	91,0
     42,1217	   0,0123819	91,7	   0,0126744	93,2
     42,1237	   0,0125944	91,4	   0,0127296	92,5
     42,1256	   0,0126062	92,3	   0,0127902	90,0
     42,1276	   0,0125089	93,6	   0,0128384	95,1
     42,1295	   0,0125099	94,4	   0,0129044	93,8
     42,1315	   0,0125638	92,2	   0,0129309	91,5
     42,1334	   0,0125795	88,5	   0,0128656	96,1
     42,1354	   0,0125641	96,8	    0,012948	92,0
     42,1373	   0,0126604	97,0	   0,0130429	92,7
     42,1393	   0,0127264	92,6	   0,0131043	93,7
     42,1413	   0,0128454	96,5	   0,0131689	93,9
     42,1432	   0,0129415	95,4	    0,013209	92,4
     42,1452	   0,0129309	92,8	   0,0132676	96,6
     42,1471	   0,0129834	93,3	   0,0133018	96,9
     42,1491	   0,0129374	91,4	   0,0132509	93,3
      42,151	   0,0129072	89,0	   0,0133554	97,4
      42,153	   0,0130116	97,6	   0,0133863	96,7
     42,1549	   0,0131195	94,5	   0,0135311	90,8
     42,1569	   0,0131366	94,2	   0,0135708	94,2
     42,1588	   0,0132063	96,2	   0,0136278	95,0
     42,1608	   0,0132829	96,7	   0,0135899	95,5
     42,1628	   0,0133172	91,1	   0,0136202	95,6
     42,1647	   0,0133105	94,1	    0,013664	94,7
     42,1667	   0,0133471	93,4	   0,0137164	94,6
     42,1686	   0,0133739	94,7	   0,0137957	91,3
     42,1706	   0,0134441	94,7	   0,0138372	99,1
     42,1725	   0,0134885	97,6	   0,0139256	96,5
     42,1745	   0,0135853	92,0	   0,0139585	95,2
     42,1764	   0,0135609	90,9	   0,0140511	99,2
     42,1784	   0,0136119	96,6	   0,0140981	93,4
     42,1804	   0,0136278	96,2	   0,0141374	94,7
     42,1823	   0,0136852	94,4	    0,014166	96,2
     42,1843	   0,0137386	96,9	    0,014204	96,9
     42,1862	   0,0138901	98,4	   0,0142589	96,5
     42,1882	   0,0140093	95,8	   0,0142997	96,7
     42,1901	   0,0139636	98,1	    0,014432	96,5
     42,1921	   0,0139769	99,5	   0,0144896	95,2
      42,194	   0,0139681	95,9	    0,014522	98,6
      42,196	   0,0139875	96,3	   0,0145398	99,4
     42,1979	   0,0141501	98,6	   0,0146174	95,8
     42,1999	   0,0143064	96,4	   0,0147084	97,6
     42,2019	   0,0143597	96,7	   0,0147844	97,6
     42,2038	   0,0143398	96,0	   0,0148272	95,5
     42,2058	   0,0143536	95,2	   0,0148928	101,1
     42,2077	   0,0143189	94,4	   0,0149583	100,6
     42,2097	   0,0143535	100,4	   0,0149429	94,2
     42,2116	    0,014436	102,4	   0,0149176	96,7
     42,2136	   0,0144871	97,1	   0,0150261	100,1
     42,2155	   0,0145313	97,2	   0,0151067	99,0
     42,2175	   0,0146053	97,8	   0,0151699	99,3
     42,2195	   0,0145743	98,8	   0,0152154	102,1
     42,2214	   0,0146824	98,3	   0,0152609	100,8
     42,2234	   0,0147044	100,4	   0,0153633	97,3
     42,2253	   0,0147605	101,1	    0,015338	100,1
     42,2273	   0,0148671	96,2	   0,0154819	101,0
     42,2292	   0,0148729	99,0	    0,015619	99,9
     42,2312	   0,0150191	100,3	   0,0155293	97,4
     42,2331	   0,0151151	96,3	   0,0156417	101,5
     42,2351	   0,0151998	99,6	   0,0156501	98,3
      42,237	   0,0152015	101,8	   0,0157043	99,3
      42,239	    0,015239	98,5	   0,0156887	101,4
      42,241	    0,015283	99,5	   0,0157765	102,8
     42,2429	     0,01538	103,6	   0,0158477	100,7
     42,2449	     0,01541	101,7	   0,0158863	99,0
     42,2468	    0,015405	101,6	   0,0161287	100,6
     42,2488	   0,0154647	102,3	   0,0161961	100,8
     42,2507	   0,0155529	101,2	   0,0161553	104,9
     42,2527	   0,0155272	103,2	   0,0163184	105,4
     42,2546	     0,01558	102,9	   0,0164321	99,8
     42,2566	    0,015708	105,1	   0,0164372	99,5
     42,2586	   0,0158525	98,7	   0,0165749	101,8
     42,2605	    0,015861	99,0	   0,0165936	100,2
     42,2625	   0,0158998	103,9	   0,0166449	99,7
     42,2644	   0,0160351	101,8	   0,0166765	105,0
     42,2664	   0,0161293	102,0	   0,0167392	103,3
     42,2683	   0,0161595	104,4	    0,016786	99,9
     42,2703	   0,0162893	103,5	     0,01689	102,7
     42,2722	   0,0163399	102,0	   0,0169708	105,2
     42,2742	   0,0163871	105,1	    0,017036	103,5
     42,2761	   0,0164896	106,8	   0,0170723	104,3
     42,2781	   0,0164692	106,0	   0,0171104	107,0
     42,2801	   0,0164845	103,6	   0,0172237	104,3
      42,282	   0,0165483	105,3	   0,0173079	102,6
      42,284	   0,0166019	102,8	   0,0173581	106,8
     42,2859	   0,0166654	103,0	   0,0173954	110,0
     42,2879	   0,0167603	105,4	   0,0174604	102,0
     42,2898	   0,0167706	104,7	   0,0175057	106,9
     42,2918	   0,0168661	104,4	   0,0175415	107,5
     42,2937	   0,0168984	102,5	   0,0175782	106,1
     42,2957	   0,0170674	106,6	   0,0178692	105,0
     42,2977	   0,0170572	108,2	   0,0179571	106,8
     42,2996	   0,0172165	106,5	    0,017977	106,9
     42,3016	   0,0172723	105,9	   0,0180208	101,1
     42,3035	   0,0173111	108,5	   0,0180775	111,8
     42,3055	   0,0174485	106,1	   0,0181712	108,9
     42,3074	   0,0174733	105,4	   0,0182639	107,2
     42,3094	   0,0175103	109,5	   0,0182705	107,5
     42,3113	   0,0175945	109,6	   0,0183596	112,3
     42,3133	   0,0176692	107,8	   0,0184557	111,4
     42,3153	     0,01779	110,2	   0,0185251	109,9
     42,3172	   0,0177981	110,4	   0,0186543	110,1
     42,3192	   0,0178818	106,1	   0,0188736	110,5
     42,3211	   0,0179686	109,7	   0,0188674	108,6
     42,3231	   0,0181104	111,4	   0,0189065	110,2
      42,325	   0,0181848	109,3	   0,0189543	113,6
      42,327	   0,0182926	109,5	   0,0190547	107,2
     42,3289	   0,0182743	111,2	   0,0191444	108,1
     42,3309	   0,0183687	107,4	   0,0191326	108,2
     42,3328	   0,0184369	107,7	   0,0192626	110,9
     42,3348	   0,0185281	108,0	   0,0193761	110,7
     42,3368	   0,0187045	111,0	   0,0194399	112,5
     42,3387	    0,018763	109,3	   0,0194527	111,8
     42,3407	   0,0187898	108,5	   0,0195525	111,1
     42,3426	   0,0188574	109,8	   0,0197063	113,2
     42,3446	   0,0188616	116,1	   0,0197531	114,6
     42,3465	   0,0189901	111,8	   0,0197848	115,5
     42,3485	   0,0189658	114,5	   0,0199645	113,2
     42,3504	   0,0190724	116,4	   0,0201474	111,2
     42,3524	    0,019147	110,6	   0,0202232	117,5
     42,3544	   0,0191897	111,7	   0,0202372	116,1
     42,3563	   0,0191096	114,8	   0,0203015	114,6
     42,3583	   0,0191915	115,5	   0,0202679	117,1
     42,3602	   0,0193186	113,1	   0,0204278	115,0
     42,3622	   0,0194254	113,3	   0,0204878	116,7
     42,3641	   0,0195148	116,9	   0,0206419	115,3
     42,3661	   0,0195948	115,4	   0,0207004	118,0
      42,368	   0,0197179	113,9	   0,0206947	113,8
       42,37	   0,0198152	114,0	    0,020775	115,0
     42,3719	   0,0198802	117,8	   0,0209317	119,3
     42,3739	   0,0200027	111,0	   0,0210424	120,1
     42,3759	   0,0199777	114,4	   0,0211554	117,5
     42,3778	   0,0201014	118,3	   0,0211694	117,7
     42,3798	   0,0200992	118,0	   0,0212112	119,9
     42,3817	   0,0201774	114,9	   0,0212731	117,4
     42,3837	     0,02029	122,6	   0,0213457	116,8
     42,3856	   0,0204327	120,7	   0,0215142	124,1
     42,3876	   0,0204726	121,1	   0,0215612	122,7
     42,3895	   0,0207003	115,9	   0,0216146	121,2
     42,3915	   0,0207906	122,5	   0,0217607	121,0
     42,3935	    0,020959	120,4	   0,0218552	121,9
     42,3954	   0,0209008	121,6	   0,0219179	122,4
     42,3974	   0,0209787	120,2	   0,0219743	120,9
     42,3993	   0,0210981	121,9	    0,022027	125,6
     42,4013	   0,0210877	120,0	    0,022098	126,3
     42,4032	   0,0209643	121,9	   0,0222566	120,2
     42,4052	   0,0210977	124,2	   0,0223766	120,4
     42,4071	   0,0210497	118,8	    0,022444	126,2
     42,4091	   0,0211818	125,2	   0,0224872	127,1
      42,411	   0,0213261	119,0	   0,0224801	124,1
      42,413	   0,0214535	124,7	   0,0225116	123,9
      42,415	   0,0214972	125,6	   0,0225979	127,6
     42,4169	   0,0216062	123,5	   0,0226568	121,8
     42,4189	   0,0216179	122,6	   0,0227586	120,9
     42,4208	   0,0218502	125,5	   0,0228036	123,7
     42,4228	    0,021965	122,4	   0,0228422	129,8
     42,4247	   0,0220552	123,1	   0,0229493	127,2
     42,4267	    0,022161	123,5	   0,0230228	128,7
     42,4286	   0,0221905	124,9	   0,0231149	127,1
     42,4306	   0,0223351	123,3	   0,0232558	129,1
     42,4326	   0,0222926	124,4	   0,0233105	128,9
     42,4345	   0,0223594	132,0	   0,0234275	132,0
     42,4365	   0,0224124	129,8	   0,0234321	131,8
     42,4384	    0,022403	128,8	   0,0234418	128,9
     42,4404	   0,0225099	125,5	   0,0234872	130,5
     42,4423	   0,0225762	131,6	   0,0234938	130,8
     42,4443	   0,0225923	131,2	    0,023648	134,2
     42,4462	   0,0225431	130,8	   0,0236893	133,1
     42,4482	   0,0226179	130,4	   0,0237112	133,3
     42,4501	   0,0227189	129,8	   0,0237488	135,4
     42,4521	   0,0227571	129,4	   0,0237597	134,2
     42,4541	   0,0227804	131,0	   0,0238239	133,1
      42,456	   0,0229534	133,9	   0,0238497	135,0
      42,458	   0,0230606	134,8	   0,0239679	136,7
     42,4599	   0,0229973	130,9	   0,0240774	138,6
     42,4619	   0,0230414	135,5	   0,0241328	133,3
     42,4638	   0,0231095	133,7	   0,0241348	134,9
     42,4658	   0,0231844	131,3	   0,0242108	138,6
     42,4677	   0,0233594	132,2	   0,0242256	138,7
     42,4697	   0,0233081	130,1	   0,0242535	132,7
     42,4717	   0,0234977	133,8	   0,0242779	136,1
     42,4736	   0,0236246	140,6	   0,0242392	139,1
     42,4756	   0,0236981	136,2	   0,0242344	136,0
     42,4775	   0,0238863	137,2	   0,0243252	135,4
     42,4795	   0,0239953	137,3	   0,0244127	137,9
     42,4814	   0,0239399	138,9	   0,0244068	139,5
     42,4834	   0,0240742	133,5	   0,0244007	138,7
     42,4853	   0,0240618	136,1	   0,0244414	140,5
     42,4873	   0,0241129	139,5	   0,0244848	138,8
     42,4892	    0,023848	138,5	   0,0245574	141,8
     42,4912	    0,023977	138,4	   0,0245432	140,4
     42,4932	   0,0242047	140,7	   0,0245774	139,9
     42,4951	    0,024211	138,1	   0,0245375	145,4
     42,4971	   0,0243056	138,8	     0,02453	143,6
      42,499	   0,0243136	140,6	   0,0245889	140,2
      42,501	   0,0243005	139,5	   0,0245957	145,7
     42,5029	   0,0243875	141,0	   0,0244978	149,2
     42,5049	   0,0243765	142,8	   0,0245715	143,8
     42,5068	   0,0245009	142,0	     0,02457	143,1
     42,5088	   0,0244844	141,4	   0,0247017	146,2
     42,5108	   0,0243867	145,0	   0,0247448	148,2
     42,5127	   0,0244328	144,4	   0,0247329	148,9
     42,5147	   0,0244418	144,3	   0,0247181	148,1
     42,5166	   0,0245063	142,7	   0,0247809	151,0
     42,5186	   0,0245059	143,8	   0,0248085	148,6
     42,5205	   0,0245507	143,1	   0,0247569	149,8
     42,5225	   0,0245602	148,2	   0,0247659	150,4
     42,5244	   0,0244948	148,6	     0,02469	150,1
     42,5264	   0,0245733	146,4	   0,0247088	149,9
     42,5283	   0,0245632	148,0	   0,0246495	149,8
     42,5303	   0,0245907	149,7	   0,0246718	151,7
     42,5323	   0,0245724	151,5	   0,0246886	151,7
     42,5342	   0,0245485	151,8	   0,0247285	150,7
     42,5362	   0,0245889	149,2	   0,0246961	150,0
     42,5381	   0,0245837	151,2	   0,0246833	150,5
     42,5401	   0,0246387	153,6	   0,0247324	153,1
      42,542	   0,0246247	151,3	   0,0246701	153,0
      42,544	   0,0246233	150,5	   0,0245869	151,7
     42,5459	   0,0245839	151,8	    0,024669	151,0
     42,5479	   0,0246845	154,4	   0,0246856	153,5
     42,5499	    0,024694	154,9	   0,0246797	154,0
     42,5518	   0,0246737	153,0	   0,0246702	151,2
     42,5538	   0,0247189	154,6	   0,0246042	153,9
     42,5557	   0,0246688	155,9	   0,0245533	157,3
     42,5577	   0,0246745	157,9	   0,0244875	156,0
     42,5596	   0,0246883	151,1	   0,0244888	153,1
     42,5616	   0,0246315	152,6	   0,0244717	155,9
     42,5635	   0,0246477	159,1	    0,024545	159,1
     42,5655	   0,0247084	158,2	   0,0246036	158,4
     42,5674	   0,0245801	153,5	   0,0246287	154,5
     42,5694	   0,0245927	153,8	   0,0246053	155,1
     42,5714	   0,0245376	159,0	   0,0245881	159,1
     42,5733	   0,0245721	160,0	   0,0245586	158,8
     42,5753	   0,0245235	154,9	   0,0243669	157,4
     42,5772	   0,0244363	158,5	   0,0243345	159,4
     42,5792	   0,0244135	162,3	   0,0242678	158,6
     42,5811	   0,0244828	160,3	   0,0243855	160,6
     42,5831	   0,0245855	159,3	    0,024254	159,0
      42,585	   0,0245845	155,8	   0,0242166	160,8
      42,587	    0,024503	161,2	   0,0241733	159,8
      42,589	   0,0244156	160,6	   0,0240885	162,4
     42,5909	    0,024431	158,4	   0,0241137	160,1
     42,5929	   0,0243458	159,9	   0,0239784	163,3
     42,5948	   0,0244092	163,8	   0,0239653	165,8
     42,5968	   0,0243823	163,9	   0,0239127	161,4
     42,5987	   0,0243656	163,9	   0,0238695	160,8
     42,6007	   0,0243298	160,8	   0,0238127	164,6
     42,6026	   0,0243005	164,7	   0,0238438	168,7
     42,6046	   0,0242707	164,6	   0,0238091	163,2
     42,6065	   0,0242475	162,7	   0,0236811	164,9
     42,6085	   0,0241774	161,8	   0,0236261	162,3
     42,6105	   0,0241208	162,7	   0,0236361	171,0
     42,6124	   0,0241207	166,5	   0,0236866	168,0
     42,6144	   0,0241549	167,0	   0,0236659	165,9
     42,6163	   0,0241388	163,8	   0,0237319	165,7
     42,6183	    0,024097	165,2	    0,023589	169,8
     42,6202	   0,0239632	169,9	   0,0235631	168,0
     42,6222	   0,0239076	169,4	   0,0234475	166,3
     42,6241	   0,0238971	164,1	   0,0233678	167,2
     42,6261	   0,0238492	164,8	   0,0233218	173,6
     42,6281	   0,0237779	169,3	   0,0233059	170,2
       42,63	   0,0236204	171,0	   0,0232308	168,5
      42,632	   0,0235719	167,6	   0,0232117	167,1
     42,6339	   0,0235815	168,1	   0,0231609	174,3
     42,6359	   0,0235399	168,2	   0,0230864	172,8
     42,6378	   0,0234932	170,7	   0,0229978	171,7
     42,6398	   0,0234311	169,2	   0,0229321	169,0
     42,6417	   0,0234979	167,6	   0,0229028	173,9
     42,6437	   0,0234641	169,5	   0,0228345	175,6
     42,6456	   0,0233734	173,3	   0,0227584	171,8
     42,6476	   0,0233159	171,6	   0,0227688	169,8
     42,6496	   0,0232464	169,6	   0,0226686	174,4
     42,6515	   0,0232188	170,8	   0,0226997	177,0
     42,6535	   0,0231588	172,7	   0,0226637	174,7
     42,6554	   0,0231182	170,9	   0,0226381	173,7
     42,6574	   0,0230308	173,7	    0,022575	174,8
     42,6593	   0,0230391	172,7	   0,0224524	177,4
     42,6613	   0,0229614	175,9	   0,0224903	176,4
     42,6632	   0,0228262	176,0	   0,0224097	175,0
     42,6652	   0,0227348	173,5	   0,0223441	175,4
     42,6672	   0,0227052	174,8	   0,0223119	174,8
     42,6691	   0,0227122	178,0	   0,0222821	179,1
     42,6711	   0,0226628	177,0	   0,0222165	176,5
      42,673	   0,0225952	173,8	   0,0222221	177,7
      42,675	   0,0225193	174,9	    0,022098	176,8
     42,6769	   0,0224914	176,6	   0,0219352	178,3
     42,6789	   0,0224136	177,0	   0,0218834	178,6
     42,6808	   0,0223271	176,5	   0,0218306	177,2
     42,6828	   0,0222371	177,9	   0,0218343	177,6
     42,6847	   0,0222072	179,3	   0,0217668	180,3
     42,6867	    0,022124	179,7	   0,0216477	180,5
     42,6887	   0,0220942	179,9	   0,0216766	180,0
     42,6906	   0,0221322	178,6	    0,021594	178,5
     42,6926	   0,0220979	177,1	   0,0215912	180,4
     42,6945	   0,0220333	179,1	    0,021456	183,0
     42,6965	   0,0219817	182,3	   0,0213959	180,0
     42,6984	   0,0219045	181,3	   0,0213752	178,6
     42,7004	   0,0217759	178,6	   0,0213815	180,5
     42,7023	   0,0216709	182,2	   0,0212811	183,9
     42,7043	   0,0216429	183,1	   0,0211847	181,7
     42,7063	   0,0215699	184,7	    0,021111	181,4
     42,7082	   0,0215619	180,9	   0,0211361	182,5
     42,7102	   0,0215251	181,3	   0,0211148	184,2
     42,7121	   0,0214386	185,2	   0,0211733	184,1
     42,7141	   0,0214237	185,3	   0,0209431	179,4
      42,716	   0,0212346	182,4	   0,0207385	178,8
      42,718	   0,0212237	182,4	   0,0206211	186,0
     42,7199	   0,0211391	184,6	   0,0205715	184,4
     42,7219	   0,0210252	186,7	   0,0204882	180,9
     42,7239	    0,020994	184,1	   0,0204121	181,7
     42,7258	   0,0209345	183,5	   0,0204488	180,9
     42,7278	   0,0208738	183,5	   0,0204205	185,7
     42,7297	   0,0208828	185,3	   0,0203874	186,7
     42,7317	   0,0208884	186,7	   0,0202771	179,3
     42,7336	   0,0208274	187,3	   0,0201835	178,7
     42,7356	   0,0207409	183,0	   0,0201429	185,2
     42,7375	   0,0206378	186,6	   0,0200853	185,8
     42,7395	   0,0205773	186,3	   0,0200649	183,5
     42,7414	   0,0204413	192,4	   0,0200335	184,1
     42,7434	   0,0203464	188,5	    0,019934	186,6
     42,7454	   0,0201786	187,4	   0,0198674	186,6
     42,7473	   0,0201319	186,3	   0,0197987	186,0
     42,7493	     0,02003	190,2	   0,0198088	184,8
     42,7512	   0,0199818	190,7	    0,019762	188,2
     42,7532	   0,0198885	185,1	   0,0196225	186,9
     42,7551	   0,0198668	188,1	   0,0194801	187,3
     42,7571	   0,0198063	189,7	   0,0194628	188,4
      42,759	   0,0197014	188,9	   0,0194162	184,9
      42,761	   0,0195866	188,4	   0,0193941	186,5
      42,763	   0,0196036	188,5	   0,0192745	189,2
     42,7649	   0,0195621	190,1	   0,0193452	188,8
     42,7669	   0,0195582	187,3	   0,0190915	188,6
     42,7688	   0,0195034	188,3	   0,0190508	188,3
     42,7708	   0,0194818	187,6	   0,0190702	187,2
     42,7727	   0,0194667	185,6	   0,0189272	190,0
     42,7747	   0,0194135	189,4	   0,0188913	195,8
     42,7766	   0,0193575	190,9	    0,018851	188,3
     42,7786	   0,0193507	193,5	   0,0187519	187,8
     42,7805	   0,0192763	188,6	   0,0185781	194,3
     42,7825	   0,0191748	189,6	   0,0187103	195,3
     42,7845	   0,0190607	190,6	   0,0186197	187,6
     42,7864	   0,0189767	193,5	    0,018591	192,0
     42,7884	   0,0188165	191,2	   0,0184728	191,4
     42,7903	   0,0187861	191,4	   0,0184205	193,8
     42,7923	   0,0186739	190,7	   0,0183363	192,8
     42,7942	   0,0185786	193,5	   0,0182826	192,0
     42,7962	   0,0185167	194,5	   0,0182751	191,3
     42,7981	   0,0184403	194,9	   0,0182468	193,8
     42,8001	   0,0184166	192,6	   0,0181794	191,6
     42,8021	   0,0183259	192,9	   0,0180639	194,0
      42,804	   0,0182764	194,8	   0,0179677	193,7
      42,806	   0,0182274	194,9	   0,0180039	192,2
     42,8079	   0,0181602	196,2	   0,0179908	191,4
     42,8099	   0,0181256	192,6	   0,0178997	195,4
     42,8118	    0,018073	195,0	   0,0177986	196,9
     42,8138	     0,01799	198,4	   0,0177175	192,4
     42,8157	   0,0178956	-159,8	   0,0176601	190,0
     42,8177	   0,0178815	-166,9	   0,0175897	196,9
     42,8196	   0,0178795	-163,8	   0,0174853	196,9
     42,8216	    0,017784	-164,2	   0,0174054	197,5
     42,8236	   0,0177239	-164,2	   0,0174381	192,9
     42,8255	   0,0175662	-163,4	    0,017385	193,6
     42,8275	   0,0175293	-164,2	   0,0173566	194,6
     42,8294	     0,01732	-163,5	   0,0172631	196,9
     42,8314	   0,0173306	-161,1	    0,017231	195,4
     42,8333	   0,0172749	-162,3	   0,0171955	194,0
     42,8353	   0,0173261	-163,6	   0,0171139	194,2
     42,8372	   0,0173195	-164,2	   0,0170429	196,4
     42,8392	    0,017251	-165,9	   0,0168785	195,0
     42,8412	   0,0172068	-164,3	   0,0167785	197,5
     42,8431	   0,0171029	-160,7	   0,0167288	193,1
     42,8451	   0,0170532	-159,9	   0,0166592	195,9
      42,847	   0,0169979	-164,6	   0,0166368	199,1
      42,849	   0,0169177	-162,7	   0,0166314	-159,4
     42,8509	   0,0168682	-161,7	   0,0166173	-164,3
     42,8529	    0,016767	-161,5	   0,0166165	-161,1
     42,8548	   0,0167187	-163,5	    0,016567	-161,4
     42,8568	   0,0167411	-162,4	   0,0164725	-160,1
     42,8587	   0,0166855	-161,0	   0,0164641	-159,3
     42,8607	   0,0166452	-157,6	   0,0164179	-160,6
     42,8627	   0,0166638	-159,8	   0,0163421	-162,0
     42,8646	    0,016598	-157,5	   0,0163346	-162,7
     42,8666	    0,016554	-159,1	   0,0161769	-159,0
     42,8685	   0,0164368	-159,0	   0,0162288	-160,2
     42,8705	   0,0163659	-159,1	   0,0161158	-160,1
     42,8724	   0,0162549	-155,8	   0,0160703	-161,6
     42,8744	   0,0162369	-156,6	   0,0160299	-161,7
     42,8763	   0,0161649	-158,7	   0,0159237	-161,4
     42,8783	   0,0161314	-158,3	    0,015908	-159,0
     42,8803	   0,0160452	-155,0	   0,0158898	-160,2
     42,8822	   0,0159827	-156,7	   0,0158512	-161,9
     42,8842	   0,0158643	-159,2	   0,0157195	-162,9
     42,8861	   0,0158775	-159,2	   0,0157201	-156,4
     42,8881	   0,0158903	-157,8	   0,0156561	-158,4
       42,89	   0,0157653	-158,2	   0,0155864	-160,3
      42,892	   0,0156378	-156,6	   0,0155792	-162,2
     42,8939	   0,0156547	-155,9	   0,0154757	-159,5
     42,8959	   0,0156269	-162,1	   0,0153966	-159,6
     42,8979	   0,0154837	-159,5	   0,0153905	-160,3
     42,8998	   0,0154814	-157,4	   0,0154127	-156,7
     42,9018	    0,015362	-156,9	   0,0153248	-162,6
     42,9037	   0,0153227	-155,0	   0,0152237	-156,9
     42,9057	   0,0152427	-159,4	   0,0151874	-158,6
     42,9076	   0,0152156	-156,8	   0,0150824	-156,8
     42,9096	   0,0152001	-156,7	   0,0150609	-155,3
     42,9115	   0,0151977	-155,9	   0,0150273	-156,7
     42,9135	   0,0151402	-153,1	    0,015079	-158,4
     42,9154	   0,0150724	-155,4	    0,015037	-155,4
     42,9174	   0,0149714	-156,3	   0,0149479	-155,1
     42,9194	   0,0149307	-157,1	   0,0148524	-154,2
     42,9213	   0,0148503	-154,8	   0,0147464	-161,1
     42,9233	   0,0148742	-153,8	   0,0146174	-158,7
     42,9252	   0,0148477	-154,9	   0,0145413	-153,6
     42,9272	   0,0148215	-156,3	   0,0146154	-155,7
     42,9291	   0,0147299	-157,1	   0,0145465	-159,3
     42,9311	   0,0147058	-155,6	   0,0144802	-157,4
      42,933	   0,0145996	-155,3	   0,0144428	-155,8
      42,935	   0,0145558	-153,0	    0,014334	-160,5
      42,937	   0,0144474	-156,6	   0,0142344	-158,4
     42,9389	   0,0144005	-156,3	   0,0142967	-152,6
     42,9409	    0,014369	-154,3	   0,0142172	-154,0
     42,9428	    0,014371	-156,8	   0,0141537	-155,5
     42,9448	   0,0143617	-153,1	   0,0141606	-154,3
     42,9467	   0,0142874	-153,7	   0,0141474	-155,9
     42,9487	   0,0142466	-152,8	   0,0142049	-151,4
     42,9506	   0,0141914	-154,7	   0,0141863	-152,4
     42,9526	   0,0142142	-152,1	    0,014066	-154,9
     42,9545	   0,0141142	-150,4	   0,0140101	-153,6
     42,9565	   0,0140386	-150,9	     0,01398	-153,2
     42,9585	   0,0140288	-154,8	   0,0139391	-154,7
     42,9604	    0,014052	-156,3	   0,0138604	-151,5
     42,9624	   0,0139449	-155,1	   0,0138005	-154,5
     42,9643	   0,0138929	-153,2	   0,0137606	-154,9
     42,9663	   0,0138145	-151,7	   0,0136822	-156,5
     42,9682	   0,0138384	-150,7	   0,0136361	-152,6
     42,9702	   0,0136739	-156,7	   0,0136077	-153,4
     42,9721	   0,0136268	-155,0	   0,0136167	-150,7
     42,9741	    0,013445	-152,4	   0,0135388	-151,7
     42,9761	   0,0133702	-152,1	   0,0135097	-154,8
      42,978	   0,0135218	-152,3	   0,0134861	-153,9
       42,98	   0,0134911	-152,1	   0,0134432	-151,3
     42,9819	   0,0135149	-153,8	   0,0133433	-151,1
     42,9839	   0,0134388	-152,3	   0,0132568	-152,4
     42,9858	   0,0132747	-151,2	   0,0131809	-152,6
     42,9878	   0,0131682	-148,5	   0,0131668	-152,7
     42,9897	   0,0131386	-150,3	   0,0131388	-151,9
     42,9917	   0,0131678	-150,0	   0,0131447	-150,4
     42,9936	   0,0130907	-150,9	   0,0130992	-149,9
     42,9956	   0,0130707	-150,2	   0,0130438	-154,7
     42,9976	   0,0130282	-152,7	       0,013	-155,7
     42,9995	   0,0130216	-149,0	   0,0129595	-153,5
     43,0015	   0,0130711	-150,9	   0,0128991	-149,4
     43,0034	   0,0129575	-154,0	   0,0128089	-151,0
     43,0054	   0,0129421	-154,9	   0,0128387	-153,3
     43,0073	    0,012808	-150,6	   0,0128547	-148,8
     43,0093	   0,0127904	-147,4	   0,0127887	-154,7
     43,0112	   0,0127743	-151,1	   0,0127658	-150,1
     43,0132	   0,0127728	-147,8	   0,0127593	-150,0
     43,0152	   0,0127363	-149,8	   0,0127381	-148,0
     43,0171	   0,0126155	-149,1	   0,0126511	-150,9
     43,0191	   0,0125677	-149,9	   0,0125855	-147,2
      43,021	   0,0124924	-144,2	   0,0124988	-151,1
      43,023	   0,0125621	-146,8	   0,0124427	-151,0
     43,0249	   0,0124649	-147,6	   0,0124123	-146,8
     43,0269	   0,0123565	-149,8	   0,0124019	-147,8
     43,0288	   0,0123667	-151,1	   0,0123475	-151,5
     43,0308	   0,0124114	-152,8	   0,0123009	-151,1
     43,0327	   0,0123265	-147,6	   0,0123176	-154,1
     43,0347	    0,012275	-150,2	   0,0122789	-150,7
     43,0367	   0,0122501	-150,3	   0,0121061	-150,5
     43,0386	   0,0121831	-152,3	   0,0120661	-148,0
     43,0406	   0,0122463	-150,3	   0,0120528	-152,9
     43,0425	   0,0121085	-145,4	   0,0120723	-150,3
     43,0445	   0,0119826	-144,1	   0,0120502	-149,2
     43,0464	   0,0119551	-145,4	   0,0120132	-151,0
     43,0484	   0,0119442	-145,8	   0,0120118	-148,2
     43,0503	   0,0118889	-146,4	   0,0118986	-145,2
     43,0523	   0,0118294	-148,8	   0,0118458	-147,2
     43,0543	   0,0118135	-149,5	   0,0118781	-149,0
     43,0562	   0,0117609	-143,4	    0,011898	-152,1
     43,0582	   0,0117571	-146,3	   0,0118977	-148,6
     43,0601	   0,0118126	-149,4	   0,0117946	-148,1
     43,0621	   0,0118004	-150,1	   0,0118226	-146,5
      43,064	   0,0118301	-149,3	    0,011771	-148,5
      43,066	   0,0116976	-147,6	   0,0116234	-153,1
     43,0679	   0,0117059	-147,0	   0,0116661	-148,4
     43,0699	    0,011592	-143,6	   0,0115904	-149,8
     43,0718	   0,0115611	-148,7	   0,0114523	-145,7
     43,0738	    0,011479	-146,0	   0,0113662	-145,9
     43,0758	   0,0114982	-148,5	   0,0114347	-145,3
     43,0777	   0,0114263	-147,8	   0,0113598	-149,5
     43,0797	   0,0114465	-142,9	   0,0113854	-146,5
     43,0816	   0,0114156	-143,0	   0,0113593	-147,5
     43,0836	   0,0113316	-145,5	   0,0113446	-143,8
     43,0855	   0,0112911	-148,4	   0,0112745	-146,4
     43,0875	   0,0113138	-149,7	   0,0111952	-148,2
     43,0894	   0,0112805	-145,7	   0,0111667	-148,8
     43,0914	   0,0112662	-147,2	   0,0112111	-149,0
     43,0934	   0,0113093	-142,7	   0,0111338	-150,0
     43,0953	    0,011195	-148,6	   0,0110984	-146,6
     43,0973	   0,0112073	-144,5	   0,0110408	-142,5
     43,0992	   0,0111171	-147,4	   0,0109837	-145,4
     43,1012	   0,0110817	-146,1	    0,010963	-144,0
     43,1031	   0,0110513	-142,4	    0,011002	-146,8
     43,1051	   0,0109829	-143,6	     0,01094	-148,5
      43,107	   0,0109732	-143,4	     0,01094	-145,0
      43,109	   0,0109389	-144,6	   0,0109181	-143,5
     43,1109	   0,0108576	-148,9	    0,010799	-148,3
     43,1129	   0,0109102	-146,5	   0,0107888	-145,7
     43,1149	   0,0108346	-143,9	   0,0106713	-147,6
     43,1168	   0,0108106	-145,7	   0,0107462	-148,5
     43,1188	   0,0107833	-146,7	   0,0107156	-146,7
     43,1207	   0,0107322	-144,2	   0,0106255	-145,9
     43,1227	   0,0106514	-146,4	   0,0105662	-145,1
     43,1246	   0,0106238	-146,3	   0,0105882	-143,4
     43,1266	   0,0105606	-143,5	   0,0106296	-147,0
     43,1285	   0,0105015	-143,9	   0,0105668	-144,9
     43,1305	   0,0105236	-142,8	   0,0105266	-145,1
     43,1325	   0,0105681	-142,9	   0,0105413	-142,7
     43,1344	   0,0105592	-145,6	   0,0105758	-143,3
     43,1364	   0,0104467	-146,4	   0,0105834	-144,2
     43,1383	   0,0103715	-146,4	   0,0105875	-147,1
     43,1403	   0,0103047	-141,1	   0,0104168	-148,6
     43,1422	    0,010297	-142,8	   0,0102738	-148,2
     43,1442	   0,0102813	-142,3	   0,0102608	-144,7
     43,1461	   0,0102685	-142,8	    0,010195	-143,2
     43,1481	   0,0102376	-145,6	   0,0103176	-140,4
       43,15	   0,0101778	-144,5	   0,0102586	-141,7
      43,152	   0,0101741	-142,0	   0,0101661	-145,2
      43,154	   0,0101525	-141,7	   0,0101657	-146,4
     43,1559	   0,0101298	-143,4	   0,0102081	-141,8
     43,1579	   0,0100395	-142,5	   0,0101962	-143,5
     43,1598	   0,0100647	-141,8	    0,010129	-142,3
     43,1618	  0,00998408	-146,3	   0,0100284	-141,7
     43,1637	   0,0100029	-144,8	  0,00996176	-146,5
     43,1657	  0,00999415	-143,3	  0,00984872	-146,7
     43,1676	   0,0100047	-144,1	  0,00995759	-143,8
     43,1696	    0,010054	-141,6	  0,00990994	-143,7
     43,1716	  0,00998066	-141,0	  0,00991272	-140,2
     43,1735	  0,00997469	-142,2	  0,00987288	-140,1
     43,1755	  0,00987129	-144,0	   0,0098827	-140,9
     43,1774	  0,00986238	-142,8	  0,00985442	-143,7
     43,1794	  0,00986059	-146,4	  0,00979749	-142,3
     43,1813	  0,00984609	-140,6	  0,00980117	-145,5
     43,1833	   0,0097364	-139,4	  0,00981256	-141,3
     43,1852	  0,00972834	-143,4	  0,00971434	-144,2
     43,1872	  0,00983927	-142,7	  0,00965333	-143,9
     43,1891	  0,00976167	-143,1	  0,00963942	-144,4
     43,1911	  0,00967821	-143,9	  0,00962553	-144,8
     43,1931	  0,00961561	-142,5	  0,00958298	-143,1
      43,195	  0,00957956	-139,7	  0,00959536	-142,7
      43,197	  0,00947128	-140,2	  0,00957006	-142,7
     43,1989	  0,00947641	-139,9	  0,00957587	-139,1
     43,2009	  0,00946459	-144,5	  0,00949438	-140,9
     43,2028	  0,00944406	-145,3	  0,00944901	-141,8
     43,2048	  0,00944337	-143,8	  0,00948808	-144,3
     43,2067	  0,00943258	-144,5	  0,00947463	-145,3
     43,2087	  0,00944373	-141,1	  0,00942064	-144,7
     43,2107	  0,00936616	-139,4	  0,00937641	-144,1
     43,2126	  0,00927708	-141,6	  0,00936526	-140,1
     43,2146	  0,00930156	-139,5	  0,00931027	-136,2
     43,2165	  0,00920901	-142,4	  0,00930015	-141,3
     43,2185	  0,00911138	-139,3	  0,00927058	-140,2
     43,2204	   0,0092009	-142,6	  0,00918796	-141,1
     43,2224	  0,00917231	-141,5	  0,00922274	-144,2
     43,2243	  0,00912957	-141,5	  0,00918196	-140,4
     43,2263	  0,00921139	-139,3	  0,00917482	-141,4
     43,2282	  0,00915454	-144,4	  0,00917976	-142,4
     43,2302	  0,00911456	-142,3	  0,00914813	-139,2
     43,2322	  0,00905973	-143,3	  0,00913464	-142,2
     43,2341	    0,009038	-144,9	  0,00909001	-140,9
     43,2361	  0,00913252	-136,4	  0,00916132	-140,8
      43,238	  0,00902725	-140,1	  0,00908688	-143,8
       43,24	  0,00899121	-138,4	  0,00896239	-138,1
     43,2419	  0,00890038	-138,7	  0,00892358	-140,8
     43,2439	  0,00887988	-141,9	  0,00892947	-140,2
     43,2458	  0,00887774	-141,1	  0,00894099	-141,8
     43,2478	  0,00888493	-142,6	  0,00894251	-143,4
     43,2498	  0,00893308	-141,1	  0,00890861	-142,5
     43,2517	  0,00891815	-138,7	  0,00885713	-141,5
     43,2537	   0,0088489	-140,2	  0,00881045	-141,9
     43,2556	  0,00883339	-135,2	  0,00877079	-137,3
     43,2576	  0,00876026	-140,1	  0,00884076	-135,6
     43,2595	  0,00870412	-142,0	  0,00875582	-140,9
     43,2615	  0,00859954	-141,7	  0,00874797	-139,8
     43,2634	    0,008643	-141,9	  0,00863962	-142,3
     43,2654	  0,00868829	-143,9	  0,00877288	-142,5
     43,2673	  0,00875593	-137,6	  0,00874095	-142,5
     43,2693	  0,00866157	-137,5	  0,00872878	-142,2
     43,2713	  0,00861762	-135,5	  0,00858697	-138,1
     43,2732	  0,00849758	-136,2	  0,00865554	-137,9
     43,2752	    0,008471	-140,2	  0,00858716	-136,2
     43,2771	   0,0084739	-143,3	  0,00858126	-140,2
     43,2791	  0,00850538	-138,5	  0,00851258	-141,6
      43,281	  0,00852868	-141,6	  0,00853061	-144,3
      43,283	  0,00854007	-138,3	  0,00844455	-138,9
     43,2849	  0,00851316	-140,9	  0,00847482	-138,5
     43,2869	   0,0084888	-136,7	  0,00848496	-139,5
     43,2889	  0,00841369	-141,4	   0,0084327	-137,1
     43,2908	   0,0083289	-139,1	  0,00832474	-138,8
     43,2928	  0,00819607	-138,0	  0,00818985	-139,6
     43,2947	  0,00824841	-140,3	  0,00836508	-140,4
     43,2967	  0,00827316	-138,9	  0,00833755	-139,1
     43,2986	  0,00830286	-140,1	   0,0083878	-142,0
     43,3006	   0,0083342	-139,5	  0,00841612	-139,3
     43,3025	  0,00837847	-137,8	  0,00833668	-138,1
     43,3045	  0,00832366	-139,7	  0,00821499	-137,8
     43,3064	  0,00818412	-138,6	  0,00818239	-135,7
     43,3084	  0,00820026	-141,1	  0,00820743	-138,5
     43,3104	   0,0081957	-142,1	   0,0081388	-138,4
     43,3123	  0,00824479	-135,5	   0,0080946	-141,2
     43,3143	  0,00820419	-137,4	  0,00814345	-138,3
     43,3162	  0,00811978	-137,5	  0,00817078	-142,0
     43,3182	  0,00810163	-136,4	  0,00811791	-140,6
     43,3201	  0,00803705	-136,6	   0,0080982	-139,0
     43,3221	  0,00802156	-139,4	   0,0081246	-137,1
      43,324	  0,00801876	-138,8	  0,00808782	-138,8
      43,326	  0,00797821	-137,9	  0,00810501	-137,0
      43,328	  0,00802845	-139,7	   0,0080493	-137,8
     43,3299	  0,00788429	-135,2	  0,00798849	-142,5
     43,3319	  0,00794481	-138,3	  0,00790749	-137,6
     43,3338	  0,00787068	-138,5	  0,00793295	-142,0
     43,3358	  0,00787063	-139,5	  0,00790615	-138,0
     43,3377	  0,00793169	-142,0	  0,00782653	-138,4
     43,3397	   0,0078779	-138,9	  0,00786692	-140,7
     43,3416	  0,00787638	-138,6	  0,00786929	-137,6
     43,3436	  0,00788285	-138,6	  0,00785329	-139,1
     43,3456	  0,00778479	-135,3	  0,00784639	-138,0
     43,3475	   0,0077916	-135,6	  0,00779528	-137,6
     43,3495	  0,00780198	-137,4	  0,00776582	-137,5
     43,3514	  0,00779514	-137,2	  0,00787336	-133,6
     43,3534	  0,00774896	-141,4	  0,00773397	-134,6
     43,3553	  0,00771369	-140,2	  0,00772044	-140,1
     43,3573	  0,00774423	-136,6	  0,00768526	-137,8
     43,3592	  0,00766358	-137,0	  0,00761192	-140,7
     43,3612	  0,00766428	-135,9	  0,00765388	-138,5
     43,3631	  0,00772271	-137,4	  0,00766123	-142,4
     43,3651	  0,00763263	-137,0	  0,00759118	-136,4
     43,3671	  0,00760785	-136,1	  0,00756534	-138,3
      43,369	  0,00768383	-134,6	   0,0076362	-136,8
      43,371	  0,00755042	-137,0	  0,00761898	-142,1
     43,3729	  0,00751535	-136,9	  0,00749614	-137,1
     43,3749	  0,00755793	-138,2	  0,00749923	-138,0
     43,3768	  0,00756404	-138,8	  0,00747579	-138,3
     43,3788	  0,00750644	-136,5	  0,00752162	-138,0
     43,3807	  0,00759555	-137,4	  0,00758169	-139,3
     43,3827	  0,00747523	-136,6	  0,00756046	-137,3
     43,3847	  0,00746729	-136,2	  0,00739366	-138,0
     43,3866	  0,00739178	-136,4	    0,007413	-136,9
     43,3886	  0,00740231	-137,2	  0,00741587	-134,0
     43,3905	  0,00729417	-135,4	  0,00736011	-139,0
     43,3925	  0,00723483	-137,1	  0,00742164	-138,1
     43,3944	  0,00739811	-139,1	  0,00740345	-138,8
     43,3964	  0,00737842	-140,2	  0,00739634	-142,1
     43,3983	  0,00730251	-136,1	  0,00733316	-134,3
     43,4003	  0,00731426	-136,2	   0,0072069	-136,9
     43,4022	  0,00731112	-135,8	  0,00725931	-137,3
     43,4042	  0,00726822	-134,1	  0,00726045	-134,0
     43,4062	  0,00724919	-136,2	  0,00720517	-137,3
     43,4081	  0,00723768	-137,5	  0,00728837	-133,1
     43,4101	   0,0071753	-138,6	  0,00737755	-137,3
      43,412	  0,00717472	-140,6	  0,00732542	-141,0
      43,414	  0,00719567	-136,7	  0,00724046	-139,1
     43,4159	  0,00716575	-133,8	  0,00712985	-139,7
     43,4179	  0,00712522	-134,2	  0,00705443	-136,9
     43,4198	  0,00711731	-132,1	  0,00705092	-132,9
     43,4218	  0,00706995	-134,8	  0,00705012	-133,2
     43,4238	  0,00703904	-135,0	  0,00707742	-133,7
     43,4257	  0,00708212	-137,0	  0,00714128	-136,2
     43,4277	  0,00708659	-137,1	  0,00701747	-139,6
     43,4296	   0,0070461	-137,1	  0,00687551	-137,8
     43,4316	  0,00701807	-137,4	  0,00693986	-138,9
     43,4335	  0,00702786	-134,6	   0,0069776	-137,1
     43,4355	  0,00706013	-135,5	  0,00700253	-134,3
     43,4374	   0,0070009	-133,1	  0,00695189	-136,2
     43,4394	   0,0070184	-133,0	   0,0069419	-131,9
     43,4413	  0,00700758	-136,0	   0,0069307	-133,7
     43,4433	  0,00698482	-135,0	  0,00706657	-134,6
     43,4453	  0,00680937	-136,8	   0,0070453	-137,9
     43,4472	  0,00680917	-136,8	  0,00685696	-141,2
     43,4492	  0,00678839	-136,7	  0,00681744	-135,7
     43,4511	  0,00680506	-135,2	  0,00676796	-137,2
     43,4531	  0,00682324	-137,7	  0,00681901	-135,8
      43,455	  0,00684838	-135,4	  0,00687027	-134,1
      43,457	  0,00684595	-137,0	  0,00682589	-137,8
     43,4589	  0,00687642	-134,7	  0,00674256	-135,1
     43,4609	  0,00675911	-132,1	  0,00676472	-132,9
     43,4629	  0,00673005	-136,1	  0,00668996	-136,8
     43,4648	  0,00666718	-133,1	  0,00669494	-133,2
     43,4668	  0,00664776	-136,4	  0,00669627	-135,1
     43,4687	  0,00665835	-138,9	  0,00672151	-137,1
     43,4707	  0,00674573	-138,5	  0,00669095	-137,3
     43,4726	  0,00672513	-137,9	  0,00666404	-139,0
     43,4746	  0,00670662	-136,0	  0,00670863	-137,5
     43,4765	  0,00665436	-134,9	  0,00661668	-135,0
     43,4785	  0,00659354	-130,5	   0,0065942	-133,7
     43,4804	  0,00655771	-133,9	  0,00659334	-130,8
     43,4824	  0,00653672	-133,7	  0,00657254	-133,6
     43,4844	  0,00651249	-138,8	  0,00663414	-133,8
     43,4863	  0,00659785	-138,6	  0,00662392	-135,1
     43,4883	  0,00662951	-136,9	  0,00662661	-137,6
     43,4902	  0,00654667	-134,7	  0,00657657	-135,5
     43,4922	   0,0065204	-131,6	  0,00652164	-136,5
     43,4941	  0,00642842	-130,5	  0,00653991	-136,2
     43,4961	  0,00634529	-135,9	   0,0064417	-135,1
      43,498	  0,00645468	-137,2	  0,00645226	-138,7
        43,5	  0,00645572	-134,6	  0,00648237	-134,5

