
X-Data [Hz]	Laser (M - Filtered) [m/s]	Phase [Deg]	Laser (M - Filtered) [m/s]	Phase [Deg]	
	002: [06-26-24 13:04]		003: [06-26-24 13:12]	
          31	   0,0095156	74,4	    0,011334	73,5
      31,002	   0,0109257	75,7	   0,0113338	74,0
     31,0039	   0,0108536	71,9	   0,0114062	74,0
     31,0059	   0,0114829	75,0	   0,0114195	74,7
     31,0078	   0,0111746	72,6	   0,0114322	72,5
     31,0098	   0,0115672	74,9	   0,0114785	75,2
     31,0117	   0,0112891	72,9	   0,0114525	73,2
     31,0137	   0,0115598	75,7	   0,0114508	74,8
     31,0156	   0,0114395	74,2	   0,0114955	72,7
     31,0176	   0,0115452	73,0	   0,0114989	72,3
     31,0196	    0,011443	73,4	   0,0115396	74,6
     31,0215	   0,0115274	74,6	   0,0115237	73,4
     31,0235	   0,0114701	73,0	   0,0115318	74,3
     31,0254	   0,0115858	74,8	   0,0115078	73,9
     31,0274	   0,0114887	73,3	   0,0116184	73,3
     31,0293	    0,011617	75,1	   0,0114735	74,2
     31,0313	   0,0115972	73,8	   0,0116298	73,1
     31,0332	    0,011582	73,1	   0,0115744	75,3
     31,0352	   0,0116361	75,0	   0,0116897	73,1
     31,0371	   0,0116592	73,2	    0,011589	73,7
     31,0391	   0,0116589	74,8	   0,0117083	74,0
     31,0411	   0,0116621	74,4	    0,011613	74,4
      31,043	   0,0116751	73,8	   0,0117195	73,6
      31,045	   0,0116886	74,1	   0,0116901	73,7
     31,0469	   0,0116417	74,1	   0,0117511	72,1
     31,0489	   0,0116812	74,0	   0,0117168	75,3
     31,0508	   0,0117393	74,2	   0,0117347	72,9
     31,0528	   0,0117074	73,9	    0,011769	73,2
     31,0547	   0,0117812	74,0	    0,011733	75,2
     31,0567	   0,0117675	74,9	   0,0117922	73,2
     31,0587	   0,0117618	74,1	     0,01184	74,5
     31,0606	   0,0118219	74,5	   0,0118485	73,4
     31,0626	   0,0117965	74,1	   0,0118554	72,1
     31,0645	   0,0118393	73,9	   0,0118088	74,1
     31,0665	   0,0118381	74,4	   0,0118973	73,3
     31,0684	   0,0118317	75,2	   0,0118949	75,0
     31,0704	   0,0119077	73,0	   0,0118645	74,9
     31,0723	   0,0118941	74,8	   0,0119191	73,3
     31,0743	    0,011901	72,8	     0,01194	74,6
     31,0762	   0,0119211	75,3	   0,0118692	73,3
     31,0782	   0,0119281	72,6	   0,0120566	73,1
     31,0802	   0,0119431	74,9	   0,0118994	74,2
     31,0821	   0,0119862	73,1	   0,0121041	72,2
     31,0841	   0,0119943	75,2	   0,0120164	74,6
      31,086	   0,0120409	74,5	   0,0119635	73,4
      31,088	   0,0119727	73,3	   0,0120368	73,5
     31,0899	   0,0120798	74,8	    0,012039	74,5
     31,0919	   0,0120344	73,8	   0,0120883	73,8
     31,0938	   0,0121576	74,8	   0,0121569	72,9
     31,0958	   0,0120099	73,3	   0,0120452	75,2
     31,0978	   0,0121265	75,4	   0,0121345	72,6
     31,0997	   0,0121316	72,9	   0,0120909	74,1
     31,1017	   0,0121284	75,9	     0,01217	74,0
     31,1036	   0,0122071	74,1	   0,0122003	73,9
     31,1056	   0,0121251	73,4	   0,0121819	74,0
     31,1075	   0,0121512	74,3	   0,0122394	74,6
     31,1095	   0,0122022	74,2	   0,0122164	73,0
     31,1114	   0,0121631	74,1	   0,0122873	75,4
     31,1134	   0,0122479	72,9	    0,012211	72,8
     31,1153	   0,0122334	74,7	   0,0122925	74,3
     31,1173	   0,0122752	73,3	   0,0123339	74,9
     31,1193	   0,0122086	73,0	   0,0123176	73,0
     31,1212	   0,0122787	73,7	   0,0123281	73,1
     31,1232	   0,0122891	72,4	    0,012319	74,0
     31,1251	   0,0123246	75,3	   0,0123711	74,6
     31,1271	   0,0123095	72,0	    0,012357	73,1
      31,129	   0,0123717	75,5	   0,0124699	74,1
      31,131	   0,0123564	71,9	   0,0124343	73,9
     31,1329	   0,0124275	74,9	   0,0124137	73,7
     31,1349	   0,0124223	72,4	   0,0124853	75,1
     31,1369	   0,0124002	74,4	   0,0124634	72,6
     31,1388	   0,0124454	74,9	   0,0125186	74,2
     31,1408	   0,0124603	73,3	   0,0125498	74,9
     31,1427	   0,0124399	75,2	    0,012507	74,7
     31,1447	   0,0124966	72,9	   0,0125824	72,9
     31,1466	   0,0125218	75,2	   0,0126129	75,7
     31,1486	   0,0125866	74,2	   0,0125694	73,1
     31,1505	     0,01256	74,2	   0,0125825	74,2
     31,1525	    0,012614	74,9	   0,0127244	74,2
     31,1544	   0,0125845	73,5	   0,0126351	73,8
     31,1564	   0,0126012	73,3	   0,0125797	72,7
     31,1584	   0,0126318	74,4	   0,0127827	75,0
     31,1603	   0,0126189	72,8	   0,0125811	74,3
     31,1623	   0,0126217	74,9	   0,0127564	73,9
     31,1642	   0,0126304	73,3	   0,0127361	74,9
     31,1662	   0,0127579	73,8	   0,0126553	72,9
     31,1681	   0,0126335	73,6	   0,0128225	75,3
     31,1701	   0,0127785	73,3	   0,0127415	74,4
      31,172	    0,012764	74,0	   0,0127752	73,7
      31,174	   0,0127778	74,6	   0,0128768	75,5
      31,176	   0,0128267	74,2	   0,0128669	74,9
     31,1779	   0,0127905	75,0	   0,0128161	73,3
     31,1799	   0,0128365	72,7	   0,0129136	73,6
     31,1818	   0,0128697	75,2	   0,0128437	74,6
     31,1838	   0,0128717	73,4	    0,012958	72,8
     31,1857	   0,0128913	75,0	   0,0129985	74,5
     31,1877	   0,0129521	73,6	   0,0129459	74,2
     31,1896	   0,0128882	73,6	   0,0130098	73,0
     31,1916	   0,0129698	75,2	   0,0130294	75,2
     31,1935	   0,0129498	73,0	   0,0130008	74,2
     31,1955	   0,0129273	73,8	   0,0131421	74,5
     31,1975	   0,0130564	74,1	   0,0129987	72,9
     31,1994	   0,0129933	74,9	    0,013175	74,2
     31,2014	   0,0130842	74,0	    0,013055	73,7
     31,2033	   0,0130337	74,3	   0,0131399	72,5
     31,2053	   0,0130884	74,1	    0,013158	75,1
     31,2072	   0,0131102	75,2	   0,0130966	73,9
     31,2092	   0,0131268	73,8	   0,0132587	73,5
     31,2111	   0,0132113	73,2	   0,0131964	74,3
     31,2131	   0,0131577	74,1	   0,0131915	75,3
     31,2151	    0,013178	73,4	   0,0133291	73,3
      31,217	   0,0133062	74,2	    0,013325	74,7
      31,219	   0,0131858	72,7	   0,0132777	75,2
     31,2209	   0,0132995	75,2	    0,013306	72,9
     31,2229	   0,0132871	72,9	   0,0133756	75,2
     31,2248	   0,0132983	73,4	   0,0133613	75,0
     31,2268	    0,013374	74,4	   0,0134161	73,6
     31,2287	   0,0133455	75,5	   0,0134021	73,9
     31,2307	   0,0133624	72,5	   0,0134351	74,1
     31,2326	   0,0133858	75,4	   0,0135027	75,1
     31,2346	   0,0134243	73,2	   0,0134002	73,1
     31,2366	   0,0134204	73,9	   0,0135495	74,9
     31,2385	   0,0135115	74,8	   0,0135244	74,7
     31,2405	   0,0134326	73,3	   0,0135392	74,0
     31,2424	   0,0135018	75,4	   0,0135978	75,0
     31,2444	    0,013537	73,5	   0,0135858	74,9
     31,2463	   0,0135073	73,5	   0,0136572	74,4
     31,2483	   0,0135653	73,9	   0,0136376	73,2
     31,2502	   0,0135835	74,6	   0,0136859	73,5
     31,2522	   0,0135653	73,2	   0,0136741	74,8
     31,2542	   0,0136334	74,7	   0,0136934	73,5
     31,2561	   0,0136967	74,1	   0,0137506	74,1
     31,2581	   0,0136458	72,9	   0,0136987	75,5
       31,26	    0,013729	74,7	    0,013827	73,9
      31,262	   0,0138036	72,7	   0,0137404	73,7
     31,2639	   0,0137348	73,1	   0,0138626	75,2
     31,2659	   0,0138048	76,1	   0,0138723	74,9
     31,2678	   0,0138602	73,3	   0,0138241	73,8
     31,2698	   0,0137706	75,0	   0,0139542	73,2
     31,2717	   0,0139481	74,0	   0,0139238	75,3
     31,2737	   0,0138546	73,8	   0,0139302	74,8
     31,2757	    0,013844	75,2	   0,0140428	73,5
     31,2776	   0,0140114	72,9	   0,0140107	76,2
     31,2796	   0,0138871	73,1	   0,0139475	75,1
     31,2815	   0,0139703	75,0	   0,0141194	73,7
     31,2835	   0,0139748	74,9	   0,0140618	73,5
     31,2854	   0,0140012	74,4	   0,0140977	73,5
     31,2874	   0,0140873	75,2	   0,0141045	75,7
     31,2893	   0,0139806	75,0	   0,0141637	73,7
     31,2913	   0,0141082	73,2	   0,0142138	74,1
     31,2933	   0,0141439	74,7	    0,014177	75,9
     31,2952	   0,0141134	73,4	   0,0142036	73,8
     31,2972	   0,0141745	73,1	    0,014309	74,5
     31,2991	   0,0141693	75,3	    0,014236	75,9
     31,3011	    0,014186	75,1	   0,0142419	74,7
      31,303	   0,0141995	73,8	   0,0144412	75,0
      31,305	   0,0143483	73,6	   0,0143761	73,8
     31,3069	   0,0142751	74,7	   0,0143369	74,4
     31,3089	    0,014357	73,6	   0,0144365	75,2
     31,3109	   0,0144501	75,2	   0,0144297	74,3
     31,3128	   0,0143686	73,8	    0,014445	73,0
     31,3148	   0,0144059	74,6	   0,0145355	74,8
     31,3167	    0,014513	76,0	   0,0145268	74,7
     31,3187	   0,0143589	74,6	   0,0145907	75,2
     31,3206	    0,014431	73,2	   0,0145933	73,4
     31,3226	   0,0145679	74,1	   0,0145974	73,5
     31,3245	   0,0145109	75,5	   0,0146987	75,9
     31,3265	   0,0145879	73,3	   0,0146661	74,3
     31,3284	   0,0146528	74,6	   0,0147223	73,4
     31,3304	   0,0145834	75,0	   0,0147509	75,4
     31,3324	   0,0147162	73,7	   0,0147269	74,2
     31,3343	   0,0146724	75,0	   0,0148062	73,3
     31,3363	   0,0147018	74,1	   0,0147322	74,3
     31,3382	   0,0147469	74,9	   0,0148417	73,1
     31,3402	   0,0147142	73,8	   0,0149354	75,3
     31,3421	   0,0148032	74,5	   0,0149213	75,4
     31,3441	   0,0148763	74,6	   0,0149337	73,9
      31,346	   0,0148338	73,2	   0,0149952	73,6
      31,348	   0,0149379	74,9	   0,0150444	75,3
       31,35	   0,0149453	73,6	    0,015079	75,7
     31,3519	   0,0149533	73,1	   0,0150613	74,3
     31,3539	   0,0149215	75,7	   0,0150838	74,4
     31,3558	   0,0150034	75,4	   0,0151549	73,8
     31,3578	   0,0150026	73,1	   0,0151125	76,0
     31,3597	   0,0150156	73,9	   0,0152376	75,4
     31,3617	   0,0151744	74,9	    0,015242	74,1
     31,3636	   0,0151281	73,5	   0,0152304	73,8
     31,3656	   0,0151274	74,8	   0,0153116	74,7
     31,3675	   0,0152356	75,1	   0,0153503	74,4
     31,3695	   0,0152164	73,3	   0,0153311	73,0
     31,3715	   0,0152908	76,8	   0,0153901	74,9
     31,3734	   0,0153759	75,5	   0,0154715	75,2
     31,3754	   0,0152955	74,3	   0,0154753	76,0
     31,3773	   0,0152977	73,2	    0,015428	74,7
     31,3793	   0,0154582	75,7	   0,0154717	73,5
     31,3812	   0,0154242	75,5	   0,0156312	74,6
     31,3832	   0,0154211	73,6	    0,015609	75,7
     31,3851	   0,0154842	75,6	   0,0155903	74,9
     31,3871	   0,0155275	75,1	   0,0156709	74,0
     31,3891	    0,015554	73,7	   0,0157606	76,3
      31,391	   0,0156227	74,1	   0,0157431	75,3
      31,393	   0,0155601	75,6	   0,0157137	75,5
     31,3949	   0,0156763	75,2	   0,0158242	74,6
     31,3969	   0,0157292	72,8	   0,0158008	74,4
     31,3988	   0,0156249	74,2	   0,0158469	75,4
     31,4008	   0,0157259	75,0	    0,015958	75,5
     31,4027	   0,0158191	73,1	   0,0158515	73,5
     31,4047	   0,0158064	75,1	   0,0159915	72,8
     31,4066	   0,0158665	75,9	   0,0160718	74,8
     31,4086	   0,0159767	74,1	   0,0160873	75,7
     31,4106	   0,0159151	74,4	   0,0160816	76,2
     31,4125	   0,0159244	75,0	   0,0161544	74,4
     31,4145	   0,0159869	76,2	    0,016192	74,1
     31,4164	   0,0161083	74,6	   0,0161863	74,6
     31,4184	     0,01611	73,7	    0,016228	75,4
     31,4203	   0,0160706	75,7	   0,0163056	74,5
     31,4223	   0,0161936	74,9	   0,0163111	74,8
     31,4242	    0,016149	73,3	   0,0162921	72,9
     31,4262	   0,0161201	75,6	   0,0164758	75,1
     31,4282	   0,0162947	75,3	   0,0164637	75,7
     31,4301	   0,0163421	74,7	   0,0164609	74,3
     31,4321	   0,0163269	73,7	   0,0165467	74,2
      31,434	   0,0163783	75,0	   0,0165951	75,9
      31,436	   0,0163654	76,4	   0,0166042	75,5
     31,4379	   0,0164521	74,4	   0,0166192	74,6
     31,4399	    0,016481	74,5	   0,0167644	73,4
     31,4418	   0,0165244	75,7	   0,0167422	75,0
     31,4438	   0,0165411	74,6	   0,0167243	73,9
     31,4457	   0,0165524	73,9	   0,0167728	75,1
     31,4477	   0,0166411	73,2	   0,0168936	74,4
     31,4497	    0,016676	74,9	   0,0168826	73,7
     31,4516	   0,0166789	75,9	   0,0169069	74,1
     31,4536	   0,0167493	75,1	   0,0169793	75,7
     31,4555	   0,0168177	73,8	   0,0170816	76,2
     31,4575	   0,0168505	75,5	   0,0170629	75,4
     31,4594	   0,0168804	74,8	   0,0170637	75,4
     31,4614	   0,0169196	73,8	   0,0171129	74,2
     31,4633	   0,0169513	74,7	   0,0171956	75,3
     31,4653	   0,0170655	76,4	   0,0172846	77,3
     31,4673	   0,0171027	75,6	   0,0171901	74,9
     31,4692	   0,0171117	76,2	    0,017312	73,0
     31,4712	   0,0171105	73,9	   0,0174541	74,3
     31,4731	   0,0171582	75,3	   0,0174085	76,1
     31,4751	   0,0172312	76,3	   0,0174183	74,8
      31,477	   0,0172938	73,9	   0,0175358	75,7
      31,479	   0,0173143	74,3	   0,0175866	75,6
     31,4809	   0,0173369	75,8	   0,0175673	74,0
     31,4829	   0,0174933	76,4	    0,017639	74,5
     31,4848	   0,0174707	74,5	   0,0177508	75,4
     31,4868	   0,0174019	75,5	   0,0177603	76,5
     31,4888	   0,0175549	74,9	   0,0177482	74,4
     31,4907	   0,0176758	75,2	   0,0178072	75,8
     31,4927	   0,0176068	75,5	   0,0178367	74,6
     31,4946	   0,0176841	75,1	   0,0179086	74,4
     31,4966	    0,017735	74,2	   0,0179925	76,0
     31,4985	   0,0178635	76,2	   0,0179963	75,1
     31,5005	   0,0178023	75,3	   0,0180223	74,5
     31,5024	   0,0177904	74,6	   0,0181147	74,7
     31,5044	   0,0178883	73,8	    0,018213	76,7
     31,5064	   0,0180061	75,2	    0,018215	75,1
     31,5083	   0,0180569	76,9	   0,0182861	77,2
     31,5103	   0,0180633	76,1	   0,0183862	75,2
     31,5122	   0,0181315	74,1	   0,0184657	75,1
     31,5142	    0,018202	74,6	    0,018427	74,7
     31,5161	   0,0182494	75,5	   0,0185339	75,2
     31,5181	   0,0182889	74,6	   0,0186185	75,7
       31,52	   0,0183321	75,0	   0,0185859	75,7
      31,522	   0,0184204	74,5	   0,0186396	74,9
     31,5239	   0,0184424	74,9	   0,0187733	74,3
     31,5259	   0,0184189	76,7	   0,0188023	74,1
     31,5279	   0,0184941	75,2	   0,0187748	75,9
     31,5298	    0,018677	75,3	   0,0188327	76,9
     31,5318	   0,0187075	75,4	   0,0190109	75,7
     31,5337	   0,0186466	75,1	   0,0190062	74,4
     31,5357	   0,0187907	74,0	   0,0189959	74,2
     31,5376	   0,0188374	74,4	   0,0192457	75,7
     31,5396	   0,0190045	73,5	   0,0192308	77,0
     31,5415	   0,0189335	76,3	    0,019178	75,9
     31,5435	   0,0190087	76,0	   0,0192971	76,9
     31,5455	   0,0190107	74,5	   0,0194026	74,8
     31,5474	      0,0191	74,8	   0,0194839	74,9
     31,5494	   0,0191964	75,9	   0,0194633	75,4
     31,5513	   0,0193058	76,4	   0,0195428	76,5
     31,5533	   0,0193525	74,9	   0,0196035	75,6
     31,5552	   0,0193424	75,0	   0,0196931	76,5
     31,5572	   0,0194116	75,2	   0,0197918	75,2
     31,5591	   0,0194775	75,5	    0,019788	74,2
     31,5611	   0,0194605	76,0	   0,0197938	75,9
      31,563	   0,0194918	76,3	   0,0200029	76,5
      31,565	   0,0196357	75,3	    0,020038	76,9
      31,567	   0,0197808	75,2	   0,0200404	75,1
     31,5689	   0,0197739	76,1	   0,0201053	75,5
     31,5709	    0,019762	77,2	   0,0201588	74,6
     31,5728	   0,0199245	75,6	   0,0202919	76,4
     31,5748	    0,020034	74,9	   0,0203714	76,4
     31,5767	    0,020118	76,5	   0,0204952	76,7
     31,5787	   0,0200824	74,7	   0,0205267	75,3
     31,5806	   0,0201309	76,1	   0,0205094	75,4
     31,5826	   0,0202101	77,4	   0,0205989	75,9
     31,5846	   0,0203449	75,7	   0,0208124	77,3
     31,5865	   0,0203925	74,7	   0,0208344	75,7
     31,5885	   0,0204505	75,8	   0,0207482	78,0
     31,5904	   0,0204942	77,4	   0,0208492	77,0
     31,5924	   0,0206061	75,1	   0,0209955	75,5
     31,5943	   0,0206257	75,0	   0,0210473	74,7
     31,5963	   0,0206837	75,2	   0,0211394	75,0
     31,5982	   0,0207922	77,1	   0,0212304	76,6
     31,6002	    0,020847	77,6	    0,021348	77,4
     31,6021	   0,0209449	76,1	   0,0214547	76,8
     31,6041	   0,0210072	74,6	   0,0215513	76,7
     31,6061	   0,0211335	76,0	   0,0216051	77,3
      31,608	   0,0211517	77,5	   0,0217075	76,5
       31,61	   0,0212478	76,4	   0,0217452	76,2
     31,6119	   0,0214005	73,8	   0,0217872	75,8
     31,6139	   0,0213573	76,1	   0,0218476	74,8
     31,6158	   0,0213656	75,1	   0,0219741	75,4
     31,6178	   0,0215063	76,4	   0,0221489	77,8
     31,6197	    0,021711	77,3	   0,0221995	77,7
     31,6217	   0,0217126	75,8	   0,0222268	76,7
     31,6237	   0,0217508	75,6	   0,0222982	77,3
     31,6256	    0,021754	75,8	   0,0223503	76,3
     31,6276	   0,0218489	76,6	   0,0224857	74,9
     31,6295	   0,0220808	78,1	   0,0226425	75,6
     31,6315	   0,0221748	77,4	   0,0227025	77,2
     31,6334	   0,0222446	76,5	   0,0228239	77,9
     31,6354	   0,0222619	76,6	   0,0228825	77,0
     31,6373	   0,0223797	75,5	   0,0230041	76,2
     31,6393	   0,0224815	76,9	   0,0230655	77,8
     31,6413	   0,0226462	77,0	   0,0231689	76,0
     31,6432	   0,0226425	77,5	   0,0233142	75,1
     31,6452	   0,0227349	76,0	   0,0234146	76,2
     31,6471	   0,0228603	75,2	   0,0234539	77,1
     31,6491	   0,0228966	77,1	    0,023568	78,4
      31,651	   0,0229892	76,4	   0,0237045	77,6
      31,653	   0,0231465	77,6	   0,0238743	76,9
     31,6549	   0,0232324	77,1	   0,0239157	77,1
     31,6569	   0,0232322	76,7	   0,0239724	76,8
     31,6588	   0,0233591	76,0	   0,0240857	76,4
     31,6608	   0,0235235	76,7	   0,0242645	76,4
     31,6628	   0,0236609	78,0	   0,0244013	76,2
     31,6647	   0,0237337	77,8	   0,0244668	76,2
     31,6667	   0,0237826	77,9	    0,024525	77,9
     31,6686	   0,0238427	77,2	   0,0246411	78,9
     31,6706	   0,0239723	76,6	   0,0247813	78,0
     31,6725	   0,0240891	75,9	   0,0249038	77,8
     31,6745	   0,0242265	76,0	   0,0250545	78,2
     31,6764	   0,0243254	78,3	   0,0251863	78,0
     31,6784	   0,0244294	78,5	   0,0253137	77,6
     31,6804	   0,0245137	76,0	   0,0253552	78,1
     31,6823	   0,0246507	75,8	   0,0254312	76,2
     31,6843	   0,0247783	76,2	   0,0256692	75,8
     31,6862	   0,0248754	76,4	   0,0258248	77,5
     31,6882	   0,0249501	77,2	   0,0259636	77,5
     31,6901	   0,0251522	76,5	   0,0260912	77,9
     31,6921	   0,0253097	77,5	   0,0262276	78,8
      31,694	   0,0253874	78,9	    0,026336	81,0
      31,696	   0,0254583	77,8	   0,0264125	77,9
     31,6979	   0,0255687	77,0	   0,0266106	79,2
     31,6999	    0,025714	76,5	   0,0267718	79,3
     31,7019	    0,025827	77,4	   0,0269619	78,0
     31,7038	   0,0259808	78,1	   0,0270669	77,7
     31,7058	   0,0261005	77,9	   0,0271443	77,9
     31,7077	   0,0261511	77,3	    0,027325	77,5
     31,7097	   0,0263498	78,3	   0,0274694	77,3
     31,7116	   0,0265455	79,4	   0,0276054	79,4
     31,7136	   0,0266635	78,0	   0,0277851	77,4
     31,7155	   0,0267556	76,4	   0,0279671	78,4
     31,7175	     0,02693	77,0	   0,0281593	79,8
     31,7195	   0,0271026	78,4	   0,0283161	79,7
     31,7214	   0,0271902	79,0	   0,0284757	79,8
     31,7234	   0,0273165	78,9	   0,0285884	80,7
     31,7253	   0,0274427	79,1	   0,0287855	79,2
     31,7273	   0,0276328	78,9	   0,0290104	78,1
     31,7292	   0,0277985	79,3	   0,0291989	80,6
     31,7312	   0,0279613	78,4	   0,0293355	79,2
     31,7331	   0,0280561	77,0	   0,0295854	79,1
     31,7351	   0,0281482	77,8	   0,0298369	78,4
      31,737	   0,0283565	79,5	   0,0300454	78,5
      31,739	   0,0285729	79,6	    0,030198	78,9
      31,741	   0,0287358	77,7	   0,0304135	80,2
     31,7429	   0,0288538	80,5	    0,030593	80,6
     31,7449	   0,0290203	79,4	    0,030864	80,8
     31,7468	   0,0292506	78,6	   0,0310858	81,7
     31,7488	   0,0293288	78,4	   0,0313018	79,8
     31,7507	   0,0294981	78,0	    0,031511	81,1
     31,7527	   0,0297263	79,1	   0,0317131	81,6
     31,7546	   0,0299457	79,8	   0,0318559	82,0
     31,7566	   0,0301138	80,4	   0,0320918	82,0
     31,7586	   0,0302447	78,6	   0,0324004	81,3
     31,7605	   0,0304476	80,6	   0,0327055	80,3
     31,7625	   0,0306281	79,8	   0,0329471	80,0
     31,7644	   0,0308488	80,1	   0,0332545	79,7
     31,7664	   0,0311063	79,4	   0,0335296	79,9
     31,7683	   0,0313618	78,8	   0,0338096	81,2
     31,7703	   0,0315521	79,7	   0,0341698	80,7
     31,7722	   0,0316963	79,9	   0,0344573	80,8
     31,7742	   0,0319056	80,6	   0,0347062	81,6
     31,7761	   0,0321374	81,9	   0,0350118	81,6
     31,7781	   0,0324188	81,4	   0,0353866	82,5
     31,7801	   0,0326861	80,1	   0,0357812	82,7
      31,782	   0,0328737	81,7	   0,0361659	84,1
      31,784	   0,0331091	80,5	   0,0365154	84,1
     31,7859	   0,0333873	79,9	   0,0368248	84,1
     31,7879	     0,03361	80,9	   0,0371932	84,8
     31,7898	   0,0339087	81,5	   0,0376157	85,0
     31,7918	   0,0341812	82,5	   0,0380124	85,8
     31,7937	   0,0345051	82,7	   0,0384143	85,0
     31,7957	   0,0348161	82,8	   0,0389155	84,5
     31,7977	   0,0350318	81,5	   0,0394593	85,5
     31,7996	   0,0351902	82,9	   0,0401376	84,9
     31,8016	    0,035404	82,0	   0,0410356	84,3
     31,8035	   0,0357278	80,2	   0,0420857	84,9
     31,8055	   0,0360611	81,8	   0,0431297	86,5
     31,8074	   0,0363555	81,2	   0,0444808	88,1
     31,8094	   0,0366446	81,8	   0,0459829	87,8
     31,8113	   0,0370253	84,1	   0,0475991	87,6
     31,8133	   0,0373793	84,7	   0,0493249	89,5
     31,8152	   0,0377014	83,7	    0,051096	90,4
     31,8172	   0,0379652	85,3	   0,0529691	91,8
     31,8192	   0,0383588	85,0	   0,0547226	95,4
     31,8211	   0,0387838	85,1	   0,0561966	95,5
     31,8231	   0,0391681	84,4	   0,0578834	98,0
      31,825	   0,0395365	84,1	   0,0595282	100,3
      31,827	   0,0398909	84,2	   0,0610644	103,1
     31,8289	    0,040295	84,8	   0,0625539	105,0
     31,8309	   0,0407209	85,0	    0,063934	107,8
     31,8328	   0,0411315	86,5	   0,0651883	108,9
     31,8348	   0,0414309	84,8	   0,0665638	112,3
     31,8368	   0,0418691	87,2	   0,0676942	114,9
     31,8387	   0,0423794	88,3	   0,0688113	116,3
     31,8407	   0,0428945	87,5	   0,0697008	116,8
     31,8426	   0,0434337	87,7	   0,0706465	118,4
     31,8446	   0,0439513	87,5	    0,071543	121,4
     31,8465	    0,044498	88,2	   0,0724248	124,3
     31,8485	   0,0450509	88,2	   0,0729405	125,1
     31,8504	   0,0456262	88,0	   0,0735995	127,1
     31,8524	   0,0462724	87,7	   0,0744505	130,0
     31,8543	   0,0467231	89,0	   0,0748677	130,8
     31,8563	   0,0474266	89,8	   0,0755375	131,3
     31,8583	   0,0480877	90,3	   0,0761102	132,9
     31,8602	   0,0487377	89,9	   0,0758341	136,1
     31,8622	    0,049522	91,2	   0,0767647	136,8
     31,8641	   0,0502626	91,7	   0,0772282	138,2
     31,8661	   0,0510249	93,6	   0,0772869	140,0
      31,868	   0,0518392	95,5	   0,0774927	139,5
       31,87	   0,0527482	97,3	   0,0773508	142,0
     31,8719	   0,0534868	96,8	   0,0773384	143,8
     31,8739	   0,0543818	97,6	   0,0778601	143,6
     31,8759	   0,0553256	98,9	   0,0781847	143,9
     31,8778	   0,0563657	100,3	   0,0786426	146,0
     31,8798	    0,057395	101,3	   0,0777251	147,6
     31,8817	   0,0585069	101,4	   0,0789076	150,9
     31,8837	   0,0593219	102,9	   0,0785928	149,3
     31,8856	   0,0607426	103,5	   0,0785799	151,6
     31,8876	   0,0618958	104,8	   0,0786528	152,1
     31,8895	   0,0630144	107,4	   0,0783633	153,6
     31,8915	   0,0642989	108,6	   0,0783399	155,5
     31,8934	   0,0656525	112,0	   0,0788406	155,4
     31,8954	   0,0668369	114,9	   0,0782747	157,6
     31,8974	   0,0683326	117,7	   0,0792256	157,9
     31,8993	   0,0696781	120,6	   0,0788431	159,1
     31,9013	   0,0710685	124,0	   0,0785598	159,0
     31,9032	   0,0721157	126,4	   0,0786048	159,4
     31,9052	   0,0733085	128,5	   0,0789343	161,9
     31,9071	   0,0732841	131,6	   0,0783948	161,8
     31,9091	   0,0750964	136,6	   0,0776735	163,1
      31,911	   0,0758194	138,6	   0,0778024	165,5
      31,913	   0,0765785	141,9	   0,0780276	166,7
      31,915	   0,0774335	145,8	   0,0783455	164,6
     31,9169	   0,0785464	147,8	   0,0783085	166,1
     31,9189	   0,0790127	150,8	   0,0780106	167,2
     31,9208	   0,0785855	154,2	   0,0774766	170,2
     31,9228	    0,078938	158,2	   0,0778056	168,7
     31,9247	   0,0787338	158,8	   0,0776853	170,8
     31,9267	   0,0791597	160,8	   0,0769703	170,6
     31,9286	   0,0790042	162,9	   0,0769029	171,9
     31,9306	   0,0783763	165,3	   0,0770639	171,7
     31,9326	   0,0779494	167,3	   0,0770704	172,3
     31,9345	   0,0778182	169,4	   0,0768078	172,1
     31,9365	     0,07679	169,9	   0,0758046	175,8
     31,9384	   0,0765209	169,9	   0,0762253	176,3
     31,9404	   0,0772495	171,5	   0,0759792	175,5
     31,9423	   0,0765308	172,5	   0,0758949	176,5
     31,9443	   0,0766365	172,7	   0,0755072	176,1
     31,9462	   0,0764584	174,9	   0,0754813	177,4
     31,9482	   0,0756275	175,0	   0,0752568	177,1
     31,9501	   0,0749244	177,2	   0,0750661	176,7
     31,9521	   0,0752535	179,1	   0,0747097	178,7
     31,9541	   0,0741001	180,0	   0,0746047	178,5
      31,956	   0,0746372	179,7	   0,0743269	178,8
      31,958	   0,0739358	179,4	   0,0739751	182,2
     31,9599	    0,073196	180,1	   0,0738427	182,5
     31,9619	   0,0734194	180,7	     0,07363	182,1
     31,9638	   0,0731696	182,4	   0,0733973	182,1
     31,9658	    0,072487	183,7	   0,0730898	184,1
     31,9677	   0,0722131	184,6	   0,0722728	183,6
     31,9697	   0,0724735	186,3	   0,0726074	185,0
     31,9717	   0,0715542	186,3	   0,0723964	185,4
     31,9736	   0,0714402	186,6	   0,0720777	185,1
     31,9756	   0,0714289	186,0	   0,0715178	187,4
     31,9775	   0,0703278	188,1	   0,0715084	187,6
     31,9795	   0,0708452	189,0	    0,071169	189,0
     31,9814	   0,0702089	189,3	   0,0709793	189,2
     31,9834	   0,0705109	190,8	   0,0707066	190,3
     31,9853	   0,0700678	190,3	   0,0704303	189,6
     31,9873	   0,0693793	192,1	   0,0701969	191,2
     31,9892	   0,0692943	191,8	   0,0698309	192,1
     31,9912	   0,0685751	192,8	   0,0693738	191,6
     31,9932	   0,0688076	191,4	   0,0692779	193,0
     31,9951	   0,0675705	193,4	   0,0689467	191,9
     31,9971	   0,0678801	193,3	    0,068622	193,8
      31,999	   0,0675465	193,8	   0,0683147	193,5
      32,001	   0,0674078	194,3	   0,0682149	193,5
     32,0029	   0,0660129	194,7	   0,0679038	194,9
     32,0049	   0,0662593	196,0	    0,067485	195,3
     32,0068	   0,0658032	196,1	   0,0672963	195,7
     32,0088	   0,0657656	196,2	     0,06706	196,4
     32,0108	   0,0656509	197,1	   0,0666357	197,2
     32,0127	   0,0652093	197,5	   0,0664802	197,1
     32,0147	   0,0650577	197,7	   0,0661934	198,0
     32,0166	   0,0643939	199,0	   0,0658721	198,4
     32,0186	   0,0641272	198,9	   0,0655729	198,9
     32,0205	   0,0635367	200,0	   0,0652292	199,6
     32,0225	   0,0640709	-159,8	   0,0648382	-159,9
     32,0244	   0,0633248	-159,4	   0,0645587	-159,2
     32,0264	   0,0628347	-158,7	   0,0643083	-158,9
     32,0283	    0,063028	-158,1	   0,0639593	-158,6
     32,0303	    0,062378	-158,1	   0,0637875	-158,2
     32,0323	   0,0617099	-157,1	   0,0634589	-157,4
     32,0342	   0,0615352	-156,2	      0,0629	-157,2
     32,0362	   0,0613672	-155,9	   0,0628485	-156,9
     32,0381	   0,0611682	-155,7	   0,0625255	-156,4
     32,0401	   0,0606463	-155,4	   0,0622157	-156,3
      32,042	   0,0605698	-155,3	   0,0618917	-155,6
      32,044	   0,0602538	-154,8	   0,0616194	-155,1
     32,0459	   0,0598141	-153,7	   0,0613417	-154,6
     32,0479	   0,0597566	-154,0	   0,0610746	-154,1
     32,0499	   0,0593655	-152,9	   0,0607434	-153,9
     32,0518	   0,0586389	-152,8	   0,0604391	-153,3
     32,0538	   0,0588476	-152,5	   0,0600702	-152,7
     32,0557	   0,0585744	-151,9	   0,0598026	-152,7
     32,0577	   0,0582548	-151,2	   0,0594483	-151,9
     32,0596	   0,0578012	-151,0	   0,0591571	-151,4
     32,0616	   0,0574845	-150,2	   0,0588181	-151,2
     32,0635	   0,0573721	-149,8	   0,0585426	-150,6
     32,0655	   0,0569295	-149,8	   0,0583088	-150,1
     32,0674	   0,0565993	-149,5	   0,0579867	-150,4
     32,0694	    0,056281	-149,0	   0,0577077	-149,7
     32,0714	   0,0557453	-148,3	   0,0573681	-149,2
     32,0733	   0,0552456	-148,0	   0,0570207	-148,9
     32,0753	   0,0552368	-147,9	   0,0567828	-148,1
     32,0772	   0,0549631	-147,1	    0,056464	-147,7
     32,0792	   0,0548596	-146,9	   0,0561626	-147,4
     32,0811	   0,0539851	-146,5	   0,0558155	-147,3
     32,0831	   0,0541754	-146,4	   0,0554961	-146,7
      32,085	   0,0540916	-146,0	   0,0552653	-146,4
      32,087	    0,053329	-145,3	   0,0550015	-145,8
      32,089	   0,0534417	-145,3	   0,0546597	-145,6
     32,0909	   0,0527754	-144,4	   0,0543128	-145,5
     32,0929	   0,0524618	-143,7	   0,0539806	-144,7
     32,0948	   0,0521444	-143,3	   0,0537024	-144,5
     32,0968	   0,0519069	-143,6	   0,0533531	-144,1
     32,0987	   0,0513359	-143,2	   0,0530528	-143,6
     32,1007	   0,0512345	-142,8	   0,0527544	-143,2
     32,1026	   0,0506684	-142,2	   0,0524556	-143,1
     32,1046	   0,0506253	-141,7	   0,0521863	-142,5
     32,1065	   0,0503194	-141,4	   0,0518805	-142,2
     32,1085	   0,0499573	-141,4	   0,0516436	-141,8
     32,1105	   0,0497681	-140,8	   0,0513034	-141,5
     32,1124	   0,0492313	-140,3	   0,0510421	-141,5
     32,1144	   0,0491946	-139,9	   0,0507016	-141,1
     32,1163	   0,0490788	-139,8	   0,0503394	-140,8
     32,1183	    0,048342	-139,3	   0,0500499	-139,7
     32,1202	   0,0484295	-139,2	   0,0498612	-139,8
     32,1222	   0,0478699	-139,1	   0,0495115	-139,9
     32,1241	   0,0474348	-137,9	   0,0491873	-139,2
     32,1261	   0,0472019	-138,5	   0,0488631	-139,5
     32,1281	   0,0469969	-137,9	   0,0485451	-138,4
       32,13	      0,0472	-137,7	   0,0482809	-138,4
      32,132	   0,0462155	-137,3	   0,0479625	-138,2
     32,1339	   0,0466175	-137,3	   0,0476565	-137,8
     32,1359	   0,0458751	-136,0	   0,0472868	-137,7
     32,1378	   0,0454725	-136,5	   0,0471485	-137,5
     32,1398	   0,0449196	-135,8	   0,0468345	-136,7
     32,1417	   0,0448727	-136,0	    0,046599	-136,5
     32,1437	   0,0442579	-135,1	   0,0462438	-136,4
     32,1456	   0,0445821	-134,8	   0,0459252	-136,1
     32,1476	   0,0446907	-135,4	   0,0456317	-135,6
     32,1496	   0,0437321	-134,3	   0,0453302	-135,6
     32,1515	   0,0435858	-134,3	   0,0450375	-135,1
     32,1535	   0,0433158	-134,0	    0,044811	-134,7
     32,1554	   0,0430917	-133,9	   0,0445453	-134,7
     32,1574	   0,0429402	-133,3	   0,0442384	-134,3
     32,1593	   0,0424879	-132,7	   0,0438966	-133,7
     32,1613	   0,0421817	-132,4	   0,0436612	-133,7
     32,1632	   0,0418077	-132,5	   0,0433788	-133,2
     32,1652	   0,0415374	-132,3	   0,0430217	-133,0
     32,1672	   0,0414016	-132,2	   0,0426375	-132,7
     32,1691	   0,0409718	-131,9	   0,0424125	-133,1
     32,1711	   0,0407104	-131,0	   0,0422111	-132,9
      32,173	   0,0404419	-131,0	   0,0418736	-132,6
      32,175	   0,0400621	-130,5	   0,0416736	-132,1
     32,1769	   0,0402415	-130,9	    0,041404	-131,8
     32,1789	   0,0394751	-130,4	   0,0410376	-131,1
     32,1808	   0,0396252	-130,4	   0,0408194	-131,4
     32,1828	   0,0391442	-130,2	   0,0404545	-131,0
     32,1847	    0,038923	-129,4	   0,0402856	-130,8
     32,1867	   0,0384798	-129,3	   0,0398748	-130,6
     32,1887	   0,0383008	-128,9	   0,0396396	-130,4
     32,1906	   0,0379734	-128,9	   0,0394651	-130,3
     32,1926	   0,0382453	-129,3	   0,0391937	-129,4
     32,1945	   0,0378753	-129,2	   0,0389126	-130,0
     32,1965	   0,0373728	-128,4	   0,0385938	-129,1
     32,1984	   0,0369394	-128,1	   0,0384007	-129,0
     32,2004	   0,0365555	-127,7	   0,0381427	-128,8
     32,2023	    0,036456	-129,2	   0,0378917	-128,8
     32,2043	   0,0363354	-127,3	   0,0376885	-128,5
     32,2063	   0,0359027	-126,9	    0,037305	-128,5
     32,2082	   0,0358722	-127,2	   0,0370589	-128,8
     32,2102	   0,0353761	-126,9	   0,0368296	-128,1
     32,2121	   0,0352716	-126,1	   0,0364896	-127,8
     32,2141	   0,0352065	-126,1	   0,0363122	-127,5
      32,216	   0,0347774	-125,9	   0,0359963	-127,1
      32,218	    0,034815	-126,0	   0,0358446	-127,4
     32,2199	   0,0345415	-127,3	   0,0355768	-127,3
     32,2219	   0,0337842	-124,7	   0,0352824	-126,5
     32,2239	   0,0341273	-126,0	   0,0351079	-126,7
     32,2258	   0,0334695	-124,6	   0,0347934	-126,2
     32,2278	    0,033405	-124,9	   0,0346152	-126,0
     32,2297	    0,033088	-124,9	   0,0343432	-126,1
     32,2317	   0,0330482	-125,2	    0,034074	-125,8
     32,2336	   0,0327253	-124,1	   0,0337875	-125,5
     32,2356	    0,032661	-124,2	   0,0336289	-125,2
     32,2375	   0,0322288	-123,7	    0,033384	-125,0
     32,2395	    0,032221	-123,9	   0,0331959	-125,1
     32,2414	    0,032071	-124,5	   0,0329344	-125,1
     32,2434	    0,031449	-123,4	   0,0326681	-124,8
     32,2454	   0,0315594	-124,0	   0,0325055	-124,5
     32,2473	   0,0313139	-123,7	   0,0323073	-124,6
     32,2493	   0,0307942	-122,4	    0,032003	-124,3
     32,2512	   0,0308643	-122,5	   0,0318357	-124,2
     32,2532	   0,0304055	-122,6	   0,0316232	-124,1
     32,2551	   0,0302854	-122,2	   0,0313942	-124,0
     32,2571	   0,0301078	-122,0	   0,0311274	-123,7
      32,259	   0,0297674	-122,0	   0,0309647	-123,8
      32,261	   0,0299314	-122,8	   0,0306884	-123,5
      32,263	   0,0294638	-121,9	   0,0304926	-123,4
     32,2649	   0,0291573	-121,2	   0,0303052	-123,4
     32,2669	   0,0291623	-121,7	   0,0300756	-123,4
     32,2688	   0,0288207	-120,7	   0,0298606	-122,7
     32,2708	   0,0286659	-123,1	   0,0297291	-123,0
     32,2727	   0,0285061	-120,8	    0,029512	-123,1
     32,2747	   0,0281989	-120,6	   0,0293115	-122,9
     32,2766	   0,0282824	-121,5	   0,0290078	-122,5
     32,2786	   0,0280127	-120,5	   0,0288528	-121,9
     32,2805	   0,0276251	-120,1	   0,0286238	-121,8
     32,2825	   0,0273819	-122,0	   0,0285242	-122,3
     32,2845	   0,0274957	-120,5	   0,0281869	-122,2
     32,2864	   0,0274211	-120,5	   0,0280119	-122,1
     32,2884	   0,0272362	-121,0	    0,027848	-121,8
     32,2903	   0,0268615	-119,7	   0,0276417	-121,4
     32,2923	   0,0265523	-119,0	   0,0274428	-121,2
     32,2942	   0,0264917	-122,2	   0,0272395	-121,3
     32,2962	   0,0265396	-120,8	   0,0271749	-121,7
     32,2981	   0,0262854	-119,8	   0,0269138	-120,9
     32,3001	   0,0260624	-120,9	   0,0267556	-121,3
     32,3021	   0,0258557	-119,8	   0,0266002	-121,1
      32,304	   0,0257097	-119,8	   0,0264526	-121,1
      32,306	   0,0256079	-120,9	   0,0261864	-121,2
     32,3079	   0,0252296	-120,9	   0,0260465	-121,0
     32,3099	   0,0253386	-120,4	   0,0257753	-121,0
     32,3118	   0,0250355	-118,7	   0,0256709	-120,7
     32,3138	   0,0249758	-119,4	   0,0254716	-120,6
     32,3157	   0,0248782	-119,8	   0,0253564	-120,3
     32,3177	   0,0245586	-118,7	   0,0251771	-120,6
     32,3196	   0,0243778	-120,6	   0,0250372	-120,0
     32,3216	   0,0244069	-120,2	   0,0248695	-119,9
     32,3236	   0,0242386	-119,6	   0,0247057	-119,9
     32,3255	   0,0240584	-119,5	   0,0245547	-119,8
     32,3275	   0,0238953	-119,2	   0,0243431	-120,3
     32,3294	   0,0236962	-119,3	   0,0241205	-119,7
     32,3314	   0,0236162	-119,0	   0,0239276	-119,9
     32,3333	   0,0234029	-119,0	   0,0238223	-119,5
     32,3353	    0,023283	-119,2	   0,0237692	-119,4
     32,3372	    0,023197	-119,2	   0,0236116	-119,5
     32,3392	   0,0229966	-118,8	   0,0235035	-118,6
     32,3412	   0,0227854	-118,1	   0,0232509	-119,4
     32,3431	    0,022687	-118,2	   0,0230456	-118,2
     32,3451	   0,0225345	-118,2	   0,0229313	-118,7
      32,347	   0,0223398	-118,4	   0,0227631	-118,9
      32,349	   0,0221964	-117,5	   0,0226365	-119,3
     32,3509	   0,0220912	-118,6	   0,0225493	-118,5
     32,3529	    0,021989	-118,6	   0,0223713	-118,7
     32,3548	   0,0218229	-118,0	   0,0222231	-118,9
     32,3568	   0,0216914	-117,7	   0,0220847	-119,2
     32,3587	   0,0215293	-118,0	   0,0219222	-118,6
     32,3607	   0,0213982	-118,5	   0,0217538	-118,9
     32,3627	   0,0212769	-118,3	   0,0216201	-118,4
     32,3646	   0,0211492	-118,4	    0,021489	-118,7
     32,3666	   0,0210283	-117,5	   0,0213506	-118,8
     32,3685	   0,0209326	-117,8	   0,0212337	-118,5
     32,3705	   0,0208331	-118,2	   0,0210809	-118,4
     32,3724	   0,0206363	-118,0	   0,0209713	-118,6
     32,3744	   0,0204865	-118,0	   0,0208887	-118,6
     32,3763	   0,0203917	-117,9	   0,0207148	-118,7
     32,3783	    0,020286	-117,9	    0,020516	-118,2
     32,3803	   0,0201895	-117,4	   0,0204192	-118,2
     32,3822	   0,0199793	-117,3	   0,0203442	-117,8
     32,3842	   0,0198252	-118,0	    0,020252	-118,0
     32,3861	   0,0198004	-117,5	   0,0200703	-118,2
     32,3881	   0,0197447	-117,7	   0,0199029	-117,9
       32,39	   0,0195629	-117,2	   0,0198144	-117,8
      32,392	   0,0194173	-117,3	    0,019707	-117,9
     32,3939	   0,0193024	-117,8	   0,0195842	-117,6
     32,3959	   0,0192061	-117,0	   0,0194594	-117,7
     32,3979	   0,0190452	-116,9	   0,0193302	-117,5
     32,3998	   0,0189376	-117,5	   0,0192237	-117,5
     32,4018	    0,018834	-117,0	   0,0190681	-117,7
     32,4037	   0,0187487	-117,4	   0,0189702	-117,7
     32,4057	   0,0186709	-116,7	   0,0189087	-117,6
     32,4076	   0,0184888	-117,0	   0,0188141	-117,5
     32,4096	    0,018406	-116,7	   0,0186082	-117,8
     32,4115	   0,0182917	-116,7	   0,0185027	-117,2
     32,4135	   0,0181556	-117,0	   0,0184396	-117,1
     32,4154	   0,0180524	-117,1	   0,0183737	-117,3
     32,4174	   0,0180005	-116,8	   0,0182158	-117,3
     32,4194	   0,0178808	-116,4	   0,0180252	-116,7
     32,4213	   0,0177846	-116,8	   0,0179855	-116,9
     32,4233	   0,0176525	-116,3	   0,0179367	-116,8
     32,4252	   0,0175065	-116,4	   0,0178462	-116,9
     32,4272	   0,0174617	-116,7	   0,0176647	-117,5
     32,4291	   0,0173435	-116,7	   0,0174955	-117,2
     32,4311	   0,0172147	-116,2	   0,0174381	-116,6
      32,433	   0,0171593	-116,3	   0,0173953	-116,9
      32,435	   0,0170944	-116,3	    0,017331	-116,9
      32,437	   0,0169329	-116,5	   0,0172061	-117,0
     32,4389	   0,0168243	-116,7	   0,0170812	-116,8
     32,4409	   0,0167477	-116,4	   0,0169013	-116,9
     32,4428	   0,0166877	-116,7	   0,0168341	-116,4
     32,4448	   0,0165426	-116,5	   0,0167895	-116,6
     32,4467	   0,0164537	-116,1	    0,016734	-116,7
     32,4487	   0,0163916	-116,6	   0,0165942	-117,0
     32,4506	   0,0163432	-116,2	   0,0164647	-116,8
     32,4526	    0,016223	-116,1	   0,0164021	-116,8
     32,4545	   0,0160963	-116,0	   0,0162993	-116,3
     32,4565	   0,0159738	-116,7	   0,0162598	-116,4
     32,4585	   0,0159695	-116,3	   0,0161457	-116,6
     32,4604	   0,0159644	-116,3	   0,0159755	-116,6
     32,4624	   0,0157646	-115,8	   0,0159436	-116,3
     32,4643	    0,015683	-116,0	   0,0158265	-116,1
     32,4663	   0,0155828	-116,1	   0,0157718	-116,4
     32,4682	   0,0154772	-115,9	   0,0157117	-116,5
     32,4702	   0,0153445	-116,0	   0,0156631	-116,5
     32,4721	   0,0152886	-116,2	   0,0154583	-116,5
     32,4741	   0,0152705	-116,0	   0,0153703	-115,8
     32,4761	   0,0151858	-115,5	   0,0153425	-116,0
      32,478	   0,0150651	-116,0	   0,0152763	-116,5
       32,48	   0,0149872	-115,7	   0,0151523	-115,9
     32,4819	    0,014913	-115,8	   0,0150922	-116,2
     32,4839	   0,0147859	-115,8	   0,0149867	-116,2
     32,4858	   0,0147126	-116,4	    0,014935	-116,3
     32,4878	    0,014723	-115,6	   0,0148015	-116,1
     32,4897	   0,0146205	-115,6	   0,0147252	-116,2
     32,4917	   0,0144998	-115,9	   0,0146468	-115,7
     32,4936	   0,0144535	-115,6	   0,0146192	-116,2
     32,4956	   0,0143855	-115,5	   0,0144902	-115,9
     32,4976	   0,0142159	-115,7	   0,0144113	-115,4
     32,4995	   0,0142102	-115,8	   0,0144055	-115,8
     32,5015	   0,0141837	-115,5	   0,0143243	-116,1
     32,5034	   0,0140459	-115,7	   0,0141892	-115,7
     32,5054	   0,0139492	-115,6	   0,0140999	-115,7
     32,5073	   0,0139746	-115,5	   0,0140918	-115,9
     32,5093	   0,0138793	-115,3	   0,0140105	-115,7
     32,5112	   0,0138437	-115,5	   0,0139211	-115,8
     32,5132	   0,0137425	-115,1	   0,0138487	-115,4
     32,5152	   0,0135952	-115,1	    0,013728	-115,8
     32,5171	   0,0135662	-115,5	   0,0137124	-115,8
     32,5191	   0,0134866	-115,6	   0,0136015	-116,0
      32,521	   0,0133976	-115,5	   0,0135124	-115,4
      32,523	    0,013361	-115,1	   0,0135447	-115,4
     32,5249	   0,0132906	-115,6	   0,0134131	-116,2
     32,5269	   0,0132392	-115,4	   0,0132911	-115,6
     32,5288	   0,0131459	-115,8	   0,0132194	-115,1
     32,5308	   0,0131577	-114,9	   0,0132423	-115,4
     32,5327	   0,0129976	-115,4	   0,0132167	-115,6
     32,5347	   0,0129234	-114,9	   0,0130865	-116,0
     32,5367	   0,0128605	-115,3	   0,0129696	-115,4
     32,5386	   0,0128461	-115,4	   0,0129435	-115,2
     32,5406	   0,0128149	-115,8	   0,0129538	-115,2
     32,5425	   0,0127145	-114,9	    0,012852	-115,4
     32,5445	   0,0125467	-115,2	   0,0126408	-115,6
     32,5464	   0,0125111	-115,5	   0,0126521	-114,8
     32,5484	   0,0125735	-115,2	   0,0126621	-115,6
     32,5503	   0,0124633	-115,1	   0,0125786	-115,4
     32,5523	   0,0123238	-114,9	   0,0125064	-115,9
     32,5543	   0,0122451	-115,3	    0,012348	-115,5
     32,5562	   0,0122748	-114,8	   0,0123344	-115,0
     32,5582	   0,0122019	-115,3	   0,0123457	-115,3
     32,5601	   0,0121527	-115,3	   0,0122522	-115,6
     32,5621	   0,0121152	-114,9	   0,0121404	-115,2
      32,564	   0,0120601	-115,3	   0,0121006	-115,1
      32,566	   0,0119511	-114,9	   0,0120381	-114,7
     32,5679	   0,0118854	-114,8	   0,0120339	-115,2
     32,5699	   0,0118414	-114,7	   0,0120125	-115,6
     32,5718	   0,0118133	-115,0	   0,0118992	-116,0
     32,5738	   0,0116984	-115,1	   0,0117397	-115,3
     32,5758	   0,0116806	-114,9	   0,0117913	-114,9
     32,5777	   0,0115943	-115,1	   0,0117695	-115,4
     32,5797	    0,011557	-115,2	   0,0116443	-115,4
     32,5816	   0,0114859	-115,1	   0,0115703	-115,5
     32,5836	   0,0114669	-115,1	   0,0114728	-115,4
     32,5855	   0,0113991	-114,6	    0,011509	-114,6
     32,5875	    0,011257	-115,2	   0,0114619	-115,3
     32,5894	   0,0113267	-114,7	   0,0113704	-115,2
     32,5914	   0,0112444	-114,9	   0,0112956	-115,0
     32,5934	   0,0111507	-115,0	    0,011275	-115,4
     32,5953	   0,0111465	-114,8	   0,0112058	-115,1
     32,5973	   0,0110681	-115,0	   0,0111014	-115,2
     32,5992	   0,0109348	-115,1	    0,011082	-114,9
     32,6012	   0,0109669	-115,3	   0,0110855	-115,5
     32,6031	   0,0109735	-114,5	   0,0110234	-114,7
     32,6051	   0,0108772	-115,1	   0,0109105	-115,0
      32,607	   0,0108147	-114,9	   0,0109311	-115,3
      32,609	   0,0107684	-114,3	   0,0109089	-114,6
     32,6109	   0,0107101	-114,8	   0,0108071	-115,4
     32,6129	   0,0106581	-114,6	    0,010695	-115,3
     32,6149	   0,0106023	-115,0	   0,0106806	-115,0
     32,6168	   0,0105521	-114,3	   0,0106565	-114,9
     32,6188	   0,0105242	-114,6	   0,0105594	-115,1
     32,6207	   0,0104802	-114,6	   0,0105483	-114,5
     32,6227	   0,0104012	-114,7	    0,010494	-114,6
     32,6246	   0,0103814	-114,3	   0,0104421	-115,0
     32,6266	   0,0103482	-114,1	   0,0103927	-114,8
     32,6285	   0,0102555	-115,1	   0,0103893	-114,9
     32,6305	   0,0102484	-114,6	   0,0102892	-114,7
     32,6325	   0,0101776	-114,8	   0,0102111	-115,0
     32,6344	   0,0101187	-114,4	   0,0102307	-114,1
     32,6364	   0,0100436	-115,0	   0,0101811	-114,9
     32,6383	   0,0100737	-114,5	   0,0100777	-115,4
     32,6403	  0,00997387	-114,4	   0,0100089	-114,8
     32,6422	   0,0099229	-114,6	   0,0100402	-114,6
     32,6442	  0,00993608	-114,9	   0,0100227	-114,4
     32,6461	  0,00990421	-114,0	  0,00985737	-115,5
     32,6481	  0,00977524	-114,1	  0,00984327	-114,5
       32,65	   0,0097676	-115,0	  0,00988964	-114,7
      32,652	  0,00974169	-114,6	  0,00981636	-115,1
      32,654	  0,00964284	-114,2	  0,00970267	-115,3
     32,6559	  0,00961288	-115,1	  0,00968648	-114,8
     32,6579	  0,00961076	-114,6	  0,00964371	-114,8
     32,6598	  0,00955626	-113,9	  0,00965079	-114,8
     32,6618	   0,0095209	-114,9	  0,00950445	-115,3
     32,6637	  0,00945111	-114,0	  0,00953764	-114,6
     32,6657	  0,00940056	-114,7	  0,00952433	-115,2
     32,6676	  0,00941201	-114,4	  0,00941154	-115,1
     32,6696	  0,00933871	-114,0	  0,00937228	-114,7
     32,6716	   0,0092598	-114,6	  0,00940467	-114,4
     32,6735	  0,00922989	-114,9	  0,00935216	-115,2
     32,6755	  0,00928849	-114,7	  0,00923471	-114,9
     32,6774	  0,00918361	-114,4	  0,00928522	-114,5
     32,6794	  0,00915266	-114,3	  0,00920654	-114,7
     32,6813	  0,00908448	-114,5	  0,00910599	-114,5
     32,6833	  0,00902183	-114,9	  0,00912001	-114,4
     32,6852	  0,00901431	-114,5	  0,00908935	-115,0
     32,6872	  0,00898039	-114,5	  0,00900682	-115,2
     32,6891	  0,00891674	-114,5	  0,00902021	-114,2
     32,6911	  0,00892715	-114,7	  0,00897375	-114,4
     32,6931	  0,00888503	-114,6	  0,00893238	-114,8
      32,695	  0,00878465	-114,5	  0,00886105	-114,4
      32,697	  0,00879314	-114,9	  0,00884723	-114,4
     32,6989	  0,00877463	-114,9	  0,00875624	-115,1
     32,7009	  0,00868277	-114,6	  0,00878463	-114,6
     32,7028	  0,00865507	-115,0	  0,00871173	-114,5
     32,7048	  0,00865806	-114,5	  0,00866676	-114,8
     32,7067	  0,00862322	-114,1	  0,00865135	-115,0
     32,7087	  0,00851146	-114,6	  0,00862385	-114,8
     32,7107	  0,00853623	-115,0	  0,00860901	-114,8
     32,7126	  0,00847782	-114,1	  0,00845847	-115,1
     32,7146	   0,0084071	-114,7	  0,00854382	-113,8
     32,7165	  0,00848649	-114,7	  0,00852818	-115,1
     32,7185	  0,00839534	-114,1	  0,00833816	-114,9
     32,7204	  0,00828607	-114,6	   0,0083996	-114,3
     32,7224	  0,00828675	-115,6	  0,00840037	-114,7
     32,7243	  0,00834137	-114,2	  0,00834447	-114,9
     32,7263	  0,00819952	-114,0	    0,008227	-114,8
     32,7282	  0,00820479	-114,5	  0,00821917	-114,6
     32,7302	   0,0081963	-114,3	  0,00828148	-114,6
     32,7322	  0,00807836	-115,1	  0,00817866	-114,9
     32,7341	  0,00811352	-114,4	  0,00806083	-114,3
     32,7361	  0,00803255	-114,4	   0,0081157	-114,4
      32,738	  0,00799242	-114,5	   0,0081265	-114,6
       32,74	  0,00797406	-114,6	  0,00798389	-115,2
     32,7419	   0,0079467	-113,8	  0,00798072	-113,8
     32,7439	  0,00788567	-114,3	  0,00800613	-114,5
     32,7458	  0,00794677	-114,8	  0,00787812	-114,6
     32,7478	  0,00789937	-113,8	   0,0078615	-114,3
     32,7498	  0,00779802	-114,6	  0,00790091	-114,7
     32,7517	  0,00785009	-114,2	  0,00787185	-114,6
     32,7537	  0,00771679	-113,8	  0,00776632	-114,6
     32,7556	  0,00769209	-115,2	   0,0077522	-113,8
     32,7576	   0,0077058	-114,5	  0,00783632	-114,3
     32,7595	  0,00765214	-114,4	  0,00771711	-115,1
     32,7615	  0,00760893	-114,6	   0,0075834	-114,4
     32,7634	  0,00768186	-113,9	  0,00763986	-114,5
     32,7654	  0,00752679	-113,8	  0,00764173	-114,2
     32,7673	  0,00749286	-114,6	  0,00756303	-114,7
     32,7693	  0,00753351	-114,4	  0,00751619	-114,9
     32,7713	  0,00748363	-114,8	  0,00751968	-114,7
     32,7732	  0,00743566	-114,4	  0,00746288	-113,8
     32,7752	  0,00744613	-114,5	  0,00746615	-114,9
     32,7771	  0,00740537	-114,0	  0,00738803	-114,6
     32,7791	   0,0073102	-114,5	  0,00740413	-114,2
      32,781	  0,00732276	-114,6	  0,00740074	-114,8
      32,783	  0,00733462	-114,6	  0,00725244	-114,5
     32,7849	  0,00725278	-114,7	  0,00736633	-114,3
     32,7869	  0,00727268	-114,1	  0,00721755	-115,1
     32,7889	  0,00720671	-114,0	  0,00723214	-114,6
     32,7908	  0,00716668	-114,5	   0,0072388	-114,6
     32,7928	  0,00714655	-114,8	  0,00714129	-114,6
     32,7947	   0,0071099	-114,5	  0,00716725	-114,6
     32,7967	  0,00711591	-114,9	  0,00708635	-114,4
     32,7986	  0,00705801	-113,7	  0,00711458	-114,3
     32,8006	  0,00698871	-114,8	  0,00709747	-115,0
     32,8025	  0,00702134	-114,5	  0,00698869	-114,9
     32,8045	  0,00692311	-114,0	    0,007051	-113,6
     32,8064	  0,00696016	-114,4	  0,00694676	-115,2
     32,8084	  0,00694146	-114,1	  0,00693686	-114,5
     32,8104	  0,00686253	-114,5	  0,00694578	-114,6
     32,8123	   0,0068894	-114,5	  0,00684137	-115,6
     32,8143	  0,00680245	-114,4	  0,00687197	-113,7
     32,8162	  0,00682008	-114,8	  0,00683039	-115,0
     32,8182	  0,00680421	-113,9	  0,00682123	-114,3
     32,8201	  0,00671967	-114,8	  0,00679625	-114,5
     32,8221	   0,0067778	-114,3	  0,00669909	-114,0
      32,824	  0,00669562	-114,8	  0,00674933	-114,3
      32,826	  0,00661838	-114,4	   0,0066721	-114,8
      32,828	  0,00667275	-114,1	  0,00668824	-114,0
     32,8299	  0,00664409	-114,0	  0,00664985	-114,3
     32,8319	   0,0065653	-114,5	  0,00659421	-114,7
     32,8338	  0,00657044	-115,5	  0,00662656	-114,2
     32,8358	  0,00655931	-114,4	  0,00655485	-115,3
     32,8377	  0,00650855	-114,8	  0,00653945	-113,6
     32,8397	  0,00648349	-114,4	  0,00651763	-115,2
     32,8416	   0,0064329	-114,5	  0,00647194	-114,4
     32,8436	  0,00645291	-113,8	  0,00642687	-114,2
     32,8456	  0,00637114	-114,6	  0,00648812	-114,5
     32,8475	  0,00641845	-114,6	  0,00634476	-115,3
     32,8495	  0,00631284	-114,8	  0,00641306	-114,1
     32,8514	  0,00637345	-114,7	  0,00638946	-114,6
     32,8534	  0,00625428	-113,7	  0,00628458	-114,8
     32,8553	  0,00626374	-115,3	  0,00629994	-113,9
     32,8573	  0,00629928	-114,1	  0,00630965	-115,2
     32,8592	  0,00620187	-114,6	  0,00618159	-114,7
     32,8612	  0,00622981	-114,5	   0,0062729	-114,6
     32,8631	  0,00620451	-114,2	  0,00619349	-115,0
     32,8651	    0,006109	-114,5	  0,00619538	-114,3
     32,8671	  0,00620172	-115,2	  0,00621503	-114,5
      32,869	  0,00610003	-113,4	  0,00611428	-114,6
      32,871	   0,0060646	-115,0	  0,00613686	-114,9
     32,8729	  0,00608932	-114,7	  0,00607473	-115,0
     32,8749	  0,00604062	-114,4	   0,0060395	-114,5
     32,8768	  0,00605169	-114,7	  0,00601629	-114,4
     32,8788	  0,00595647	-114,6	  0,00600537	-115,1
     32,8807	  0,00594212	-115,3	  0,00601316	-115,0
     32,8827	  0,00601748	-113,8	  0,00593992	-114,2
     32,8847	  0,00589626	-114,5	  0,00601539	-114,7
     32,8866	  0,00591301	-114,8	  0,00588668	-114,5
     32,8886	  0,00586325	-114,8	  0,00591187	-114,6
     32,8905	  0,00584734	-114,4	  0,00589513	-114,7
     32,8925	  0,00584505	-114,9	  0,00585317	-114,7
     32,8944	  0,00580756	-114,3	  0,00580032	-114,5
     32,8964	    0,005721	-114,2	  0,00577209	-115,7
     32,8983	  0,00578653	-114,8	  0,00575127	-114,8
     32,9003	  0,00574968	-114,3	  0,00576039	-114,5
     32,9022	  0,00572391	-114,2	  0,00576349	-114,8
     32,9042	  0,00570868	-114,8	  0,00567157	-114,8
     32,9062	  0,00563287	-114,2	  0,00574979	-114,4
     32,9081	  0,00568164	-114,6	  0,00564852	-115,6
     32,9101	  0,00561911	-114,4	  0,00559122	-114,2
      32,912	  0,00560781	-114,7	  0,00568491	-114,7
      32,914	  0,00559322	-114,1	  0,00556071	-115,3
     32,9159	  0,00552036	-115,7	  0,00560802	-114,4
     32,9179	  0,00558939	-114,7	  0,00555822	-115,1
     32,9198	   0,0054961	-114,5	  0,00549939	-115,0
     32,9218	  0,00555775	-115,1	  0,00550418	-114,3
     32,9238	  0,00547579	-114,3	  0,00550003	-115,2
     32,9257	  0,00545038	-114,7	  0,00546344	-114,9
     32,9277	  0,00542568	-114,6	  0,00553329	-115,0
     32,9296	  0,00539389	-115,2	   0,0053903	-114,0
     32,9316	  0,00541903	-114,6	  0,00544488	-114,7
     32,9335	   0,0053024	-115,3	   0,0053677	-115,6
     32,9355	  0,00541204	-114,6	  0,00534718	-114,7
     32,9374	   0,0053268	-114,0	  0,00541567	-114,4
     32,9394	  0,00528843	-115,3	  0,00529945	-115,3
     32,9413	  0,00530205	-114,4	  0,00532619	-114,5
     32,9433	  0,00525383	-114,7	  0,00531166	-115,3
     32,9453	  0,00525748	-114,9	  0,00520968	-115,2
     32,9472	  0,00520727	-114,5	  0,00530449	-115,4
     32,9492	  0,00523056	-115,0	  0,00519805	-115,0
     32,9511	  0,00519236	-114,0	  0,00521225	-114,3
     32,9531	  0,00512921	-115,1	  0,00513836	-115,8
      32,955	  0,00515069	-115,3	  0,00514108	-114,3
      32,957	  0,00511751	-114,0	  0,00522419	-115,2
     32,9589	  0,00510009	-114,7	  0,00506981	-116,2
     32,9609	  0,00508597	-114,8	  0,00516609	-114,5
     32,9629	  0,00507653	-114,6	  0,00505574	-115,2
     32,9648	  0,00502302	-115,2	  0,00503606	-114,7
     32,9668	    0,005042	-114,8	  0,00507774	-115,1
     32,9687	  0,00497845	-114,5	  0,00497081	-115,0
     32,9707	  0,00499726	-115,4	  0,00507578	-115,3
     32,9726	  0,00498503	-114,4	  0,00496251	-114,6
     32,9746	  0,00494666	-114,9	  0,00496414	-114,8
     32,9765	   0,0049082	-114,8	  0,00497387	-114,5
     32,9785	  0,00496503	-114,6	  0,00489694	-115,6
     32,9804	  0,00483985	-114,6	  0,00494036	-114,8
     32,9824	  0,00496337	-114,5	  0,00488851	-115,6
     32,9844	  0,00481652	-115,3	   0,0048503	-115,8
     32,9863	  0,00487028	-114,8	   0,0048992	-114,6
     32,9883	  0,00480208	-115,3	  0,00486146	-115,7
     32,9902	    0,004834	-114,5	  0,00484157	-114,6
     32,9922	  0,00478157	-115,4	  0,00479887	-115,6
     32,9941	  0,00480312	-114,4	  0,00477639	-114,0
     32,9961	  0,00476129	-115,6	  0,00488546	-116,6
      32,998	  0,00479095	-115,0	  0,00450335	-114,5
          33	  0,00473573	-114,9	  0,00505914	-115,7

