X-Data [Hz]	Laser (M - Filtered) [m/s]	Phase [Deg]	Laser (M - Filtered) [m/s]	Phase [Deg]	
	002: [07-10-24 12:57]		003: [07-10-24 13:00]	
        41,5	   0,0699747	85,2	   0,0795134	83,5
      41,502	   0,0738014	82,6	   0,0805064	82,9
     41,5039	    0,075234	82,5	   0,0803219	83,1
     41,5059	   0,0768775	82,3	   0,0809453	82,9
     41,5078	   0,0776075	82,8	   0,0814044	83,1
     41,5098	   0,0784711	82,3	   0,0816749	83,1
     41,5117	   0,0797189	82,6	   0,0820362	82,7
     41,5137	   0,0804371	82,7	   0,0812457	83,4
     41,5156	   0,0802764	82,8	   0,0815444	82,8
     41,5176	   0,0807145	82,5	   0,0828376	83,1
     41,5196	   0,0808498	83,2	    0,082311	83,8
     41,5215	   0,0811084	83,1	   0,0831923	83,4
     41,5235	   0,0816959	82,9	   0,0822942	83,2
     41,5254	   0,0810663	82,6	   0,0827898	83,0
     41,5274	    0,080614	83,2	   0,0835384	83,5
     41,5293	   0,0821064	82,9	   0,0832643	84,0
     41,5313	   0,0825844	83,3	   0,0831281	84,1
     41,5332	   0,0823561	83,7	   0,0842814	83,6
     41,5352	   0,0830108	83,0	   0,0837974	84,5
     41,5371	   0,0832314	83,1	   0,0843493	84,5
     41,5391	    0,082504	83,0	   0,0851838	84,4
     41,5411	    0,083199	83,3	   0,0851678	84,5
      41,543	   0,0838226	83,6	   0,0852258	83,8
      41,545	   0,0838086	83,9	   0,0847539	84,6
     41,5469	   0,0844093	83,4	   0,0867082	83,6
     41,5489	   0,0846277	83,1	   0,0868853	84,2
     41,5508	   0,0844582	83,2	   0,0864071	84,5
     41,5528	   0,0844203	84,1	   0,0870704	83,9
     41,5547	   0,0844669	84,2	   0,0868414	84,4
     41,5567	   0,0855308	83,7	   0,0869198	84,2
     41,5587	   0,0854014	83,4	   0,0870204	85,1
     41,5606	   0,0853263	84,4	   0,0884539	84,4
     41,5626	   0,0855361	84,6	   0,0881681	84,7
     41,5645	   0,0853649	84,4	   0,0882404	84,8
     41,5665	   0,0856318	84,7	   0,0890034	84,5
     41,5684	   0,0864386	83,8	   0,0892894	85,4
     41,5704	   0,0872024	83,8	   0,0901593	84,6
     41,5723	   0,0875995	84,4	   0,0897265	84,7
     41,5743	   0,0874161	84,5	   0,0899674	85,4
     41,5762	   0,0881234	84,5	   0,0898449	85,3
     41,5782	    0,088227	84,1	   0,0901674	85,5
     41,5802	   0,0881385	84,8	   0,0909408	85,3
     41,5821	   0,0887775	84,4	   0,0915829	85,5
     41,5841	   0,0884919	85,2	   0,0919802	85,1
      41,586	   0,0887475	85,4	   0,0914379	85,6
      41,588	   0,0890422	84,7	   0,0922369	85,7
     41,5899	   0,0889668	85,1	     0,09266	85,7
     41,5919	   0,0894723	85,1	    0,093107	86,0
     41,5938	   0,0898903	85,2	   0,0937991	85,8
     41,5958	     0,09021	85,4	   0,0936981	86,4
     41,5978	   0,0904142	85,2	   0,0940826	86,1
     41,5997	   0,0911766	85,3	    0,094479	85,9
     41,6017	   0,0913902	84,9	    0,093898	86,9
     41,6036	   0,0911257	85,8	   0,0945221	86,8
     41,6056	   0,0917262	85,7	   0,0955533	86,8
     41,6075	   0,0922119	85,6	   0,0954097	87,1
     41,6095	   0,0926327	85,9	   0,0963354	86,9
     41,6114	   0,0925191	85,8	   0,0963188	87,2
     41,6134	   0,0927855	85,9	   0,0968529	87,7
     41,6153	   0,0926399	86,4	   0,0974762	87,2
     41,6173	   0,0935621	86,4	   0,0979908	86,9
     41,6193	   0,0935141	86,6	    0,098006	87,1
     41,6212	   0,0943391	86,1	   0,0984844	87,7
     41,6232	   0,0948677	86,3	   0,0985503	87,4
     41,6251	   0,0940041	86,5	   0,0998969	88,4
     41,6271	   0,0943601	86,6	    0,100018	88,3
      41,629	   0,0951837	87,0	    0,100565	88,1
      41,631	   0,0958504	86,7	    0,100988	88,2
     41,6329	   0,0961407	87,0	    0,101092	88,5
     41,6349	   0,0965743	87,0	    0,101155	88,8
     41,6369	   0,0964469	87,4	    0,102336	88,8
     41,6388	   0,0969929	87,6	    0,102722	89,2
     41,6408	   0,0976894	87,3	    0,103778	88,7
     41,6427	   0,0980259	87,5	    0,103865	88,7
     41,6447	   0,0978733	88,1	    0,104951	89,0
     41,6466	   0,0978246	88,0	    0,105977	89,7
     41,6486	   0,0987451	87,8	    0,106456	89,8
     41,6505	   0,0988889	88,0	    0,107507	90,0
     41,6525	   0,0998769	88,9	    0,108514	90,0
     41,6544	    0,100111	88,3	    0,109898	90,3
     41,6564	    0,100005	88,4	    0,110257	90,4
     41,6584	    0,100464	88,4	    0,112716	91,4
     41,6603	    0,100506	88,8	     0,11446	91,6
     41,6623	    0,101378	89,1	    0,117143	91,7
     41,6642	    0,101826	89,1	    0,119537	91,8
     41,6662	    0,102259	88,9	    0,123677	92,4
     41,6681	    0,102617	89,2	    0,125323	93,7
     41,6701	    0,102624	89,1	    0,128797	94,5
      41,672	    0,102988	89,4	    0,132116	95,5
      41,674	     0,10408	89,6	    0,135077	97,5
      41,676	    0,104684	89,6	    0,139309	97,8
     41,6779	    0,104848	89,8	    0,142609	98,8
     41,6799	    0,105193	89,7	    0,147324	101,6
     41,6818	    0,105589	90,6	    0,149692	102,8
     41,6838	    0,105917	90,5	    0,153291	104,8
     41,6857	     0,10718	90,4	    0,156229	105,8
     41,6877	    0,107416	90,8	    0,159546	107,4
     41,6896	    0,107845	90,5	    0,161843	108,6
     41,6916	    0,108017	90,8	    0,165183	111,0
     41,6936	    0,108345	90,8	    0,167006	112,2
     41,6955	    0,108555	90,7	    0,169867	113,4
     41,6975	    0,109846	91,4	     0,17141	114,8
     41,6994	    0,110345	91,5	    0,172666	115,9
     41,7014	    0,111042	91,9	    0,175017	117,2
     41,7033	    0,111609	91,7	    0,176992	118,5
     41,7053	    0,112339	91,7	    0,177832	119,9
     41,7072	    0,113276	92,7	    0,179189	120,9
     41,7092	    0,113977	93,0	    0,181357	121,9
     41,7111	    0,113906	93,3	    0,181499	122,8
     41,7131	    0,114552	93,8	    0,183342	124,4
     41,7151	    0,115415	93,5	    0,183986	124,9
      41,717	    0,115496	94,0	    0,184498	126,5
      41,719	    0,116487	94,0	    0,183367	127,3
     41,7209	     0,11732	93,8	    0,185374	127,7
     41,7229	    0,117649	94,6	    0,187445	128,6
     41,7248	    0,117879	94,9	    0,186735	129,2
     41,7268	    0,119538	94,4	    0,187837	130,6
     41,7287	    0,120135	94,5	    0,188327	131,3
     41,7307	    0,121813	95,4	    0,189019	131,8
     41,7327	    0,122416	95,7	    0,189768	132,6
     41,7346	    0,122271	95,6	    0,191619	133,2
     41,7366	    0,123382	96,4	    0,191055	133,3
     41,7385	    0,124934	96,0	    0,191208	135,0
     41,7405	    0,125075	95,8	    0,191782	135,4
     41,7424	    0,126682	97,6	    0,190864	136,2
     41,7444	    0,127839	98,1	    0,191447	136,6
     41,7463	    0,129083	98,7	    0,192501	137,0
     41,7483	    0,129269	98,5	    0,193903	137,8
     41,7502	    0,130017	97,8	    0,194624	137,9
     41,7522	    0,131505	98,4	     0,19332	139,0
     41,7542	    0,132535	99,1	    0,192735	139,7
     41,7561	    0,133383	99,3	    0,193433	140,0
     41,7581	    0,133773	101,0	    0,192827	140,4
       41,76	    0,135469	101,0	    0,193629	140,5
      41,762	    0,137007	101,5	    0,194121	141,1
     41,7639	    0,138485	101,8	    0,194565	142,3
     41,7659	    0,139196	102,2	    0,195145	142,5
     41,7678	    0,141191	103,6	    0,193381	143,2
     41,7698	    0,142269	104,3	    0,193915	143,5
     41,7718	    0,143529	105,2	    0,193759	143,6
     41,7737	    0,143176	105,7	    0,194774	143,9
     41,7757	    0,145648	106,1	    0,194345	144,3
     41,7776	    0,147219	107,0	    0,194472	144,9
     41,7796	    0,149913	107,4	    0,194896	145,4
     41,7815	    0,152202	108,6	    0,194413	145,8
     41,7835	    0,154256	110,3	    0,194031	146,3
     41,7854	    0,154892	111,0	     0,19526	146,2
     41,7874	    0,158052	111,9	    0,194732	146,7
     41,7893	    0,159161	113,3	    0,195309	147,7
     41,7913	    0,161714	113,9	    0,194891	147,8
     41,7933	     0,16308	115,3	    0,195782	148,4
     41,7952	    0,164477	116,4	    0,195386	148,6
     41,7972	    0,167843	118,5	    0,194857	148,6
     41,7991	    0,168203	120,0	    0,195542	149,0
     41,8011	    0,171389	121,6	    0,194771	149,7
      41,803	    0,174341	122,9	    0,195333	150,3
      41,805	    0,176928	125,0	    0,195355	150,7
     41,8069	    0,178323	126,3	     0,19457	150,6
     41,8089	    0,179605	128,8	    0,196483	151,3
     41,8109	    0,181206	130,7	    0,195364	151,8
     41,8128	     0,18357	132,9	    0,195027	151,2
     41,8148	    0,185999	134,8	    0,194581	151,5
     41,8167	    0,187857	136,6	    0,195387	152,4
     41,8187	    0,189741	138,5	    0,195571	152,8
     41,8206	    0,191353	141,2	    0,195613	153,2
     41,8226	    0,191778	142,5	    0,194466	152,9
     41,8245	    0,193199	144,1	    0,195569	153,7
     41,8265	    0,194061	146,6	     0,19502	153,7
     41,8284	    0,194489	147,6	    0,194446	153,7
     41,8304	    0,196111	148,8	    0,195002	154,7
     41,8324	    0,196506	150,2	    0,194634	154,9
     41,8343	    0,196088	150,8	    0,194521	155,0
     41,8363	    0,196766	151,9	    0,195401	155,7
     41,8382	    0,195916	152,9	    0,195371	156,0
     41,8402	    0,196621	153,8	    0,194778	155,6
     41,8421	     0,19653	154,5	    0,194672	156,1
     41,8441	    0,196881	154,8	    0,193765	156,1
      41,846	    0,195742	155,4	    0,193749	156,2
      41,848	    0,195905	155,9	    0,194618	157,0
       41,85	    0,196258	156,3	    0,194751	157,1
     41,8519	    0,196173	156,6	    0,193857	157,9
     41,8539	    0,196207	156,9	    0,194741	158,0
     41,8558	    0,196173	157,3	    0,193103	157,7
     41,8578	    0,194657	157,4	    0,193544	158,2
     41,8597	    0,195916	157,6	    0,194376	158,3
     41,8617	    0,195403	158,0	     0,19438	158,6
     41,8636	    0,195253	158,6	    0,194154	159,2
     41,8656	     0,19531	158,7	     0,19377	159,2
     41,8675	    0,195247	158,9	    0,192781	159,7
     41,8695	    0,195355	159,2	    0,193428	159,8
     41,8715	    0,195638	159,3	    0,192891	159,6
     41,8734	    0,194385	159,7	    0,192476	160,1
     41,8754	    0,193955	160,0	    0,193418	160,4
     41,8773	    0,194082	160,1	    0,193069	160,7
     41,8793	    0,194269	160,4	    0,192702	161,2
     41,8812	     0,19517	160,7	    0,192267	161,1
     41,8832	    0,194904	161,0	    0,191133	161,1
     41,8851	      0,1939	161,4	    0,191992	161,6
     41,8871	    0,193662	161,3	    0,191889	161,6
     41,8891	    0,193253	161,8	    0,192114	161,9
      41,891	    0,193652	162,0	    0,193485	162,6
      41,893	     0,19429	162,2	    0,193483	162,6
     41,8949	     0,19316	162,5	    0,191902	163,1
     41,8969	    0,194057	163,0	    0,191558	163,5
     41,8988	    0,193629	162,9	    0,190597	162,9
     41,9008	    0,192857	163,5	    0,191053	163,4
     41,9027	    0,192826	163,3	    0,190595	163,5
     41,9047	    0,192567	163,6	    0,190958	163,5
     41,9066	    0,192036	163,9	    0,192375	164,5
     41,9086	    0,192374	164,1	    0,191327	164,3
     41,9106	    0,192673	164,3	    0,191303	165,1
     41,9125	    0,192564	164,7	    0,191561	165,0
     41,9145	    0,192104	164,7	    0,191632	164,8
     41,9164	    0,192524	165,0	     0,19173	165,1
     41,9184	    0,191181	165,5	    0,190666	165,4
     41,9203	    0,191335	165,2	    0,189581	165,3
     41,9223	    0,190995	165,6	      0,1902	166,2
     41,9242	    0,190259	165,9	    0,190119	166,0
     41,9262	    0,189991	165,9	    0,190796	166,1
     41,9282	    0,190914	166,5	    0,190049	166,8
     41,9301	     0,19051	166,4	    0,189504	166,6
     41,9321	    0,190617	166,5	    0,189229	166,6
      41,934	    0,189603	166,9	    0,189152	167,0
      41,936	    0,189811	167,1	    0,189435	167,3
     41,9379	    0,190262	167,1	    0,189245	167,2
     41,9399	    0,189554	167,4	    0,189782	168,0
     41,9418	    0,189699	167,7	    0,188953	167,9
     41,9438	    0,189499	167,8	    0,188061	167,8
     41,9457	     0,18898	168,4	    0,188164	168,2
     41,9477	    0,188957	168,2	    0,188233	167,9
     41,9497	    0,189036	168,4	     0,18734	168,1
     41,9516	    0,188717	168,6	    0,188072	168,8
     41,9536	    0,187787	168,7	     0,18801	168,7
     41,9555	    0,188113	168,6	     0,18794	169,6
     41,9575	    0,188277	169,3	    0,188452	169,7
     41,9594	    0,188025	169,3	     0,18731	169,4
     41,9614	    0,187811	169,9	     0,18708	169,6
     41,9633	    0,187854	170,3	    0,186802	169,5
     41,9653	    0,187402	169,8	    0,186535	170,0
     41,9673	    0,187394	169,9	    0,186893	170,4
     41,9692	    0,186066	170,3	      0,1867	170,3
     41,9712	    0,186358	170,2	    0,186871	170,8
     41,9731	    0,186769	171,0	    0,186871	171,3
     41,9751	    0,186436	170,9	    0,186693	171,3
      41,977	    0,186824	171,0	    0,185855	171,0
      41,979	    0,186185	171,4	    0,186135	171,4
     41,9809	    0,186216	171,3	    0,185137	170,9
     41,9829	    0,185341	171,7	    0,185185	171,9
     41,9848	    0,185345	171,7	     0,18445	171,7
     41,9868	    0,184756	171,8	     0,18503	172,1
     41,9888	      0,1851	171,7	    0,185184	172,4
     41,9907	    0,184925	172,6	    0,185101	172,8
     41,9927	    0,184664	172,7	     0,18478	172,4
     41,9946	    0,184444	172,8	    0,184786	172,5
     41,9966	     0,18438	173,1	    0,184485	172,7
     41,9985	    0,184371	173,4	    0,184193	172,7
     42,0005	    0,183575	173,1	    0,183051	173,1
     42,0024	    0,183269	173,4	    0,183628	173,4
     42,0044	    0,183088	173,3	    0,183427	173,5
     42,0064	    0,183414	173,9	    0,183272	173,7
     42,0083	    0,182463	174,1	    0,183459	174,1
     42,0103	    0,182613	174,1	    0,183353	173,8
     42,0122	    0,182302	174,5	    0,182919	174,5
     42,0142	    0,182671	174,6	    0,182057	174,4
     42,0161	    0,182067	174,6	    0,182404	174,2
     42,0181	    0,181439	174,8	    0,182075	174,5
       42,02	    0,181583	175,1	     0,18188	174,9
      42,022	    0,180384	174,8	    0,181494	174,9
     42,0239	    0,181209	175,0	    0,181712	175,5
     42,0259	    0,180689	175,9	    0,181639	175,6
     42,0279	    0,180014	175,7	    0,181138	175,7
     42,0298	    0,180511	175,9	    0,181279	175,7
     42,0318	    0,180572	176,2	    0,181109	175,8
     42,0337	    0,180699	175,8	    0,180795	175,6
     42,0357	    0,180546	176,1	    0,180585	175,7
     42,0376	    0,180099	176,4	    0,180267	176,2
     42,0396	    0,179766	176,4	    0,179294	176,2
     42,0415	    0,179136	176,7	    0,179966	177,1
     42,0435	    0,178632	176,9	    0,179825	176,9
     42,0455	    0,179032	177,1	    0,179395	177,0
     42,0474	    0,178451	177,1	    0,179303	177,0
     42,0494	     0,17824	177,4	    0,179354	176,9
     42,0513	    0,178479	177,4	    0,179026	176,9
     42,0533	    0,178463	177,5	    0,178749	177,6
     42,0552	    0,178218	178,0	    0,178603	177,4
     42,0572	    0,178096	177,8	    0,178161	177,7
     42,0591	    0,177512	177,7	    0,177453	178,0
     42,0611	    0,177327	177,9	    0,177851	178,1
      42,063	    0,176618	178,2	    0,177332	178,2
      42,065	    0,176409	178,4	     0,17763	178,7
      42,067	    0,176489	178,9	    0,177418	178,5
     42,0689	    0,175693	178,9	     0,17679	178,3
     42,0709	    0,176529	178,7	     0,17701	178,6
     42,0728	    0,176434	179,3	    0,176413	178,7
     42,0748	     0,17596	179,0	    0,176641	178,7
     42,0767	    0,175696	179,0	    0,176217	178,9
     42,0787	    0,175614	179,3	    0,175956	179,5
     42,0806	    0,174587	179,6	     0,17534	179,2
     42,0826	    0,174362	179,7	    0,175816	179,8
     42,0846	    0,174141	180,1	    0,174584	180,2
     42,0865	    0,174101	180,6	    0,175202	179,7
     42,0885	    0,174117	180,3	    0,175141	179,9
     42,0904	    0,173782	180,5	    0,174721	180,1
     42,0924	    0,173647	180,4	    0,174611	180,1
     42,0943	    0,173069	180,6	    0,174444	180,5
     42,0963	    0,173795	180,7	    0,174312	180,6
     42,0982	    0,172888	181,0	    0,173614	180,7
     42,1002	    0,172674	180,9	    0,173472	180,8
     42,1021	    0,171958	181,3	    0,173222	181,1
     42,1041	    0,172341	181,5	    0,173052	181,2
     42,1061	    0,171712	181,6	    0,173092	181,5
      42,108	    0,171284	181,6	    0,172966	181,7
       42,11	    0,171114	181,9	    0,172575	181,3
     42,1119	    0,171203	181,8	    0,171853	181,5
     42,1139	    0,171395	181,7	    0,171603	181,8
     42,1158	    0,171228	182,4	    0,172183	181,5
     42,1178	     0,17132	182,1	    0,171966	181,6
     42,1197	    0,170034	182,5	    0,171663	182,5
     42,1217	    0,170275	182,7	     0,17154	182,5
     42,1237	    0,169745	182,8	    0,171298	182,6
     42,1256	    0,169666	182,6	    0,170972	182,9
     42,1276	    0,169796	183,0	    0,170608	183,1
     42,1295	    0,169475	183,4	    0,170581	183,1
     42,1315	    0,168293	183,4	     0,17057	183,2
     42,1334	    0,168798	183,6	    0,170444	183,0
     42,1354	    0,168722	183,8	     0,16983	182,8
     42,1373	    0,168579	183,6	     0,16951	183,0
     42,1393	    0,168839	183,6	    0,169533	183,4
     42,1413	    0,168601	183,9	    0,169344	183,4
     42,1432	    0,168096	183,6	     0,16872	184,0
     42,1452	    0,167899	183,8	    0,168683	184,5
     42,1471	     0,16724	184,5	    0,168601	184,1
     42,1491	    0,167079	184,5	    0,168456	184,2
      42,151	     0,16639	184,8	    0,167525	184,7
      42,153	      0,1664	185,0	    0,167612	184,6
     42,1549	    0,166863	184,8	    0,167752	184,4
     42,1569	    0,166402	185,0	    0,167124	184,8
     42,1588	    0,166225	185,4	    0,167379	184,4
     42,1608	    0,165728	185,6	    0,166952	184,5
     42,1628	     0,16576	185,2	     0,16688	185,2
     42,1647	     0,16552	185,5	      0,1667	185,4
     42,1667	    0,164708	185,3	    0,166552	185,2
     42,1686	    0,164979	185,3	    0,166223	185,9
     42,1706	    0,164301	186,1	     0,16589	186,2
     42,1725	    0,164047	186,1	     0,16535	185,7
     42,1745	    0,164249	186,2	    0,165541	185,8
     42,1764	    0,163879	186,6	    0,164944	186,2
     42,1784	    0,163903	186,5	    0,164986	186,3
     42,1804	    0,163681	186,5	     0,16445	186,0
     42,1823	    0,163746	186,5	     0,16447	186,3
     42,1843	    0,163574	186,8	    0,164577	186,3
     42,1862	    0,162932	186,6	    0,164264	186,0
     42,1882	    0,163151	186,8	    0,164225	187,0
     42,1901	    0,161979	187,1	    0,163986	187,0
     42,1921	    0,162206	187,2	    0,163152	186,9
      42,194	    0,161391	187,0	    0,163438	187,0
      42,196	    0,161494	187,6	    0,162628	187,5
     42,1979	    0,160782	187,8	    0,162647	187,5
     42,1999	    0,161012	187,6	    0,162211	187,7
     42,2019	    0,160962	187,8	    0,161826	188,0
     42,2038	    0,160745	188,1	    0,161606	187,9
     42,2058	    0,160797	187,9	     0,16112	187,6
     42,2077	    0,160673	188,1	    0,161459	187,9
     42,2097	    0,160479	188,6	    0,161629	187,7
     42,2116	      0,1604	188,6	    0,161048	187,6
     42,2136	    0,159917	188,1	    0,161248	188,5
     42,2155	    0,159977	188,4	    0,161038	188,3
     42,2175	    0,159027	188,9	    0,160565	188,5
     42,2195	    0,158752	188,5	    0,160422	188,6
     42,2214	    0,158679	189,1	    0,159694	189,0
     42,2234	    0,158105	189,3	    0,159437	189,0
     42,2253	     0,15811	189,2	    0,159344	189,2
     42,2273	    0,157896	189,4	    0,158776	189,7
     42,2292	    0,158019	189,7	    0,158753	188,8
     42,2312	    0,157627	189,7	    0,158415	189,2
     42,2331	    0,157477	189,7	    0,158852	189,5
     42,2351	    0,156982	189,9	    0,158394	189,6
      42,237	    0,156998	189,6	    0,158605	189,4
      42,239	    0,156813	189,8	    0,158202	189,5
      42,241	    0,156008	190,0	    0,157398	190,1
     42,2429	    0,156154	190,4	    0,157871	189,8
     42,2449	    0,155625	190,0	    0,156738	190,6
     42,2468	    0,155777	190,3	    0,156772	190,7
     42,2488	    0,155351	190,9	    0,156078	190,6
     42,2507	    0,154837	190,8	    0,156298	190,6
     42,2527	    0,155027	190,7	    0,156114	190,9
     42,2546	    0,154795	191,5	    0,155698	191,0
     42,2566	    0,154191	191,6	    0,155626	190,6
     42,2586	    0,154258	191,4	     0,15511	191,0
     42,2605	    0,154166	191,3	    0,155732	191,0
     42,2625	    0,153787	191,9	     0,15551	190,6
     42,2644	    0,153188	191,5	    0,154726	190,8
     42,2664	    0,154002	191,4	    0,155135	191,5
     42,2683	    0,153189	191,9	    0,154444	191,6
     42,2703	     0,15364	191,7	     0,15467	191,6
     42,2722	    0,153204	191,6	    0,154543	191,5
     42,2742	    0,152612	191,7	    0,154079	192,0
     42,2761	    0,152097	192,6	    0,153365	192,0
     42,2781	    0,151827	192,0	    0,153049	192,4
     42,2801	    0,152201	192,1	     0,15285	192,4
      42,282	    0,150889	193,0	    0,152531	192,4
      42,284	    0,151018	192,9	     0,15245	192,3
     42,2859	     0,15094	192,7	    0,151727	192,6
     42,2879	    0,151229	193,2	    0,151586	192,8
     42,2898	    0,150748	193,5	    0,151536	192,7
     42,2918	    0,151017	192,8	    0,151812	192,7
     42,2937	    0,150375	193,2	    0,151815	192,7
     42,2957	    0,149828	193,5	    0,151096	192,8
     42,2977	    0,150143	193,2	    0,151634	192,9
     42,2996	    0,149757	193,0	    0,151528	193,2
     42,3016	     0,15007	193,2	    0,151021	193,4
     42,3035	    0,149048	193,8	    0,150882	193,2
     42,3055	    0,149018	193,7	    0,150684	193,4
     42,3074	     0,14863	193,9	    0,150003	193,9
     42,3094	    0,148354	194,5	    0,149707	193,8
     42,3113	    0,147939	194,0	    0,149188	194,0
     42,3133	    0,147801	194,2	    0,148957	194,5
     42,3153	    0,147696	194,5	    0,148432	194,4
     42,3172	     0,14678	194,9	    0,148681	194,2
     42,3192	    0,147287	194,2	    0,148295	194,5
     42,3211	    0,146977	194,9	    0,147323	195,0
     42,3231	    0,147272	194,8	    0,147838	194,3
      42,325	    0,146931	194,9	    0,147771	194,4
      42,327	    0,146958	194,8	    0,147924	194,7
     42,3289	    0,146542	194,9	    0,147012	194,9
     42,3309	    0,146067	195,3	    0,147796	194,5
     42,3328	    0,145809	195,0	    0,146868	194,8
     42,3348	    0,146185	195,1	    0,147161	195,4
     42,3368	    0,144908	195,5	    0,147062	195,0
     42,3387	    0,144926	195,2	     0,14627	195,6
     42,3407	    0,143995	195,6	    0,146606	195,5
     42,3426	    0,144408	195,8	    0,145378	195,9
     42,3446	    0,144127	195,8	    0,145499	195,7
     42,3465	    0,144124	195,8	    0,144509	196,0
     42,3485	    0,144252	195,8	    0,144929	196,3
     42,3504	    0,143985	196,7	    0,144255	195,8
     42,3524	    0,143948	196,2	    0,143272	196,2
     42,3544	    0,143178	196,2	    0,143827	196,3
     42,3563	    0,142926	196,5	    0,144288	196,3
     42,3583	    0,142723	196,8	     0,14363	196,0
     42,3602	    0,142713	196,4	    0,143353	196,4
     42,3622	    0,142348	196,6	     0,14398	196,5
     42,3641	    0,142797	196,8	     0,14318	196,3
     42,3661	    0,142451	196,7	    0,143625	196,5
      42,368	    0,142366	196,8	    0,143729	196,9
       42,37	    0,141274	197,3	    0,143123	196,7
     42,3719	    0,141754	197,2	    0,142755	197,0
     42,3739	    0,141578	197,1	    0,142612	197,0
     42,3759	    0,140654	197,1	    0,142535	197,5
     42,3778	    0,140669	197,7	    0,142171	197,4
     42,3798	    0,140778	197,7	    0,140921	197,6
     42,3817	    0,139992	197,7	    0,141405	197,5
     42,3837	    0,139515	197,7	    0,140028	198,2
     42,3856	    0,139616	198,4	    0,140405	198,0
     42,3876	    0,139593	198,2	    0,139126	198,0
     42,3895	    0,139429	198,3	    0,139862	198,2
     42,3915	    0,138615	198,7	    0,138853	197,9
     42,3935	    0,138923	198,6	    0,138998	198,2
     42,3954	    0,138354	198,6	    0,138816	198,2
     42,3974	    0,137676	199,0	    0,139397	198,5
     42,3993	    0,137722	198,8	    0,138841	198,1
     42,4013	    0,137204	198,9	    0,138617	198,3
     42,4032	    0,137172	198,9	     0,13865	198,5
     42,4052	    0,137029	199,2	    0,137715	198,9
     42,4071	    0,136282	199,5	    0,137931	198,5
     42,4091	    0,137581	199,4	    0,137551	198,7
      42,411	     0,13645	199,0	     0,13828	199,0
      42,413	    0,136432	199,3	    0,138033	199,0
      42,415	    0,136183	199,4	    0,137977	199,0
     42,4169	    0,135327	199,6	    0,137336	198,8
     42,4189	    0,135329	199,4	    0,136234	-159,8
     42,4208	    0,136044	199,3	    0,137323	-160,5
     42,4228	    0,134926	199,6	    0,136333	-159,9
     42,4247	    0,135148	199,7	    0,136407	-160,6
     42,4267	    0,135512	-159,9	    0,135796	-159,9
     42,4286	    0,135031	-159,6	    0,135805	-160,1
     42,4306	    0,134958	-159,8	    0,135502	-159,8
     42,4326	     0,13417	-159,9	    0,135325	-159,7
     42,4345	    0,133812	-159,1	    0,134396	-159,5
     42,4365	    0,133371	-159,3	    0,134651	-159,6
     42,4384	    0,133598	-159,4	    0,134093	-159,5
     42,4404	    0,133018	-159,4	    0,133741	-159,2
     42,4423	    0,133191	-158,9	    0,133119	-159,6
     42,4443	    0,132787	-158,9	    0,133015	-159,3
     42,4462	    0,132906	-159,1	    0,133483	-159,4
     42,4482	    0,132668	-159,1	    0,133299	-159,5
     42,4501	    0,132576	-158,7	    0,133625	-159,7
     42,4521	    0,132367	-158,6	    0,132548	-159,3
     42,4541	    0,132116	-158,7	    0,132899	-158,9
      42,456	    0,131496	-158,8	    0,132311	-158,9
      42,458	    0,131235	-158,4	    0,133123	-159,2
     42,4599	    0,131077	-158,4	      0,1316	-158,8
     42,4619	    0,130535	-158,6	    0,132083	-158,2
     42,4638	    0,131197	-158,5	    0,132012	-158,6
     42,4658	    0,130426	-158,3	    0,132185	-158,7
     42,4677	    0,130212	-158,0	    0,131315	-159,0
     42,4697	    0,130496	-158,2	     0,13153	-158,1
     42,4717	    0,129332	-158,0	    0,131209	-158,1
     42,4736	    0,129374	-157,7	     0,13013	-158,3
     42,4756	    0,129006	-158,0	    0,130873	-158,0
     42,4775	     0,12852	-157,8	    0,130335	-157,7
     42,4795	    0,128201	-157,7	    0,130358	-157,6
     42,4814	    0,128762	-157,6	    0,129526	-157,8
     42,4834	    0,127785	-157,6	    0,129648	-157,7
     42,4853	    0,128671	-158,0	    0,129045	-157,0
     42,4873	    0,127398	-157,4	    0,128863	-157,3
     42,4892	    0,127527	-156,8	    0,129103	-157,1
     42,4912	    0,126276	-157,1	    0,128362	-157,3
     42,4932	     0,12707	-157,0	     0,12748	-156,9
     42,4951	    0,126108	-157,0	    0,127593	-157,2
     42,4971	    0,126568	-156,3	    0,126983	-157,0
      42,499	    0,125703	-156,6	    0,126779	-156,7
      42,501	    0,126483	-156,8	    0,126426	-157,2
     42,5029	    0,125596	-156,3	    0,126422	-156,8
     42,5049	     0,12602	-156,2	    0,126568	-157,2
     42,5068	     0,12544	-156,3	    0,125412	-156,5
     42,5088	    0,125484	-156,1	    0,125951	-157,0
     42,5108	    0,126062	-155,8	    0,125281	-156,6
     42,5127	    0,125258	-155,9	    0,125549	-156,6
     42,5147	    0,125457	-155,9	    0,125499	-156,3
     42,5166	     0,12473	-156,2	    0,124905	-156,5
     42,5186	    0,124592	-155,4	    0,125228	-156,5
     42,5205	    0,124224	-155,4	    0,124895	-156,2
     42,5225	     0,12452	-155,8	    0,125566	-156,0
     42,5244	     0,12349	-155,7	    0,124586	-155,6
     42,5264	    0,123389	-155,2	    0,125058	-156,4
     42,5283	    0,123965	-155,2	    0,124548	-156,2
     42,5303	    0,123251	-155,7	    0,124229	-155,7
     42,5323	    0,123003	-155,4	    0,124389	-155,6
     42,5342	     0,12261	-155,2	    0,124131	-155,8
     42,5362	    0,122794	-154,7	    0,123163	-155,8
     42,5381	    0,122062	-155,2	    0,123732	-155,1
     42,5401	    0,122599	-155,2	    0,122846	-155,0
      42,542	    0,122117	-154,9	    0,123434	-155,3
      42,544	    0,121689	-154,7	    0,122638	-155,2
     42,5459	    0,121816	-154,4	    0,122147	-154,8
     42,5479	    0,121251	-154,9	    0,122447	-154,7
     42,5499	    0,121568	-154,8	    0,122248	-155,0
     42,5518	    0,120125	-154,1	    0,122124	-155,1
     42,5538	    0,121238	-154,2	    0,121216	-154,4
     42,5557	    0,120029	-154,5	    0,121573	-154,5
     42,5577	    0,119425	-154,1	    0,120128	-154,6
     42,5596	     0,11945	-153,8	    0,120733	-154,7
     42,5616	    0,118786	-153,9	    0,121337	-154,3
     42,5635	    0,119442	-154,7	    0,120725	-154,2
     42,5655	    0,119467	-153,7	    0,120008	-154,2
     42,5674	    0,119588	-154,0	    0,119323	-154,1
     42,5694	    0,119022	-153,8	    0,119621	-154,1
     42,5714	    0,118281	-154,2	    0,119236	-153,8
     42,5733	    0,118234	-153,6	    0,119283	-153,6
     42,5753	    0,118328	-153,2	    0,118936	-153,6
     42,5772	    0,118083	-153,5	    0,118375	-153,6
     42,5792	    0,117803	-153,8	    0,117827	-153,3
     42,5811	    0,117083	-153,5	    0,118743	-153,4
     42,5831	    0,116753	-152,9	    0,117689	-153,8
      42,585	    0,116726	-152,8	     0,11816	-153,2
      42,587	    0,116613	-153,0	    0,116872	-153,3
      42,589	    0,116437	-153,3	    0,117473	-153,2
     42,5909	     0,11645	-152,3	    0,116366	-153,3
     42,5929	    0,115168	-152,8	    0,116141	-153,0
     42,5948	    0,115805	-153,1	    0,116697	-153,1
     42,5968	    0,115443	-152,9	    0,115909	-153,2
     42,5987	    0,115063	-152,4	    0,116111	-152,9
     42,6007	    0,114756	-152,4	    0,115523	-152,7
     42,6026	    0,113967	-152,2	    0,115863	-152,5
     42,6046	     0,11425	-152,6	    0,114578	-152,7
     42,6065	    0,114256	-152,0	    0,115225	-152,9
     42,6085	    0,113664	-151,9	    0,114881	-152,7
     42,6105	    0,114259	-152,1	    0,114983	-152,4
     42,6124	    0,113956	-152,3	    0,114095	-152,5
     42,6144	    0,113036	-152,6	    0,114496	-152,6
     42,6163	     0,11269	-151,5	    0,114248	-152,3
     42,6183	    0,112665	-151,3	    0,113172	-152,0
     42,6202	    0,112509	-151,8	    0,113989	-152,1
     42,6222	    0,112316	-152,2	    0,113124	-152,1
     42,6241	     0,11228	-151,5	    0,113155	-152,2
     42,6261	    0,112025	-151,5	    0,112585	-151,7
     42,6281	    0,111492	-151,4	    0,113409	-151,7
       42,63	    0,112365	-151,3	    0,113889	-151,9
      42,632	    0,111883	-151,4	    0,113985	-151,9
     42,6339	    0,111974	-151,0	    0,112767	-151,6
     42,6359	    0,112265	-151,5	    0,112579	-151,3
     42,6378	    0,111592	-151,5	    0,111792	-151,5
     42,6398	    0,111869	-150,9	    0,111138	-151,4
     42,6417	    0,111082	-150,9	    0,111731	-151,5
     42,6437	    0,110718	-150,7	    0,111586	-150,9
     42,6456	    0,110582	-151,0	    0,111475	-151,3
     42,6476	    0,110197	-150,6	    0,111596	-151,2
     42,6496	    0,109514	-151,1	    0,111721	-151,1
     42,6515	    0,109759	-150,5	    0,111417	-150,6
     42,6535	    0,109401	-150,8	    0,111209	-150,8
     42,6554	    0,109817	-150,4	    0,110413	-150,8
     42,6574	    0,108966	-150,4	    0,109324	-150,9
     42,6593	    0,109159	-150,1	     0,10985	-150,1
     42,6613	     0,10842	-149,9	    0,109912	-150,4
     42,6632	    0,108322	-149,9	    0,109097	-150,5
     42,6652	    0,108127	-150,0	    0,109091	-150,2
     42,6672	    0,108235	-149,7	    0,109167	-150,4
     42,6691	    0,108295	-150,2	    0,109253	-150,1
     42,6711	    0,107784	-149,8	    0,109524	-150,2
      42,673	    0,107146	-149,2	    0,108826	-150,3
      42,675	    0,106741	-150,0	    0,108508	-149,7
     42,6769	    0,107104	-149,4	    0,108068	-149,7
     42,6789	    0,106511	-149,5	    0,108474	-150,2
     42,6808	    0,106845	-149,9	    0,106966	-150,0
     42,6828	    0,106284	-150,0	    0,107256	-149,6
     42,6847	    0,106306	-149,3	    0,107673	-149,5
     42,6867	     0,10588	-149,1	    0,106994	-149,3
     42,6887	    0,104994	-149,4	    0,107365	-149,7
     42,6906	    0,105273	-149,4	    0,106658	-149,6
     42,6926	     0,10528	-148,5	    0,106604	-149,2
     42,6945	    0,104547	-149,0	    0,106303	-149,1
     42,6965	    0,104587	-148,5	    0,106751	-149,4
     42,6984	    0,104666	-148,9	    0,105222	-149,1
     42,7004	    0,104248	-148,1	    0,106715	-149,2
     42,7023	    0,103941	-148,4	    0,106172	-148,8
     42,7043	    0,103639	-148,3	    0,105638	-148,8
     42,7063	    0,103603	-148,8	    0,105355	-148,7
     42,7082	     0,10401	-148,2	     0,10481	-148,8
     42,7102	    0,103478	-148,8	     0,10486	-149,2
     42,7121	    0,103328	-148,4	    0,104808	-148,3
     42,7141	    0,102916	-148,6	    0,104805	-148,9
      42,716	    0,102954	-148,5	    0,104454	-148,8
      42,718	    0,102305	-148,5	    0,104641	-148,7
     42,7199	    0,101749	-148,1	    0,104543	-148,1
     42,7219	    0,102302	-148,0	    0,104206	-148,3
     42,7239	    0,102173	-148,2	    0,103575	-148,6
     42,7258	    0,102046	-148,4	    0,102763	-148,8
     42,7278	    0,102061	-148,0	    0,103333	-147,7
     42,7297	    0,101155	-147,5	    0,103785	-148,2
     42,7317	     0,10203	-148,2	    0,102769	-148,4
     42,7336	    0,100883	-148,1	    0,102657	-148,4
     42,7356	     0,10057	-148,0	    0,102791	-148,1
     42,7375	     0,10072	-147,4	    0,101468	-147,5
     42,7395	    0,101077	-147,8	    0,102322	-148,1
     42,7414	    0,100456	-147,2	     0,10091	-148,3
     42,7434	   0,0999654	-147,9	    0,101872	-147,6
     42,7454	    0,100853	-147,6	    0,101187	-147,4
     42,7473	     0,10031	-147,8	    0,101369	-147,5
     42,7493	   0,0998889	-147,9	    0,101204	-147,7
     42,7512	   0,0996592	-147,7	    0,100341	-148,0
     42,7532	   0,0996309	-148,0	    0,101192	-147,7
     42,7551	   0,0997047	-147,4	    0,100441	-146,9
     42,7571	   0,0996792	-147,0	    0,100328	-146,9
      42,759	   0,0997896	-146,9	   0,0999082	-147,0
      42,761	   0,0989257	-146,7	   0,0998468	-147,4
      42,763	   0,0992929	-147,1	   0,0992995	-147,1
     42,7649	   0,0982442	-146,8	    0,099074	-146,6
     42,7669	   0,0984843	-146,6	   0,0987011	-146,9
     42,7688	   0,0981536	-146,6	   0,0990627	-147,4
     42,7708	   0,0983611	-147,0	   0,0999546	-146,9
     42,7727	   0,0976668	-146,7	    0,098801	-146,9
     42,7747	   0,0974924	-146,3	   0,0988885	-146,6
     42,7766	   0,0971015	-146,8	   0,0985117	-146,5
     42,7786	   0,0966719	-146,2	   0,0975487	-146,5
     42,7805	    0,097249	-146,5	   0,0978509	-146,2
     42,7825	   0,0965553	-146,0	   0,0981703	-146,5
     42,7845	   0,0968266	-145,8	   0,0971386	-146,2
     42,7864	   0,0967501	-145,9	   0,0975416	-146,0
     42,7884	   0,0967872	-146,1	    0,097208	-146,0
     42,7903	   0,0963993	-146,3	   0,0977009	-146,1
     42,7923	   0,0961556	-146,2	   0,0969488	-146,1
     42,7942	   0,0962537	-145,7	   0,0970271	-146,1
     42,7962	   0,0962341	-145,7	    0,096543	-146,4
     42,7981	   0,0954488	-146,1	   0,0966082	-146,4
     42,8001	   0,0950484	-145,8	   0,0959951	-145,7
     42,8021	   0,0955978	-145,7	   0,0948806	-145,0
      42,804	   0,0942244	-144,9	   0,0954004	-145,6
      42,806	   0,0943865	-145,1	   0,0956694	-145,6
     42,8079	   0,0941371	-145,6	   0,0965942	-145,5
     42,8099	   0,0943574	-145,5	    0,096338	-145,6
     42,8118	   0,0936424	-144,8	    0,095656	-145,6
     42,8138	   0,0941568	-144,9	   0,0955683	-145,3
     42,8157	   0,0933756	-145,5	   0,0940929	-145,3
     42,8177	   0,0932757	-145,4	    0,094879	-145,2
     42,8196	   0,0931147	-145,4	   0,0946215	-145,9
     42,8216	   0,0925045	-144,8	   0,0947461	-145,3
     42,8236	   0,0922733	-144,8	   0,0940204	-144,8
     42,8255	   0,0924219	-145,2	   0,0940817	-144,9
     42,8275	   0,0920584	-144,9	   0,0936144	-144,7
     42,8294	   0,0922988	-145,3	    0,093998	-144,7
     42,8314	   0,0923928	-144,9	    0,093614	-144,4
     42,8333	   0,0920848	-145,2	   0,0929129	-144,7
     42,8353	   0,0920785	-144,8	   0,0927584	-144,8
     42,8372	   0,0916378	-144,9	   0,0925111	-145,0
     42,8392	   0,0913661	-144,9	   0,0925899	-145,0
     42,8412	   0,0914432	-144,6	   0,0928576	-144,7
     42,8431	   0,0915809	-144,3	   0,0917132	-144,6
     42,8451	   0,0913414	-145,2	    0,092154	-145,0
      42,847	   0,0914514	-144,5	    0,091921	-144,7
      42,849	   0,0907511	-145,1	   0,0915288	-144,3
     42,8509	   0,0904355	-144,3	   0,0911344	-144,5
     42,8529	   0,0900789	-143,8	   0,0915901	-145,2
     42,8548	   0,0903085	-144,3	   0,0910762	-144,1
     42,8568	    0,090358	-143,8	   0,0905145	-143,3
     42,8587	   0,0897633	-143,8	   0,0902738	-144,1
     42,8607	   0,0902739	-143,9	   0,0904213	-143,6
     42,8627	   0,0892598	-143,3	     0,08924	-143,7
     42,8646	   0,0895008	-144,1	   0,0901863	-144,0
     42,8666	    0,088947	-143,2	   0,0895603	-143,8
     42,8685	   0,0888408	-143,2	     0,08951	-143,5
     42,8705	   0,0889897	-143,7	   0,0891288	-143,1
     42,8724	   0,0883617	-143,0	    0,089224	-144,1
     42,8744	   0,0884357	-143,1	   0,0892274	-143,5
     42,8763	    0,087919	-143,1	   0,0895429	-143,6
     42,8783	   0,0882854	-144,2	     0,08859	-143,3
     42,8803	   0,0877018	-143,4	   0,0891443	-143,6
     42,8822	   0,0873474	-143,0	   0,0879019	-143,3
     42,8842	   0,0882074	-143,4	   0,0890974	-144,5
     42,8861	   0,0881148	-143,8	    0,088717	-144,0
     42,8881	   0,0867319	-143,0	   0,0882731	-143,4
       42,89	   0,0868489	-143,3	   0,0879506	-142,9
      42,892	   0,0870109	-142,9	   0,0886106	-143,2
     42,8939	   0,0871458	-143,2	   0,0880887	-144,2
     42,8959	    0,087233	-143,3	   0,0875477	-143,9
     42,8979	   0,0868251	-143,6	   0,0870151	-142,8
     42,8998	   0,0868777	-143,7	   0,0865938	-143,1
     42,9018	   0,0863279	-143,3	    0,087111	-143,4
     42,9037	   0,0864241	-142,7	   0,0858305	-142,7
     42,9057	   0,0863031	-142,9	   0,0869896	-143,4
     42,9076	   0,0857848	-142,2	   0,0872161	-142,8
     42,9096	   0,0859369	-142,9	   0,0864884	-143,0
     42,9115	   0,0853026	-142,4	   0,0859819	-142,2
     42,9135	   0,0854085	-141,9	   0,0860236	-142,2
     42,9154	   0,0853663	-142,2	    0,085299	-142,2
     42,9174	   0,0855368	-142,3	   0,0852868	-142,3
     42,9194	   0,0848933	-142,2	   0,0856639	-142,3
     42,9213	   0,0845425	-141,6	   0,0849242	-141,9
     42,9233	   0,0840416	-141,8	   0,0853427	-142,3
     42,9252	   0,0842232	-142,1	   0,0855641	-142,5
     42,9272	   0,0841529	-141,8	   0,0852239	-142,2
     42,9291	   0,0844663	-142,2	   0,0849583	-142,1
     42,9311	   0,0838441	-141,5	   0,0848141	-142,2
      42,933	   0,0838543	-141,6	   0,0851057	-141,7
      42,935	   0,0839426	-142,0	   0,0850736	-141,6
      42,937	   0,0831089	-141,6	   0,0847481	-143,1
     42,9389	   0,0836176	-142,4	   0,0843437	-141,9
     42,9409	    0,082943	-141,4	   0,0839596	-141,9
     42,9428	   0,0832355	-141,8	   0,0843595	-142,0
     42,9448	   0,0826728	-141,8	   0,0845362	-142,2
     42,9467	   0,0830556	-142,2	   0,0836657	-142,4
     42,9487	   0,0828508	-142,3	   0,0832986	-142,1
     42,9506	   0,0826824	-142,4	   0,0835064	-142,0
     42,9526	   0,0823077	-141,7	   0,0829387	-141,6
     42,9545	   0,0824849	-141,2	   0,0818686	-141,5
     42,9565	   0,0822829	-141,6	   0,0833764	-141,9
     42,9585	   0,0816347	-141,3	   0,0823667	-140,9
     42,9604	     0,08171	-141,4	   0,0822265	-141,3
     42,9624	   0,0813901	-141,7	   0,0818108	-141,4
     42,9643	   0,0819931	-141,6	   0,0813392	-141,2
     42,9663	   0,0807819	-140,6	   0,0821407	-141,9
     42,9682	   0,0811626	-140,5	   0,0813554	-140,8
     42,9702	   0,0805675	-140,9	   0,0822301	-142,0
     42,9721	   0,0807117	-141,2	   0,0812006	-140,9
     42,9741	   0,0804892	-140,6	   0,0814515	-141,9
     42,9761	   0,0804256	-140,3	   0,0802536	-141,2
      42,978	   0,0809755	-140,9	    0,081133	-141,1
       42,98	    0,080292	-140,6	   0,0806186	-141,1
     42,9819	   0,0803744	-140,6	   0,0804679	-141,2
     42,9839	   0,0801203	-140,9	   0,0808403	-140,9
     42,9858	   0,0803288	-141,2	   0,0805376	-140,6
     42,9878	   0,0802276	-141,1	   0,0802523	-141,2
     42,9897	   0,0794325	-140,3	   0,0805843	-141,0
     42,9917	    0,079709	-140,8	    0,080336	-140,9
     42,9936	   0,0798813	-140,9	   0,0796445	-139,9
     42,9956	   0,0791778	-140,2	   0,0798373	-140,5
     42,9976	   0,0789939	-140,2	   0,0792498	-140,0
     42,9995	   0,0792477	-140,0	   0,0790537	-140,1
     43,0015	    0,078898	-140,2	   0,0794791	-140,4
     43,0034	   0,0784449	-140,4	   0,0789384	-139,9
     43,0054	   0,0784229	-140,2	    0,078934	-140,6
     43,0073	   0,0785444	-140,3	   0,0796679	-140,3
     43,0093	   0,0778523	-139,8	   0,0794668	-140,4
     43,0112	   0,0777373	-139,7	   0,0789685	-140,1
     43,0132	   0,0780837	-140,0	   0,0792515	-140,4
     43,0152	    0,077803	-140,1	   0,0787828	-140,5
     43,0171	   0,0777319	-140,1	   0,0788222	-140,3
     43,0191	   0,0775321	-140,6	   0,0782198	-139,8
      43,021	   0,0778708	-140,2	   0,0783266	-140,2
      43,023	   0,0769649	-139,8	   0,0779041	-140,0
     43,0249	   0,0765746	-140,1	   0,0778384	-140,0
     43,0269	   0,0765387	-140,0	   0,0769769	-139,9
     43,0288	   0,0766902	-140,2	   0,0774235	-139,4
     43,0308	   0,0767782	-139,6	   0,0769159	-139,4
     43,0327	   0,0766507	-139,6	   0,0764576	-139,5
     43,0347	   0,0758506	-139,5	   0,0772093	-140,0
     43,0367	   0,0760667	-139,6	   0,0765004	-139,4
     43,0386	   0,0762336	-139,6	   0,0765396	-139,8
     43,0406	   0,0759873	-139,7	   0,0765172	-139,4
     43,0425	    0,076217	-140,2	    0,076606	-139,6
     43,0445	    0,076141	-139,5	   0,0762217	-139,6
     43,0464	   0,0758015	-139,5	   0,0766452	-140,1
     43,0484	   0,0751691	-139,1	   0,0763563	-139,8
     43,0503	   0,0751974	-139,4	   0,0757843	-139,5
     43,0523	   0,0749354	-139,5	   0,0762597	-139,6
     43,0543	   0,0748676	-139,4	   0,0754859	-139,0
     43,0562	   0,0746353	-138,9	    0,074714	-139,0
     43,0582	   0,0747283	-139,0	   0,0747152	-139,1
     43,0601	   0,0743212	-139,2	   0,0745966	-139,7
     43,0621	   0,0744044	-139,0	   0,0741754	-138,8
      43,064	   0,0741594	-139,5	   0,0748013	-138,8
      43,066	   0,0742358	-139,2	   0,0747081	-138,9
     43,0679	   0,0739636	-138,5	   0,0748985	-138,8
     43,0699	   0,0732913	-138,5	   0,0744363	-139,2
     43,0718	   0,0733661	-138,1	    0,074791	-139,4
     43,0738	   0,0735972	-138,7	   0,0741356	-139,1
     43,0758	   0,0733563	-138,9	   0,0743675	-139,0
     43,0777	   0,0730896	-138,6	   0,0744778	-139,0
     43,0797	   0,0735124	-138,4	   0,0737277	-138,4
     43,0816	   0,0730507	-138,3	   0,0735821	-139,1
     43,0836	   0,0735413	-138,5	   0,0736923	-139,2
     43,0855	   0,0735161	-139,0	   0,0731959	-138,7
     43,0875	   0,0727527	-138,5	   0,0724454	-138,4
     43,0894	   0,0729836	-138,7	   0,0724527	-138,1
     43,0914	   0,0724099	-138,8	   0,0726795	-138,3
     43,0934	   0,0721049	-137,9	   0,0722917	-138,8
     43,0953	   0,0720865	-138,2	   0,0724897	-138,7
     43,0973	    0,071915	-138,5	   0,0724976	-138,3
     43,0992	    0,071366	-137,9	   0,0729783	-138,4
     43,1012	   0,0713475	-138,1	   0,0726826	-138,1
     43,1031	   0,0714142	-138,1	   0,0726773	-138,5
     43,1051	   0,0720555	-138,8	   0,0724128	-138,9
      43,107	   0,0716603	-138,1	   0,0716831	-138,1
      43,109	   0,0717498	-138,2	   0,0715664	-138,1
     43,1109	   0,0711647	-138,1	   0,0715276	-138,1
     43,1129	   0,0710729	-138,2	   0,0714834	-138,0
     43,1149	    0,071298	-138,6	   0,0706923	-137,7
     43,1168	   0,0711751	-138,4	   0,0705537	-137,6
     43,1188	   0,0710303	-137,7	    0,070829	-138,0
     43,1207	   0,0705146	-137,8	   0,0703601	-137,8
     43,1227	   0,0700833	-137,8	   0,0712399	-138,0
     43,1246	   0,0696182	-137,3	   0,0705938	-137,6
     43,1266	    0,069776	-137,8	   0,0709971	-137,8
     43,1285	        0,07	-137,9	   0,0706163	-137,8
     43,1305	   0,0696085	-137,1	   0,0705625	-138,1
     43,1325	    0,069651	-137,7	   0,0704912	-138,4
     43,1344	   0,0695763	-137,7	   0,0699542	-137,9
     43,1364	   0,0694913	-137,6	   0,0699916	-138,0
     43,1383	   0,0696625	-137,6	    0,069477	-137,5
     43,1403	   0,0694406	-137,8	   0,0694545	-137,1
     43,1422	   0,0693398	-137,7	   0,0692262	-137,4
     43,1442	    0,068928	-137,5	    0,068721	-137,5
     43,1461	   0,0681681	-136,8	   0,0693408	-137,8
     43,1481	   0,0682892	-136,8	   0,0684068	-137,4
       43,15	   0,0680465	-137,1	   0,0687451	-137,4
      43,152	   0,0679985	-137,0	   0,0689696	-137,0
      43,154	   0,0676007	-137,2	   0,0691571	-137,2
     43,1559	   0,0680719	-137,1	   0,0684068	-137,5
     43,1579	   0,0679087	-136,7	   0,0683873	-137,6
     43,1598	   0,0676871	-137,0	   0,0682534	-137,4
     43,1618	   0,0679877	-137,0	   0,0679658	-137,0
     43,1637	   0,0678602	-137,4	   0,0677708	-137,4
     43,1657	   0,0674726	-136,9	   0,0679909	-136,9
     43,1676	   0,0676165	-137,1	    0,067655	-137,0
     43,1696	   0,0671535	-137,1	   0,0672316	-136,7
     43,1716	   0,0673039	-136,9	   0,0673482	-137,3
     43,1735	   0,0670225	-136,4	   0,0669424	-137,1
     43,1755	   0,0669578	-136,7	   0,0675705	-137,3
     43,1774	   0,0669129	-136,6	   0,0675461	-136,9
     43,1794	   0,0668462	-137,3	   0,0674144	-136,8
     43,1813	   0,0668186	-137,4	   0,0672203	-136,9
     43,1833	   0,0665055	-136,7	    0,066682	-136,6
     43,1852	   0,0666936	-136,8	   0,0668585	-137,3
     43,1872	    0,066591	-136,9	   0,0667012	-137,1
     43,1891	   0,0663057	-136,4	    0,065903	-136,5
     43,1911	   0,0663381	-136,8	   0,0659243	-136,5
     43,1931	   0,0656313	-136,6	   0,0655913	-135,8
      43,195	   0,0655351	-136,9	   0,0659267	-136,3
      43,197	   0,0653904	-136,4	    0,065719	-136,7
     43,1989	   0,0652203	-135,8	   0,0661795	-136,9
     43,2009	   0,0653562	-136,3	   0,0658855	-136,8
     43,2028	   0,0653914	-136,5	   0,0655305	-136,5
     43,2048	   0,0652492	-136,6	   0,0659005	-136,7
     43,2067	    0,065512	-136,9	   0,0657618	-136,7
     43,2087	   0,0650116	-136,4	   0,0654908	-136,5
     43,2107	   0,0650323	-136,5	   0,0652738	-136,6
     43,2126	   0,0645279	-136,1	    0,064991	-136,5
     43,2146	   0,0645224	-136,0	   0,0648947	-136,5
     43,2165	   0,0645719	-135,9	   0,0645199	-136,1
     43,2185	   0,0639548	-135,8	   0,0647539	-136,2
     43,2204	    0,063971	-135,7	   0,0646423	-136,3
     43,2224	    0,063709	-136,1	   0,0647588	-136,2
     43,2243	   0,0641721	-136,6	   0,0646641	-136,4
     43,2263	   0,0637584	-136,1	   0,0645621	-136,5
     43,2282	   0,0641355	-136,2	   0,0643367	-136,6
     43,2302	   0,0639754	-135,9	   0,0642275	-136,6
     43,2322	   0,0635233	-135,8	   0,0640741	-136,3
     43,2341	   0,0637136	-136,1	   0,0635789	-135,6
     43,2361	    0,063488	-136,0	   0,0631114	-135,5
      43,238	   0,0628952	-135,9	   0,0628054	-135,3
       43,24	   0,0627324	-135,4	   0,0637528	-136,0
     43,2419	   0,0627772	-135,2	   0,0631686	-136,2
     43,2439	    0,062708	-135,4	   0,0629013	-135,8
     43,2458	   0,0626241	-135,5	   0,0630095	-135,8
     43,2478	   0,0630192	-135,8	    0,063005	-135,8
     43,2498	   0,0628519	-136,2	   0,0627201	-135,7
     43,2517	   0,0623885	-135,8	    0,062337	-136,1
     43,2537	   0,0624896	-135,7	   0,0628207	-135,9
     43,2556	   0,0622925	-135,7	   0,0624751	-136,2
     43,2576	    0,062346	-135,3	   0,0619851	-135,4
     43,2595	   0,0618366	-134,9	   0,0619515	-136,1
     43,2615	   0,0621562	-135,5	   0,0624306	-135,4
     43,2634	    0,061936	-135,5	   0,0622952	-135,8
     43,2654	   0,0616995	-135,5	   0,0620795	-135,5
     43,2673	    0,061796	-135,7	   0,0616583	-135,2
     43,2693	   0,0616679	-136,0	   0,0618297	-135,7
     43,2713	   0,0615422	-135,4	   0,0608486	-135,0
     43,2732	    0,061489	-135,1	   0,0611026	-135,1
     43,2752	   0,0612319	-135,1	   0,0614769	-135,5
     43,2771	   0,0610187	-135,2	   0,0610875	-135,1
     43,2791	    0,060517	-134,6	   0,0609613	-134,8
      43,281	    0,060254	-135,3	   0,0609442	-134,8
      43,283	   0,0605042	-135,0	   0,0605399	-135,2
     43,2849	   0,0608439	-135,6	   0,0609861	-135,0
     43,2869	   0,0601146	-134,7	   0,0608211	-135,3
     43,2889	   0,0600102	-135,2	   0,0607219	-135,4
     43,2908	   0,0603179	-134,8	   0,0602247	-135,2
     43,2928	   0,0596528	-134,6	    0,060484	-135,3
     43,2947	   0,0594537	-134,5	   0,0599538	-134,1
     43,2967	   0,0594956	-134,7	     0,06046	-134,7
     43,2986	    0,059253	-135,0	   0,0603026	-135,3
     43,3006	   0,0597563	-135,2	   0,0599269	-135,8
     43,3025	   0,0593739	-134,4	   0,0593241	-135,0
     43,3045	    0,059786	-135,0	   0,0598094	-135,3
     43,3064	    0,059613	-134,9	   0,0594821	-134,8
     43,3084	   0,0593528	-134,5	   0,0592672	-134,9
     43,3104	   0,0594488	-135,0	   0,0595565	-135,2
     43,3123	   0,0590747	-134,8	    0,059077	-133,9
     43,3143	   0,0587329	-134,8	   0,0594002	-134,6
     43,3162	   0,0582137	-134,3	     0,05922	-135,0
     43,3182	   0,0586798	-134,4	   0,0591997	-135,1
     43,3201	   0,0589443	-135,1	   0,0585063	-134,4
     43,3221	   0,0587476	-134,8	   0,0586028	-135,8
      43,324	   0,0587171	-134,7	   0,0578083	-134,0
      43,326	   0,0584802	-134,7	   0,0587171	-135,0
      43,328	   0,0584301	-134,7	    0,058582	-134,8
     43,3299	   0,0578102	-134,4	   0,0577355	-133,8
     43,3319	   0,0581829	-134,4	   0,0576164	-134,1
     43,3338	   0,0580532	-134,8	   0,0579038	-134,7
     43,3358	   0,0572479	-134,0	    0,057849	-134,6
     43,3377	   0,0578136	-134,3	   0,0581523	-134,8
     43,3397	   0,0578275	-134,6	   0,0577172	-134,4
     43,3416	    0,057758	-134,3	   0,0574472	-134,0
     43,3436	    0,057728	-134,3	   0,0574635	-134,1
     43,3456	   0,0569957	-134,1	   0,0575016	-134,3
     43,3475	    0,057344	-134,5	   0,0571288	-134,2
     43,3495	   0,0570729	-134,3	   0,0565832	-133,8
     43,3514	   0,0570365	-134,2	   0,0570751	-134,5
     43,3534	   0,0571884	-134,5	   0,0569877	-134,2
     43,3553	   0,0568803	-134,3	   0,0564295	-134,6
     43,3573	   0,0569048	-134,4	   0,0567697	-133,9
     43,3592	   0,0569376	-134,5	   0,0570367	-134,6
     43,3612	   0,0567947	-133,8	   0,0564259	-134,0
     43,3631	   0,0566243	-134,1	   0,0563267	-133,8
     43,3651	   0,0564464	-134,0	   0,0565942	-134,4
     43,3671	    0,056221	-133,9	   0,0562495	-134,1
      43,369	   0,0560498	-134,0	   0,0563827	-134,5
      43,371	   0,0563068	-133,9	   0,0558887	-134,2
     43,3729	   0,0562006	-134,0	   0,0563241	-134,3
     43,3749	   0,0559991	-134,3	   0,0556168	-133,5
     43,3768	   0,0559105	-133,9	   0,0559721	-134,3
     43,3788	   0,0558061	-134,3	   0,0559739	-134,1
     43,3807	    0,055438	-133,9	   0,0557763	-134,4
     43,3827	   0,0553582	-134,0	   0,0548533	-133,6
     43,3847	   0,0552645	-133,7	   0,0553193	-134,4
     43,3866	   0,0554845	-134,0	    0,055458	-134,3
     43,3886	   0,0549656	-132,9	   0,0554171	-133,7
     43,3905	   0,0550779	-133,8	   0,0553868	-134,5
     43,3925	   0,0551104	-134,0	   0,0551474	-134,0
     43,3944	   0,0550204	-133,6	    0,054585	-133,4
     43,3964	   0,0550854	-134,0	   0,0549246	-134,5
     43,3983	    0,054895	-133,7	    0,054575	-133,3
     43,4003	    0,054299	-133,6	   0,0545284	-133,7
     43,4022	    0,054195	-133,6	   0,0537833	-133,0
     43,4042	   0,0544899	-133,9	   0,0544589	-133,7
     43,4062	   0,0544697	-133,6	    0,054494	-133,9
     43,4081	   0,0543607	-133,6	   0,0544542	-133,6
     43,4101	   0,0543445	-133,4	    0,054263	-133,7
      43,412	   0,0542735	-133,0	   0,0540183	-133,2
      43,414	   0,0540443	-133,1	   0,0537308	-132,9
     43,4159	   0,0534515	-132,8	   0,0539251	-133,8
     43,4179	   0,0534896	-132,7	   0,0529432	-132,8
     43,4198	   0,0537905	-133,8	   0,0536596	-133,3
     43,4218	   0,0536642	-133,8	   0,0537414	-133,8
     43,4238	   0,0536921	-133,3	   0,0536292	-133,8
     43,4257	   0,0535976	-133,4	   0,0536896	-133,7
     43,4277	   0,0534477	-133,0	   0,0536389	-133,6
     43,4296	   0,0533267	-133,2	   0,0527715	-133,6
     43,4316	   0,0527848	-133,0	   0,0532718	-133,2
     43,4335	   0,0531548	-133,3	   0,0527542	-132,4
     43,4355	   0,0526798	-132,9	    0,052174	-133,3
     43,4374	   0,0530797	-133,6	   0,0523893	-133,4
     43,4394	   0,0529996	-133,6	   0,0526597	-133,5
     43,4413	   0,0527467	-132,9	   0,0529414	-133,8
     43,4433	   0,0526869	-132,9	     0,05266	-133,7
     43,4453	   0,0521868	-132,6	   0,0526238	-133,5
     43,4472	   0,0520591	-132,8	   0,0525998	-133,3
     43,4492	   0,0520643	-132,4	   0,0522572	-133,7
     43,4511	   0,0521067	-132,8	   0,0520614	-133,0
     43,4531	   0,0523536	-133,1	   0,0522943	-132,9
      43,455	    0,052133	-133,4	   0,0517657	-133,4
      43,457	    0,052138	-133,5	   0,0520333	-133,5
     43,4589	   0,0519826	-132,9	   0,0519933	-132,6
     43,4609	   0,0519367	-132,6	   0,0518917	-133,0
     43,4629	   0,0516878	-132,9	   0,0517836	-133,4
     43,4648	   0,0514962	-132,3	   0,0515895	-132,5
     43,4668	    0,051761	-132,9	   0,0514897	-132,8
     43,4687	   0,0515677	-132,8	   0,0516748	-133,1
     43,4707	   0,0513865	-132,7	    0,051532	-133,1
     43,4726	   0,0513344	-133,0	   0,0514773	-133,1
     43,4746	   0,0512756	-132,7	   0,0512124	-133,1
     43,4765	   0,0508691	-132,7	   0,0511492	-132,7
     43,4785	   0,0510029	-132,9	   0,0510061	-132,9
     43,4804	   0,0506251	-132,3	   0,0511246	-132,6
     43,4824	   0,0508625	-133,3	   0,0509804	-132,8
     43,4844	   0,0509434	-132,7	   0,0508927	-133,3
     43,4863	    0,050861	-132,3	    0,050813	-132,8
     43,4883	    0,050701	-132,4	   0,0505382	-132,5
     43,4902	   0,0506447	-132,3	   0,0505139	-132,6
     43,4922	   0,0505483	-132,6	   0,0501634	-132,4
     43,4941	    0,050527	-132,4	   0,0503938	-132,5
     43,4961	   0,0502747	-133,0	   0,0504061	-132,4
      43,498	   0,0501601	-132,9	   0,0503398	-132,8
        43,5	   0,0501306	-132,2	   0,0501539	-133,0

