X-Data [Hz]	Laser (M - Filtered) [m/s]	Phase [Deg]	Laser (M - Filtered) [m/s]	Phase [Deg]	
	002: [06-25-24 15:50]		003: [06-25-24 15:58]	
          31	   0,0135388	74,9	   0,0166515	73,7
      31,002	   0,0160392	75,0	   0,0168045	74,0
     31,0039	   0,0157854	73,6	   0,0166563	74,5
     31,0059	    0,016839	74,3	    0,016795	73,7
     31,0078	   0,0163917	73,8	   0,0167429	74,9
     31,0098	   0,0170011	73,4	    0,016858	74,1
     31,0117	   0,0166381	74,5	   0,0168101	73,6
     31,0137	   0,0169819	73,0	   0,0168603	73,5
     31,0156	   0,0167645	74,4	   0,0168474	74,3
     31,0176	   0,0169645	74,7	   0,0168822	73,4
     31,0196	    0,016818	73,8	   0,0169199	74,3
     31,0215	   0,0169684	73,8	   0,0168973	73,6
     31,0235	   0,0168917	74,0	   0,0169838	74,2
     31,0254	   0,0169799	73,4	   0,0169591	74,5
     31,0274	   0,0169585	74,4	   0,0170068	73,7
     31,0293	   0,0170251	73,7	    0,016997	75,0
     31,0313	   0,0170309	74,5	   0,0170336	74,4
     31,0332	   0,0171006	74,1	   0,0171013	73,8
     31,0352	   0,0170426	74,6	   0,0170871	73,8
     31,0371	   0,0171042	73,4	   0,0170978	74,2
     31,0391	   0,0171149	74,7	   0,0170825	74,1
     31,0411	   0,0171264	73,7	   0,0171395	74,6
      31,043	   0,0171413	74,2	   0,0171297	73,7
      31,045	   0,0171719	73,7	   0,0171924	74,6
     31,0469	   0,0171671	73,7	    0,017207	74,9
     31,0489	   0,0171971	74,5	   0,0171807	74,2
     31,0508	   0,0172111	74,4	   0,0172692	74,1
     31,0528	   0,0172738	73,5	    0,017258	75,1
     31,0547	   0,0172026	74,0	   0,0173103	73,6
     31,0567	   0,0173788	74,0	   0,0172819	75,0
     31,0587	   0,0173059	74,3	   0,0172968	73,6
     31,0606	   0,0173149	74,0	   0,0173105	74,0
     31,0626	   0,0173554	73,6	   0,0173501	74,1
     31,0645	   0,0173555	74,8	   0,0174179	74,0
     31,0665	   0,0173467	74,5	    0,017379	73,8
     31,0684	   0,0174387	73,7	   0,0174937	74,5
     31,0704	    0,017433	73,3	    0,017409	74,5
     31,0723	   0,0174592	75,0	   0,0175283	73,8
     31,0743	   0,0174775	74,2	   0,0174461	74,4
     31,0762	    0,017493	73,7	   0,0175608	73,5
     31,0782	   0,0175541	74,6	   0,0175336	74,3
     31,0802	    0,017559	73,9	   0,0175869	74,5
     31,0821	   0,0176027	73,7	   0,0175526	74,4
     31,0841	   0,0175772	74,0	   0,0176229	73,5
      31,086	   0,0176102	75,1	   0,0175872	74,9
      31,088	   0,0176091	73,7	   0,0176164	73,5
     31,0899	   0,0176576	74,6	   0,0176679	74,4
     31,0919	   0,0176703	73,7	   0,0176179	74,0
     31,0938	   0,0176844	74,2	   0,0177497	73,7
     31,0958	   0,0177495	74,5	   0,0177306	74,4
     31,0978	   0,0177466	73,5	   0,0177379	74,9
     31,0997	   0,0177858	74,8	   0,0177645	74,3
     31,1017	   0,0178322	74,6	   0,0178501	74,2
     31,1036	   0,0177297	74,6	   0,0177998	74,9
     31,1056	   0,0179238	73,8	   0,0178972	74,0
     31,1075	   0,0177327	74,3	    0,017789	74,9
     31,1095	   0,0179662	74,5	   0,0179437	74,3
     31,1114	   0,0178707	74,1	   0,0178966	74,0
     31,1134	   0,0179546	75,1	   0,0179654	74,1
     31,1153	   0,0179834	73,7	    0,017965	74,5
     31,1173	   0,0179567	74,5	   0,0180089	74,8
     31,1193	   0,0180226	74,5	   0,0180054	74,0
     31,1212	   0,0180436	74,4	   0,0180779	73,6
     31,1232	    0,018053	73,5	   0,0180706	74,9
     31,1251	   0,0180247	74,3	   0,0181402	74,0
     31,1271	   0,0181446	74,4	   0,0181297	73,7
      31,129	    0,018069	73,4	   0,0180812	74,4
      31,131	   0,0181935	74,2	   0,0182162	74,1
     31,1329	   0,0180942	74,5	    0,018145	73,9
     31,1349	    0,018304	73,3	   0,0182219	74,5
     31,1369	   0,0181237	74,1	   0,0182211	74,1
     31,1388	   0,0182939	74,5	   0,0182255	74,0
     31,1408	     0,01828	74,7	   0,0182985	73,9
     31,1427	   0,0182948	74,1	   0,0182825	74,4
     31,1447	   0,0183036	74,3	    0,018387	73,8
     31,1466	   0,0182902	75,1	   0,0183328	74,4
     31,1486	   0,0183996	73,8	   0,0183711	73,8
     31,1505	     0,01832	74,5	   0,0184676	74,1
     31,1525	   0,0184758	74,7	   0,0184033	74,4
     31,1544	    0,018407	73,9	   0,0185237	74,8
     31,1564	    0,018537	74,5	   0,0184726	74,8
     31,1584	   0,0184643	74,9	   0,0185093	73,8
     31,1603	   0,0185777	74,2	   0,0185366	74,1
     31,1623	    0,018519	74,5	   0,0185923	74,8
     31,1642	   0,0185732	74,1	   0,0185987	73,9
     31,1662	   0,0185365	74,7	   0,0186111	73,5
     31,1681	   0,0186149	74,3	   0,0187026	74,7
     31,1701	   0,0186665	73,9	   0,0186649	74,4
      31,172	   0,0186674	74,9	   0,0187267	73,6
      31,174	   0,0187685	73,7	    0,018692	74,9
      31,176	   0,0186873	73,9	   0,0187308	74,7
     31,1779	   0,0187456	73,9	   0,0188598	74,0
     31,1799	   0,0188371	74,3	   0,0188229	73,9
     31,1818	   0,0187627	74,3	   0,0188501	74,4
     31,1838	   0,0188642	74,6	   0,0188702	73,8
     31,1857	   0,0188505	75,0	   0,0188698	74,2
     31,1877	   0,0189048	74,3	   0,0189751	74,5
     31,1896	   0,0189329	73,6	   0,0189298	73,6
     31,1916	    0,018959	74,3	   0,0190585	74,2
     31,1935	   0,0189979	74,3	   0,0189855	74,4
     31,1955	   0,0189986	75,0	   0,0190673	74,5
     31,1975	    0,019036	74,0	   0,0190731	74,6
     31,1994	   0,0190778	75,1	   0,0190886	74,4
     31,2014	   0,0190946	74,8	   0,0191642	75,1
     31,2033	   0,0191036	74,0	   0,0191449	74,3
     31,2053	   0,0191702	74,5	   0,0192076	74,4
     31,2072	   0,0191854	74,8	   0,0191967	75,4
     31,2092	    0,019233	74,1	    0,019278	74,4
     31,2111	   0,0192351	73,5	   0,0192971	74,2
     31,2131	    0,019289	74,5	   0,0192707	73,8
     31,2151	   0,0193033	74,4	   0,0194145	74,3
      31,217	   0,0193852	73,7	   0,0193705	73,7
      31,219	   0,0193366	74,2	   0,0193724	74,2
     31,2209	   0,0194686	74,7	   0,0194417	74,4
     31,2229	   0,0193941	73,5	   0,0194151	74,0
     31,2248	   0,0195201	74,3	   0,0194193	74,4
     31,2268	   0,0194811	74,3	   0,0195763	74,1
     31,2287	   0,0194583	75,2	   0,0195869	75,1
     31,2307	   0,0195736	74,6	   0,0195378	74,5
     31,2326	    0,019599	74,2	   0,0196928	74,0
     31,2346	   0,0195656	74,8	   0,0196684	75,1
     31,2366	   0,0196457	74,4	   0,0196898	74,0
     31,2385	   0,0197044	73,6	   0,0197061	74,7
     31,2405	   0,0196435	74,8	   0,0196904	73,0
     31,2424	   0,0197392	74,5	   0,0198253	74,4
     31,2444	   0,0197951	74,1	   0,0197931	74,9
     31,2463	   0,0198462	74,2	   0,0197775	73,4
     31,2483	   0,0197898	74,2	   0,0199089	74,5
     31,2502	   0,0198402	74,7	   0,0198715	74,4
     31,2522	   0,0198493	75,0	    0,019971	73,9
     31,2542	   0,0199699	74,2	   0,0200216	74,6
     31,2561	   0,0199505	74,9	   0,0199254	74,6
     31,2581	   0,0200534	74,4	    0,020107	75,0
       31,26	   0,0200172	74,2	   0,0200716	74,7
      31,262	    0,020059	73,9	   0,0200939	73,8
     31,2639	   0,0200571	75,0	    0,020213	74,9
     31,2659	   0,0201853	75,2	   0,0201775	74,9
     31,2678	   0,0201647	74,1	   0,0202007	73,9
     31,2698	   0,0201969	74,4	   0,0202763	74,5
     31,2717	   0,0202198	75,3	   0,0202107	74,9
     31,2737	   0,0202922	74,9	   0,0203269	74,2
     31,2757	   0,0202838	74,3	   0,0203328	74,4
     31,2776	   0,0203248	73,6	   0,0203972	74,3
     31,2796	   0,0204021	75,1	   0,0204312	74,8
     31,2815	   0,0203682	75,1	   0,0203694	74,3
     31,2835	   0,0203954	74,6	   0,0205023	74,0
     31,2854	   0,0205026	73,8	   0,0205189	74,4
     31,2874	   0,0205378	75,2	   0,0205638	74,5
     31,2893	   0,0205093	74,8	   0,0205655	75,0
     31,2913	   0,0205837	74,9	   0,0206122	73,8
     31,2933	   0,0206383	74,2	   0,0206695	74,3
     31,2952	   0,0205899	75,0	   0,0207309	74,9
     31,2972	   0,0207354	74,9	   0,0207438	74,8
     31,2991	   0,0207069	75,0	   0,0208229	75,3
     31,3011	   0,0207131	74,4	   0,0208153	73,9
      31,303	   0,0208327	74,8	    0,020763	72,8
      31,305	   0,0208354	75,3	   0,0208852	72,4
     31,3069	   0,0208523	75,4	   0,0209056	74,4
     31,3089	   0,0209282	73,7	    0,020918	73,1
     31,3109	   0,0209203	74,0	    0,020936	74,5
     31,3128	   0,0209925	75,0	   0,0209313	74,9
     31,3148	   0,0210303	74,5	   0,0209875	74,8
     31,3167	   0,0210463	74,1	   0,0210165	74,4
     31,3187	   0,0211259	74,7	   0,0211841	74,6
     31,3206	   0,0211235	74,1	   0,0211728	73,6
     31,3226	   0,0211207	74,9	   0,0211804	74,7
     31,3245	   0,0212779	74,4	   0,0212765	74,4
     31,3265	   0,0211999	74,0	   0,0212405	73,6
     31,3284	   0,0212832	74,9	   0,0213261	75,5
     31,3304	   0,0213899	74,7	   0,0212937	76,3
     31,3324	   0,0213655	74,3	   0,0213663	75,2
     31,3343	   0,0213874	74,6	   0,0213781	74,5
     31,3363	   0,0214445	73,8	   0,0214886	74,7
     31,3382	   0,0214628	75,3	   0,0214703	74,0
     31,3402	    0,021523	75,1	   0,0216455	74,6
     31,3421	   0,0215852	74,2	   0,0215051	74,4
     31,3441	   0,0216168	74,4	   0,0216597	74,6
      31,346	   0,0216362	75,0	   0,0216461	75,1
      31,348	   0,0216623	75,4	   0,0214567	74,6
       31,35	   0,0217016	74,0	   0,0218141	75,2
     31,3519	   0,0218078	74,5	    0,021734	73,4
     31,3539	    0,021819	75,4	   0,0217718	74,0
     31,3558	   0,0218464	75,3	   0,0219713	75,1
     31,3578	   0,0219156	74,1	   0,0220084	75,4
     31,3597	   0,0218981	74,7	   0,0218005	74,0
     31,3617	    0,022018	74,9	   0,0220567	74,5
     31,3636	   0,0220135	74,8	   0,0219095	73,3
     31,3656	   0,0220875	75,6	   0,0219382	74,7
     31,3675	   0,0221165	74,7	   0,0221268	75,2
     31,3695	   0,0221595	74,3	   0,0221882	74,3
     31,3715	   0,0222346	75,5	   0,0222423	73,9
     31,3734	   0,0222364	75,1	   0,0221813	74,1
     31,3754	    0,022311	74,5	   0,0223106	74,5
     31,3773	    0,022204	74,8	   0,0222922	75,5
     31,3793	   0,0223148	74,9	    0,022223	75,0
     31,3812	   0,0224392	75,6	   0,0223222	72,9
     31,3832	   0,0224776	75,1	   0,0223901	74,9
     31,3851	   0,0224451	75,1	   0,0224336	74,3
     31,3871	   0,0224405	74,4	   0,0226029	74,2
     31,3891	   0,0225498	75,2	   0,0224361	74,6
      31,391	   0,0226038	74,6	   0,0225763	75,4
      31,393	   0,0226764	74,7	   0,0225376	74,4
     31,3949	    0,022754	74,3	   0,0226144	72,9
     31,3969	   0,0226959	74,3	   0,0226457	74,9
     31,3988	    0,022869	75,0	   0,0226937	74,9
     31,4008	    0,022994	75,2	   0,0228805	74,8
     31,4027	   0,0229565	74,6	   0,0228488	74,4
     31,4047	   0,0229994	74,2	   0,0229811	74,5
     31,4066	   0,0230395	75,5	    0,023089	74,1
     31,4086	   0,0230938	75,2	    0,022935	73,9
     31,4106	   0,0231944	75,4	   0,0231255	75,0
     31,4125	   0,0232098	74,7	   0,0232602	74,4
     31,4145	   0,0231863	75,5	   0,0233577	74,9
     31,4164	   0,0233202	74,8	   0,0229158	73,9
     31,4184	   0,0234286	75,2	   0,0235176	74,9
     31,4203	   0,0233894	75,5	   0,0234092	75,5
     31,4223	   0,0234481	75,5	   0,0233317	72,9
     31,4242	   0,0235407	75,0	   0,0234742	75,4
     31,4262	   0,0235899	74,2	   0,0236272	74,4
     31,4282	    0,023545	75,2	   0,0234396	74,6
     31,4301	   0,0237285	75,3	   0,0238298	75,4
     31,4321	    0,023744	75,2	   0,0235858	74,1
      31,434	   0,0237482	75,3	   0,0237606	74,5
      31,436	   0,0238319	74,9	   0,0238856	74,5
     31,4379	   0,0238505	74,2	    0,023959	74,9
     31,4399	   0,0239402	75,1	   0,0237218	74,2
     31,4418	   0,0239523	75,8	   0,0238893	75,4
     31,4438	   0,0241132	75,5	   0,0238731	75,1
     31,4457	   0,0241845	75,3	   0,0239654	73,8
     31,4477	   0,0241566	74,5	   0,0240588	74,8
     31,4497	   0,0241821	74,9	   0,0241122	75,7
     31,4516	   0,0243149	75,5	   0,0242882	75,4
     31,4536	   0,0243435	75,6	   0,0243196	75,5
     31,4555	   0,0243708	74,9	    0,024343	74,0
     31,4575	   0,0243918	75,1	   0,0243084	76,1
     31,4594	   0,0244872	75,9	   0,0242625	76,0
     31,4614	   0,0245715	75,9	   0,0244261	75,1
     31,4633	    0,024574	75,9	   0,0246056	73,9
     31,4653	   0,0246188	75,8	    0,024725	74,6
     31,4673	   0,0247505	75,1	   0,0246329	74,2
     31,4692	   0,0248149	74,2	   0,0248587	75,2
     31,4712	   0,0248442	75,0	   0,0249323	75,9
     31,4731	   0,0249529	75,3	   0,0248358	74,5
     31,4751	   0,0250419	75,5	   0,0248725	76,0
      31,477	   0,0250196	75,8	   0,0248803	74,7
      31,479	   0,0251046	75,3	   0,0250765	74,7
     31,4809	   0,0250444	75,1	   0,0248991	74,7
     31,4829	    0,025217	75,3	   0,0252592	75,7
     31,4848	   0,0252227	75,3	   0,0255311	75,7
     31,4868	   0,0253914	75,3	   0,0251982	75,7
     31,4888	      0,0254	76,0	   0,0254445	75,4
     31,4907	   0,0255078	76,2	   0,0255417	75,7
     31,4927	   0,0256131	75,8	   0,0254971	75,8
     31,4946	   0,0256643	75,3	   0,0253917	75,9
     31,4966	   0,0256622	75,0	    0,025764	76,9
     31,4985	   0,0257684	75,2	   0,0258685	75,6
     31,5005	   0,0258442	75,9	   0,0257647	75,1
     31,5024	   0,0259028	75,8	   0,0256308	74,7
     31,5044	   0,0259863	75,6	    0,026056	74,8
     31,5064	   0,0260452	76,0	   0,0258661	77,0
     31,5083	   0,0261088	76,0	   0,0259587	76,0
     31,5103	   0,0262106	75,7	   0,0260656	75,2
     31,5122	    0,026278	75,1	    0,026182	76,6
     31,5142	   0,0262781	75,2	   0,0259882	76,0
     31,5161	   0,0264369	75,9	   0,0263263	74,7
     31,5181	   0,0265255	76,3	   0,0267224	76,0
       31,52	   0,0266136	76,3	   0,0264677	76,4
      31,522	   0,0265824	76,4	   0,0265258	75,2
     31,5239	   0,0266285	76,9	   0,0266999	75,6
     31,5259	   0,0267669	76,8	   0,0269066	75,8
     31,5279	   0,0268612	75,6	   0,0270003	75,8
     31,5298	   0,0269075	75,1	   0,0269287	75,7
     31,5318	    0,026939	75,3	   0,0270789	76,2
     31,5337	   0,0271075	76,6	   0,0270045	77,1
     31,5357	   0,0272354	76,8	   0,0272458	76,1
     31,5376	    0,027226	75,9	   0,0272274	75,5
     31,5396	   0,0272342	76,3	   0,0271764	75,2
     31,5415	   0,0273649	76,2	   0,0271005	76,8
     31,5435	   0,0274962	76,1	   0,0278134	75,7
     31,5455	   0,0275831	75,5	   0,0277398	77,0
     31,5474	   0,0276716	76,1	   0,0276625	76,6
     31,5494	   0,0277349	76,4	   0,0275911	76,0
     31,5513	   0,0278546	75,7	   0,0276041	75,9
     31,5533	   0,0278999	75,5	   0,0277172	75,5
     31,5552	   0,0279659	75,9	   0,0282061	75,7
     31,5572	   0,0280586	75,1	   0,0284328	76,4
     31,5591	   0,0281791	75,9	   0,0282883	77,2
     31,5611	   0,0282592	76,3	   0,0281684	75,7
      31,563	   0,0283403	77,0	   0,0284158	77,4
      31,565	   0,0283748	76,9	   0,0285885	77,2
      31,567	   0,0285043	76,5	   0,0284733	76,0
     31,5689	   0,0287267	76,8	   0,0290191	76,4
     31,5709	   0,0287577	76,0	   0,0290313	75,8
     31,5728	   0,0286529	75,7	   0,0287686	76,9
     31,5748	   0,0287999	76,7	   0,0289393	77,2
     31,5767	   0,0289582	76,2	   0,0294024	77,2
     31,5787	   0,0291008	75,7	   0,0294486	77,0
     31,5806	   0,0290795	75,9	   0,0291267	76,8
     31,5826	   0,0291464	76,8	   0,0295013	76,9
     31,5846	   0,0293399	77,2	   0,0294125	76,1
     31,5865	   0,0295665	76,4	    0,029751	76,0
     31,5885	    0,029563	76,0	   0,0299825	75,8
     31,5904	   0,0295521	76,8	   0,0300916	77,0
     31,5924	    0,029687	76,8	   0,0301699	77,8
     31,5943	    0,029872	76,3	   0,0302781	77,8
     31,5963	   0,0299523	75,7	   0,0301866	77,7
     31,5982	   0,0300392	76,8	   0,0305194	77,8
     31,6002	   0,0301217	77,0	   0,0305217	77,5
     31,6021	   0,0302917	76,8	   0,0307113	77,5
     31,6041	   0,0304474	77,3	   0,0306497	77,0
     31,6061	   0,0304501	77,8	   0,0309284	77,0
      31,608	     0,03054	77,1	   0,0309855	76,5
       31,61	   0,0306387	76,7	    0,031155	76,5
     31,6119	   0,0307392	77,8	   0,0313414	77,1
     31,6139	    0,030908	77,5	    0,031351	77,5
     31,6158	   0,0310796	76,8	   0,0316313	78,1
     31,6178	    0,031078	76,2	   0,0316453	76,9
     31,6197	   0,0311463	76,5	   0,0315431	78,0
     31,6217	   0,0313148	77,9	   0,0317947	78,3
     31,6237	    0,031464	78,2	   0,0321725	77,8
     31,6256	   0,0316057	77,8	   0,0322683	77,2
     31,6276	   0,0316484	78,2	   0,0322987	76,7
     31,6295	   0,0317821	78,0	   0,0325243	77,4
     31,6315	   0,0317744	78,4	   0,0326014	77,2
     31,6334	   0,0321246	78,6	   0,0326159	77,2
     31,6354	   0,0322734	78,6	   0,0325112	77,9
     31,6373	   0,0323307	77,4	   0,0326877	78,4
     31,6393	   0,0324657	76,6	   0,0331029	79,0
     31,6413	   0,0326157	77,2	   0,0334215	78,0
     31,6432	   0,0327036	78,2	   0,0334161	77,5
     31,6452	   0,0327844	77,3	   0,0334966	77,5
     31,6471	   0,0330187	78,0	     0,03363	77,6
     31,6491	   0,0331766	78,3	   0,0337507	77,9
      31,651	   0,0332756	78,5	   0,0341698	77,9
      31,653	   0,0334338	78,1	   0,0340114	78,5
     31,6549	   0,0336275	78,5	   0,0341934	78,7
     31,6569	   0,0337808	78,7	   0,0344472	78,4
     31,6588	   0,0339236	77,6	   0,0346795	78,9
     31,6608	   0,0339942	77,2	   0,0346396	79,2
     31,6628	   0,0338701	78,5	   0,0349115	79,2
     31,6647	   0,0342698	78,3	   0,0351055	79,2
     31,6667	   0,0344582	77,5	   0,0350661	79,4
     31,6686	   0,0346581	78,2	   0,0354442	79,2
     31,6706	   0,0347978	78,7	   0,0355876	78,7
     31,6725	   0,0343392	77,8	    0,035985	78,8
     31,6745	   0,0350181	78,3	   0,0362218	79,0
     31,6764	   0,0352527	79,4	   0,0363912	79,6
     31,6784	   0,0354956	79,2	   0,0364287	80,1
     31,6804	   0,0355632	79,0	   0,0366169	79,1
     31,6823	   0,0356551	79,5	   0,0370265	80,1
     31,6843	   0,0358544	79,5	     0,03728	80,4
     31,6862	   0,0360751	79,1	   0,0372524	80,2
     31,6882	   0,0362787	78,8	   0,0376752	80,6
     31,6901	   0,0364144	79,4	   0,0375848	80,4
     31,6921	    0,036608	79,0	   0,0378627	80,1
      31,694	   0,0367711	78,7	   0,0383375	80,1
      31,696	   0,0369816	79,0	   0,0386392	79,8
     31,6979	   0,0371986	79,9	    0,038796	81,1
     31,6999	   0,0374347	79,3	   0,0389683	80,4
     31,7019	   0,0376427	79,5	   0,0391955	80,3
     31,7038	   0,0378277	79,6	   0,0394724	80,8
     31,7058	   0,0380445	79,8	   0,0397852	80,6
     31,7077	   0,0382912	80,1	    0,040056	80,5
     31,7097	   0,0385022	80,4	   0,0402913	81,1
     31,7116	   0,0386793	80,4	   0,0405936	82,3
     31,7136	    0,038855	80,3	   0,0406835	82,1
     31,7155	    0,039055	81,1	   0,0412536	82,3
     31,7175	   0,0393027	80,6	   0,0412739	82,0
     31,7195	   0,0396125	81,4	   0,0414732	82,4
     31,7214	   0,0398508	81,5	   0,0419231	83,0
     31,7234	   0,0400121	81,2	   0,0423098	83,4
     31,7253	   0,0402804	81,5	   0,0426932	83,4
     31,7273	   0,0405027	82,0	   0,0429439	83,1
     31,7292	    0,040799	81,8	   0,0432904	83,2
     31,7312	   0,0411372	82,1	   0,0439584	83,9
     31,7331	   0,0413947	82,1	   0,0442754	84,0
     31,7351	    0,041623	81,6	   0,0446329	85,2
      31,737	   0,0418489	82,1	   0,0450773	84,8
      31,739	   0,0421302	82,2	   0,0455651	85,0
      31,741	   0,0424339	81,9	   0,0460603	85,0
     31,7429	   0,0427272	82,9	   0,0465642	85,6
     31,7449	   0,0429832	83,0	   0,0467818	85,0
     31,7468	    0,043274	82,4	   0,0475073	85,1
     31,7488	    0,043596	82,6	   0,0480208	85,9
     31,7507	   0,0439276	83,1	    0,048936	86,9
     31,7527	   0,0442506	83,2	   0,0497759	86,5
     31,7546	   0,0445842	83,0	    0,050937	87,4
     31,7566	   0,0449561	83,6	   0,0525152	88,2
     31,7586	    0,045335	84,2	   0,0539673	88,8
     31,7605	   0,0457191	84,2	   0,0552791	90,6
     31,7625	   0,0460972	84,3	   0,0569744	92,4
     31,7644	   0,0464823	84,3	   0,0586187	93,5
     31,7664	   0,0468338	85,2	   0,0604592	94,8
     31,7683	   0,0473339	85,4	   0,0624289	97,9
     31,7703	   0,0477575	85,5	   0,0639217	97,5
     31,7722	   0,0481951	85,3	   0,0654683	99,9
     31,7742	   0,0486196	86,6	   0,0673908	101,6
     31,7761	   0,0490984	87,0	    0,068891	103,6
     31,7781	   0,0492883	86,9	   0,0702392	105,6
     31,7801	   0,0500784	88,0	   0,0716595	107,3
      31,782	    0,050545	87,5	   0,0736153	109,2
      31,784	   0,0510244	87,9	   0,0747615	111,3
     31,7859	   0,0515586	89,3	   0,0760648	114,0
     31,7879	   0,0521498	89,0	    0,077197	115,4
     31,7898	   0,0527704	90,1	   0,0782088	116,4
     31,7918	   0,0534445	91,1	   0,0790423	118,4
     31,7937	   0,0540982	91,7	   0,0799954	119,7
     31,7957	   0,0547631	92,0	    0,081249	121,6
     31,7977	   0,0554982	93,0	   0,0823409	123,6
     31,7996	    0,056096	93,0	   0,0831096	124,8
     31,8016	   0,0568765	93,6	    0,083746	126,0
     31,8035	   0,0575364	95,3	   0,0846999	128,3
     31,8055	   0,0584664	95,4	   0,0851564	129,4
     31,8074	   0,0593211	96,5	   0,0858904	129,6
     31,8094	   0,0602768	97,5	   0,0861733	131,6
     31,8113	   0,0612464	98,4	   0,0867803	132,6
     31,8133	   0,0621728	98,7	   0,0875244	133,9
     31,8152	   0,0630925	100,4	   0,0875927	136,0
     31,8172	    0,064107	101,8	   0,0880435	136,6
     31,8192	   0,0650219	102,7	   0,0884323	138,1
     31,8211	    0,066394	104,1	   0,0888033	139,6
     31,8231	   0,0676128	105,4	   0,0891969	140,0
      31,825	   0,0686454	108,1	   0,0893068	141,0
      31,827	   0,0697556	109,5	   0,0895798	141,4
     31,8289	   0,0710588	110,6	   0,0898944	143,6
     31,8309	   0,0725148	112,4	   0,0902609	144,6
     31,8328	   0,0739663	115,1	   0,0905053	145,1
     31,8348	   0,0754534	116,0	   0,0905652	145,7
     31,8368	   0,0765281	118,5	   0,0906925	147,4
     31,8387	   0,0776308	119,8	   0,0906706	148,5
     31,8407	    0,079777	122,4	   0,0910243	148,6
     31,8426	   0,0810773	125,3	   0,0911217	150,3
     31,8446	   0,0824394	127,0	   0,0908031	149,9
     31,8465	   0,0841137	130,1	   0,0911789	151,2
     31,8485	   0,0845704	132,3	   0,0913033	151,4
     31,8504	   0,0861277	134,5	   0,0913192	152,5
     31,8524	   0,0874628	137,5	   0,0913335	153,2
     31,8543	   0,0875929	137,8	   0,0912978	153,6
     31,8563	   0,0890663	141,7	   0,0913079	154,9
     31,8583	   0,0898143	143,3	   0,0912378	155,7
     31,8602	   0,0894514	145,9	   0,0912149	156,2
     31,8622	   0,0900959	148,7	   0,0909942	157,4
     31,8641	   0,0906521	151,0	    0,091141	157,9
     31,8661	   0,0906415	152,6	   0,0908968	159,3
      31,868	     0,09043	154,4	    0,090939	160,4
       31,87	   0,0909753	156,6	   0,0909002	160,4
     31,8719	   0,0911627	156,2	   0,0905079	161,3
     31,8739	    0,090793	157,6	   0,0906305	162,2
     31,8759	   0,0910024	158,6	   0,0905187	162,4
     31,8778	   0,0907181	160,1	   0,0903955	162,6
     31,8798	   0,0897742	162,5	   0,0901013	164,5
     31,8817	   0,0899277	162,8	   0,0901008	164,6
     31,8837	   0,0898149	163,5	   0,0899459	165,1
     31,8856	   0,0898048	163,9	   0,0897841	166,3
     31,8876	    0,089885	164,2	   0,0895927	167,4
     31,8895	   0,0895873	165,5	   0,0894085	167,5
     31,8915	   0,0894387	165,8	   0,0891187	168,0
     31,8934	   0,0892702	167,2	   0,0891722	168,7
     31,8954	   0,0890315	167,8	   0,0890003	169,5
     31,8974	    0,088862	168,2	   0,0888312	170,1
     31,8993	   0,0885368	169,5	   0,0885718	171,2
     31,9013	    0,088281	170,1	   0,0884345	171,8
     31,9032	   0,0879919	170,3	   0,0881141	172,1
     31,9052	    0,087739	171,7	   0,0876113	172,8
     31,9071	   0,0874094	172,3	   0,0876627	173,0
     31,9091	   0,0870919	172,8	   0,0874854	173,9
      31,911	   0,0870584	173,3	   0,0873295	173,5
      31,913	   0,0867792	173,5	   0,0871847	173,8
      31,915	   0,0861677	174,2	   0,0869117	174,4
     31,9169	    0,085724	174,5	   0,0867557	174,6
     31,9189	   0,0858928	175,4	   0,0863302	175,7
     31,9208	   0,0856308	176,6	   0,0861375	176,2
     31,9228	   0,0854021	177,4	   0,0858324	175,8
     31,9247	   0,0851823	178,6	   0,0855495	177,1
     31,9267	    0,084652	177,9	   0,0853687	177,4
     31,9286	   0,0846456	179,4	    0,085202	177,8
     31,9306	   0,0843339	179,7	   0,0850412	179,6
     31,9326	   0,0840394	179,6	   0,0848938	179,8
     31,9345	   0,0837442	180,6	   0,0845617	180,5
     31,9365	   0,0835285	179,9	   0,0841593	180,7
     31,9384	   0,0832412	181,3	    0,083825	181,2
     31,9404	   0,0828946	181,3	    0,083584	182,8
     31,9423	   0,0824097	182,0	   0,0834832	182,1
     31,9443	   0,0823864	182,5	   0,0829595	183,4
     31,9462	   0,0821338	184,3	    0,083055	183,6
     31,9482	   0,0817461	184,4	   0,0828282	183,1
     31,9501	   0,0814284	184,2	   0,0824016	183,7
     31,9521	   0,0808061	184,8	   0,0819557	184,0
     31,9541	   0,0808483	185,5	   0,0817846	184,7
      31,956	   0,0803339	185,9	   0,0813679	185,7
      31,958	   0,0797886	187,2	   0,0812461	185,6
     31,9599	   0,0799117	187,2	   0,0811143	185,8
     31,9619	   0,0796533	187,1	   0,0808785	185,7
     31,9638	   0,0794315	186,5	   0,0804945	186,5
     31,9658	   0,0791753	187,7	   0,0801624	186,7
     31,9677	   0,0789485	188,4	   0,0800557	186,8
     31,9697	   0,0783598	188,3	   0,0795809	187,6
     31,9717	   0,0779753	189,4	   0,0793376	188,0
     31,9736	   0,0777917	189,8	   0,0790659	189,0
     31,9756	   0,0777379	189,1	   0,0788608	189,8
     31,9775	   0,0770397	190,0	   0,0783619	189,5
     31,9795	   0,0770366	190,4	   0,0782402	190,9
     31,9814	   0,0767101	191,7	   0,0780097	190,8
     31,9834	   0,0762752	191,3	   0,0776077	191,2
     31,9853	   0,0760067	192,8	   0,0773612	192,4
     31,9873	   0,0757103	192,5	   0,0770444	192,4
     31,9892	   0,0753361	193,7	   0,0767374	192,9
     31,9912	   0,0747135	193,8	   0,0766795	191,9
     31,9932	   0,0748855	194,4	   0,0764211	192,6
     31,9951	   0,0745261	194,4	   0,0759706	193,4
     31,9971	   0,0744604	194,1	   0,0758982	193,5
      31,999	   0,0740907	195,1	   0,0755349	193,8
      32,001	   0,0737906	195,3	   0,0751926	194,0
     32,0029	    0,073171	195,7	   0,0750207	195,1
     32,0049	   0,0730242	196,1	   0,0746465	195,3
     32,0068	   0,0724915	196,2	   0,0744761	195,7
     32,0088	    0,072362	196,9	    0,074212	196,0
     32,0108	    0,072023	196,9	   0,0740523	196,5
     32,0127	   0,0720636	197,5	   0,0737181	196,7
     32,0147	    0,071426	197,6	   0,0733796	197,3
     32,0166	   0,0712687	198,0	   0,0731354	197,6
     32,0186	   0,0708991	198,7	   0,0728055	197,8
     32,0205	    0,070475	198,6	   0,0724755	198,5
     32,0225	   0,0701568	198,4	   0,0721755	198,6
     32,0244	   0,0701205	199,4	   0,0720128	198,8
     32,0264	   0,0697853	199,8	   0,0716289	199,3
     32,0283	   0,0695137	199,7	   0,0714449	199,6
     32,0303	   0,0691581	-159,8	   0,0711853	200,0
     32,0323	   0,0688995	-159,1	   0,0708271	-159,5
     32,0342	   0,0687419	-159,2	   0,0706513	-159,5
     32,0362	   0,0681918	-158,5	    0,070344	-158,8
     32,0381	   0,0681784	-158,1	   0,0701374	-158,8
     32,0401	    0,067739	-158,0	   0,0698014	-158,2
      32,042	   0,0673297	-158,3	   0,0695693	-158,3
      32,044	   0,0670002	-157,5	    0,069306	-157,6
     32,0459	   0,0667519	-157,2	   0,0690622	-157,7
     32,0479	   0,0665634	-156,7	   0,0686685	-157,0
     32,0499	   0,0663754	-156,6	   0,0684079	-156,7
     32,0518	   0,0662395	-156,1	   0,0680814	-156,3
     32,0538	   0,0655882	-156,2	   0,0678475	-156,2
     32,0557	   0,0654094	-155,5	   0,0675544	-155,7
     32,0577	   0,0652645	-155,6	   0,0672579	-155,6
     32,0596	   0,0650137	-155,0	   0,0670576	-155,1
     32,0616	   0,0646693	-154,6	   0,0667083	-154,8
     32,0635	   0,0645866	-154,6	   0,0665504	-154,5
     32,0655	   0,0642717	-154,1	   0,0661134	-154,2
     32,0674	   0,0640263	-153,8	   0,0659323	-153,5
     32,0694	   0,0639243	-153,5	    0,065748	-153,8
     32,0714	   0,0638304	-152,8	   0,0654341	-153,1
     32,0733	   0,0629259	-152,9	   0,0651608	-152,9
     32,0753	   0,0630562	-152,1	   0,0647614	-153,1
     32,0772	   0,0626075	-152,1	   0,0645123	-152,6
     32,0792	   0,0623265	-151,9	   0,0642723	-152,0
     32,0811	   0,0622292	-151,6	   0,0640724	-151,7
     32,0831	   0,0620691	-151,0	   0,0637893	-151,4
      32,085	    0,061528	-150,8	   0,0634954	-151,4
      32,087	   0,0613011	-150,9	   0,0631455	-150,7
      32,089	   0,0612522	-150,3	   0,0629187	-150,6
     32,0909	   0,0609671	-149,7	   0,0627265	-150,5
     32,0929	   0,0603664	-150,1	   0,0625704	-150,3
     32,0948	   0,0603483	-150,0	   0,0620673	-150,2
     32,0968	   0,0601435	-149,3	   0,0619619	-149,6
     32,0987	   0,0598732	-149,0	   0,0615697	-149,7
     32,1007	   0,0593835	-149,0	   0,0613306	-149,3
     32,1026	   0,0596108	-148,3	   0,0609845	-149,1
     32,1046	   0,0590204	-148,0	   0,0607887	-148,9
     32,1065	   0,0587343	-148,0	   0,0605088	-148,4
     32,1085	   0,0588375	-147,5	   0,0600204	-148,6
     32,1105	   0,0585679	-147,5	   0,0599338	-147,7
     32,1124	    0,058046	-147,1	   0,0598975	-147,6
     32,1144	   0,0579477	-147,0	   0,0595056	-147,5
     32,1163	   0,0578312	-146,5	   0,0592151	-147,3
     32,1183	   0,0573752	-146,3	   0,0590229	-146,8
     32,1202	   0,0572048	-146,0	   0,0587878	-146,4
     32,1222	   0,0570285	-145,6	    0,058671	-146,3
     32,1241	   0,0567395	-145,4	   0,0583584	-145,8
     32,1261	   0,0565773	-145,2	   0,0582623	-145,7
     32,1281	   0,0560276	-145,1	   0,0577884	-145,7
       32,13	   0,0559529	-145,0	    0,057458	-145,0
      32,132	   0,0557339	-144,4	   0,0574221	-145,3
     32,1339	   0,0555736	-144,3	     0,05726	-144,9
     32,1359	   0,0553265	-144,2	   0,0569082	-144,9
     32,1378	   0,0549834	-143,5	   0,0566153	-144,3
     32,1398	   0,0545236	-143,4	   0,0564158	-144,3
     32,1417	   0,0545188	-143,2	   0,0562418	-143,6
     32,1437	   0,0538642	-143,2	   0,0558512	-143,6
     32,1456	   0,0539626	-142,9	   0,0556933	-143,4
     32,1476	   0,0537855	-142,5	   0,0553997	-143,2
     32,1496	    0,053621	-142,5	   0,0551923	-142,9
     32,1515	   0,0533794	-142,1	   0,0549017	-142,3
     32,1535	   0,0531437	-141,9	   0,0545858	-142,3
     32,1554	   0,0528841	-141,7	   0,0545053	-142,0
     32,1574	   0,0524919	-141,4	   0,0541907	-141,7
     32,1593	   0,0524352	-141,3	   0,0539867	-141,6
     32,1613	   0,0520346	-141,0	   0,0536272	-141,2
     32,1632	    0,051666	-140,8	   0,0536709	-141,2
     32,1652	   0,0517292	-140,5	   0,0532777	-140,8
     32,1672	   0,0512537	-140,1	   0,0530681	-140,7
     32,1691	   0,0512739	-140,0	   0,0528709	-140,4
     32,1711	    0,051017	-139,6	   0,0525757	-140,1
      32,173	   0,0505682	-139,8	    0,052252	-140,2
      32,175	   0,0505446	-139,4	   0,0518542	-139,8
     32,1769	   0,0501928	-138,9	   0,0517804	-139,5
     32,1789	    0,050059	-138,9	   0,0516749	-139,2
     32,1808	   0,0498347	-138,7	   0,0514035	-138,9
     32,1828	   0,0496682	-138,4	   0,0511134	-138,9
     32,1847	   0,0494536	-138,1	   0,0507791	-138,7
     32,1867	   0,0491781	-138,1	   0,0506497	-138,3
     32,1887	   0,0489577	-137,8	    0,050327	-138,3
     32,1906	   0,0487043	-137,6	   0,0499565	-138,2
     32,1926	   0,0485542	-137,5	   0,0498657	-137,6
     32,1945	    0,048184	-137,2	   0,0498087	-137,6
     32,1965	   0,0480915	-137,1	   0,0494684	-137,5
     32,1984	   0,0478214	-136,6	   0,0491688	-137,2
     32,2004	   0,0475753	-136,6	   0,0490718	-136,7
     32,2023	   0,0473869	-136,5	   0,0488093	-136,8
     32,2043	   0,0472063	-136,2	   0,0485487	-136,5
     32,2063	   0,0469479	-136,0	   0,0483257	-136,3
     32,2082	   0,0467216	-135,8	   0,0480813	-136,2
     32,2102	   0,0465284	-135,5	   0,0478423	-136,1
     32,2121	   0,0463333	-135,4	   0,0477183	-135,7
     32,2141	   0,0461466	-135,4	   0,0474292	-135,6
      32,216	   0,0459094	-134,8	   0,0472266	-135,0
      32,218	     0,04566	-134,7	   0,0470736	-134,9
     32,2199	   0,0454547	-134,6	   0,0468726	-134,9
     32,2219	     0,04524	-134,5	   0,0466499	-134,7
     32,2239	   0,0451015	-134,3	   0,0463876	-134,3
     32,2258	    0,044786	-134,0	   0,0461646	-134,1
     32,2278	   0,0446366	-133,9	   0,0458761	-134,2
     32,2297	   0,0443782	-133,5	   0,0456321	-134,0
     32,2317	   0,0442167	-133,6	   0,0455627	-133,4
     32,2336	   0,0439035	-133,3	   0,0454389	-133,4
     32,2356	   0,0437595	-133,1	     0,04503	-133,3
     32,2375	   0,0435719	-132,8	   0,0449671	-133,2
     32,2395	   0,0433229	-132,8	   0,0445837	-133,1
     32,2414	   0,0431607	-132,7	   0,0444856	-132,8
     32,2434	   0,0429184	-132,1	   0,0444287	-132,6
     32,2454	   0,0426546	-132,2	   0,0441386	-132,2
     32,2473	     0,04237	-131,9	   0,0438302	-132,2
     32,2493	    0,042312	-132,1	    0,043749	-132,1
     32,2512	    0,042126	-131,5	   0,0432725	-131,8
     32,2532	   0,0418993	-131,4	   0,0432282	-131,7
     32,2551	   0,0416199	-131,3	   0,0429983	-131,6
     32,2571	   0,0414533	-131,3	    0,042636	-131,4
      32,259	   0,0413789	-131,2	     0,04264	-131,0
      32,261	   0,0411067	-131,0	   0,0423301	-131,0
      32,263	   0,0410108	-130,7	   0,0421303	-130,8
     32,2649	   0,0407089	-130,6	   0,0419657	-130,8
     32,2669	    0,040551	-130,6	   0,0416165	-130,4
     32,2688	   0,0403312	-130,0	   0,0416849	-130,6
     32,2708	   0,0401522	-130,1	   0,0413903	-130,1
     32,2727	   0,0399388	-129,9	    0,041272	-129,8
     32,2747	   0,0397761	-129,7	   0,0410672	-129,9
     32,2766	   0,0395475	-129,7	   0,0408267	-129,6
     32,2786	   0,0393644	-129,3	   0,0404984	-129,4
     32,2805	   0,0391027	-129,4	   0,0403994	-129,2
     32,2825	   0,0389882	-129,3	   0,0402363	-129,1
     32,2845	   0,0388382	-129,0	   0,0400865	-129,1
     32,2864	   0,0386565	-128,9	   0,0399633	-128,6
     32,2884	   0,0384501	-128,5	   0,0396303	-128,8
     32,2903	    0,038232	-128,5	   0,0394908	-128,5
     32,2923	   0,0380015	-128,2	   0,0392962	-128,1
     32,2942	   0,0378054	-128,3	   0,0391312	-128,1
     32,2962	   0,0376527	-127,9	   0,0389922	-128,1
     32,2981	   0,0374321	-127,8	   0,0386751	-128,0
     32,3001	   0,0372652	-127,9	   0,0385452	-127,7
     32,3021	    0,037114	-127,6	   0,0382954	-127,5
      32,304	   0,0369071	-127,4	   0,0380003	-127,6
      32,306	   0,0366881	-127,1	   0,0379498	-127,4
     32,3079	    0,036501	-127,3	    0,037781	-127,4
     32,3099	   0,0363807	-127,0	   0,0375778	-127,3
     32,3118	   0,0362206	-127,0	   0,0373705	-126,9
     32,3138	   0,0360286	-126,7	   0,0372495	-126,7
     32,3157	   0,0358682	-126,6	   0,0370644	-126,6
     32,3177	   0,0357086	-126,5	   0,0368693	-126,5
     32,3196	   0,0354864	-126,6	   0,0367312	-126,2
     32,3216	   0,0353122	-126,3	   0,0365163	-126,3
     32,3236	   0,0351652	-126,2	   0,0362559	-126,1
     32,3255	   0,0349669	-126,2	   0,0360964	-125,8
     32,3275	   0,0347276	-125,8	   0,0359861	-125,6
     32,3294	   0,0345825	-125,7	   0,0357894	-125,8
     32,3314	   0,0345091	-125,7	   0,0355748	-125,7
     32,3333	   0,0342943	-125,5	   0,0353751	-125,2
     32,3353	   0,0341074	-125,1	    0,035235	-125,4
     32,3372	   0,0339129	-125,4	   0,0350795	-125,3
     32,3392	   0,0337374	-125,0	   0,0348806	-125,2
     32,3412	   0,0336336	-125,0	   0,0346783	-125,1
     32,3431	   0,0334432	-124,8	   0,0344945	-124,7
     32,3451	   0,0332597	-124,7	   0,0343362	-124,8
      32,347	    0,033108	-124,7	    0,034128	-124,6
      32,349	   0,0329309	-124,6	   0,0339446	-124,4
     32,3509	   0,0327559	-124,5	    0,033745	-124,2
     32,3529	   0,0325563	-124,5	   0,0336742	-124,1
     32,3548	   0,0323979	-124,2	   0,0335297	-124,3
     32,3568	   0,0322648	-124,0	   0,0332869	-124,2
     32,3587	   0,0321087	-124,0	   0,0330923	-123,8
     32,3607	   0,0318831	-124,2	   0,0329278	-123,7
     32,3627	   0,0317676	-123,6	   0,0327606	-123,6
     32,3646	   0,0315678	-123,8	   0,0326046	-123,7
     32,3666	   0,0314853	-123,8	   0,0324442	-123,4
     32,3685	   0,0313677	-123,6	   0,0321778	-123,3
     32,3705	   0,0311576	-123,1	   0,0321126	-123,2
     32,3724	   0,0309359	-123,2	   0,0320126	-123,2
     32,3744	   0,0307594	-123,2	   0,0318353	-123,4
     32,3763	   0,0306445	-123,2	   0,0315452	-123,3
     32,3783	   0,0304949	-123,1	   0,0314092	-122,6
     32,3803	    0,030363	-123,1	   0,0312897	-122,8
     32,3822	   0,0301918	-122,8	   0,0311547	-122,6
     32,3842	   0,0300556	-122,8	   0,0309636	-122,6
     32,3861	   0,0298944	-122,7	   0,0307921	-122,6
     32,3881	   0,0297389	-122,8	   0,0306371	-122,4
       32,39	    0,029677	-122,5	    0,030536	-122,4
      32,392	   0,0294675	-122,2	   0,0304223	-122,3
     32,3939	   0,0292776	-122,3	   0,0302011	-122,4
     32,3959	   0,0291175	-122,4	   0,0300113	-121,8
     32,3979	   0,0289881	-122,0	   0,0298639	-122,0
     32,3998	   0,0288227	-121,9	   0,0296711	-121,7
     32,4018	   0,0287036	-121,8	   0,0295555	-121,6
     32,4037	   0,0285861	-121,9	   0,0294665	-121,5
     32,4057	   0,0284418	-121,7	   0,0292966	-121,8
     32,4076	   0,0282613	-121,7	   0,0290832	-121,4
     32,4096	   0,0281188	-121,2	   0,0288916	-121,5
     32,4115	   0,0280378	-121,3	   0,0287946	-121,2
     32,4135	   0,0278611	-121,0	   0,0286476	-121,4
     32,4154	   0,0277084	-121,4	   0,0285034	-121,4
     32,4174	   0,0275524	-121,2	   0,0283547	-121,5
     32,4194	   0,0274351	-121,5	   0,0281649	-120,9
     32,4213	   0,0273442	-120,9	   0,0279903	-120,8
     32,4233	   0,0271477	-120,8	   0,0279279	-120,7
     32,4252	    0,027021	-120,8	   0,0277847	-120,9
     32,4272	    0,026918	-120,9	   0,0276757	-120,8
     32,4291	   0,0267901	-120,5	   0,0274941	-120,8
     32,4311	   0,0266027	-120,6	   0,0273482	-120,7
      32,433	    0,026435	-120,3	   0,0272049	-120,6
      32,435	   0,0263366	-120,5	   0,0270994	-120,3
      32,437	   0,0262445	-120,4	   0,0269335	-120,4
     32,4389	   0,0261032	-120,2	    0,026769	-120,3
     32,4409	   0,0259768	-120,5	   0,0266764	-120,0
     32,4428	   0,0258483	-120,3	   0,0265731	-120,3
     32,4448	   0,0256629	-120,2	   0,0263618	-120,2
     32,4467	   0,0255602	-120,0	   0,0262322	-119,9
     32,4487	   0,0254567	-119,9	   0,0260754	-119,8
     32,4506	   0,0252682	-120,0	   0,0259485	-119,9
     32,4526	   0,0251695	-120,1	   0,0258409	-119,8
     32,4545	   0,0250818	-119,9	   0,0257552	-119,8
     32,4565	    0,024933	-120,0	   0,0255838	-119,8
     32,4585	    0,024781	-119,7	   0,0254661	-119,8
     32,4604	   0,0246868	-119,6	   0,0253487	-119,7
     32,4624	   0,0246142	-119,9	   0,0251878	-119,7
     32,4643	   0,0245032	-119,3	   0,0250662	-119,4
     32,4663	   0,0242734	-119,6	   0,0249449	-119,4
     32,4682	   0,0241658	-119,2	   0,0248446	-119,7
     32,4702	   0,0240582	-119,3	   0,0246482	-119,4
     32,4721	   0,0239899	-119,5	   0,0245318	-119,3
     32,4741	    0,023867	-119,2	   0,0244561	-119,0
     32,4761	   0,0237145	-119,1	   0,0243318	-119,2
      32,478	    0,023626	-119,3	   0,0241974	-119,1
       32,48	   0,0235253	-119,0	   0,0240646	-119,3
     32,4819	   0,0233536	-119,0	   0,0239078	-118,9
     32,4839	   0,0231973	-119,2	   0,0237875	-118,9
     32,4858	   0,0231343	-119,0	    0,023682	-118,7
     32,4878	   0,0230675	-118,8	   0,0236022	-118,7
     32,4897	    0,022913	-118,7	   0,0234982	-118,7
     32,4917	   0,0228018	-118,7	   0,0233863	-118,8
     32,4936	   0,0227282	-118,3	    0,023257	-118,7
     32,4956	   0,0225911	-118,5	   0,0231379	-118,6
     32,4976	    0,022499	-118,5	   0,0230069	-118,3
     32,4995	   0,0222907	-118,5	   0,0228907	-118,6
     32,5015	   0,0222271	-118,6	   0,0227703	-118,3
     32,5034	   0,0221944	-118,3	   0,0226943	-118,1
     32,5054	   0,0220259	-118,2	   0,0225886	-118,4
     32,5073	   0,0218772	-118,2	   0,0224223	-118,5
     32,5093	     0,02178	-118,4	   0,0222937	-118,1
     32,5112	   0,0217464	-118,0	   0,0222148	-118,0
     32,5132	   0,0216471	-118,3	   0,0221213	-118,2
     32,5152	   0,0215422	-118,2	   0,0219815	-118,4
     32,5171	   0,0213687	-118,0	   0,0218187	-118,1
     32,5191	   0,0212845	-118,2	    0,021793	-118,0
      32,521	   0,0212475	-118,3	   0,0216661	-118,2
      32,523	   0,0211038	-118,0	   0,0215734	-117,8
     32,5249	   0,0209527	-118,2	   0,0214392	-117,9
     32,5269	   0,0208755	-117,9	   0,0213803	-117,9
     32,5288	   0,0207716	-117,8	   0,0213015	-117,8
     32,5308	   0,0207247	-117,9	   0,0211337	-117,8
     32,5327	   0,0206101	-117,8	   0,0209521	-117,9
     32,5347	      0,0205	-117,7	   0,0209356	-117,6
     32,5367	   0,0204515	-118,1	   0,0208529	-117,6
     32,5386	   0,0203156	-117,2	   0,0207779	-117,7
     32,5406	    0,020158	-117,5	   0,0206268	-117,8
     32,5425	   0,0200338	-117,8	   0,0205478	-117,6
     32,5445	   0,0200493	-117,8	   0,0203965	-117,6
     32,5464	    0,019986	-117,2	   0,0203613	-117,5
     32,5484	   0,0198572	-117,5	   0,0202735	-117,4
     32,5503	   0,0197409	-117,5	    0,020153	-117,6
     32,5523	   0,0196336	-117,3	   0,0199767	-117,3
     32,5543	   0,0195306	-117,7	    0,019959	-117,2
     32,5562	   0,0195061	-117,6	   0,0198676	-117,4
     32,5582	   0,0193698	-117,2	   0,0197534	-117,6
     32,5601	   0,0192202	-117,2	   0,0196928	-117,3
     32,5621	   0,0191418	-117,1	   0,0195375	-117,3
      32,564	   0,0190778	-117,3	   0,0194233	-117,0
      32,566	   0,0190018	-117,1	   0,0194514	-117,0
     32,5679	   0,0188886	-117,1	   0,0193063	-117,3
     32,5699	    0,018804	-117,3	   0,0191572	-117,2
     32,5718	   0,0187477	-117,0	   0,0190332	-117,1
     32,5738	   0,0187124	-116,9	    0,019036	-116,9
     32,5758	   0,0185961	-116,9	   0,0189549	-117,0
     32,5777	    0,018437	-116,9	   0,0188572	-117,0
     32,5797	   0,0183452	-116,9	   0,0187153	-117,2
     32,5816	   0,0183211	-117,1	   0,0185728	-117,1
     32,5836	   0,0182091	-117,2	   0,0185808	-117,0
     32,5855	   0,0181251	-117,0	   0,0185065	-116,7
     32,5875	   0,0180436	-116,6	   0,0184256	-117,0
     32,5894	   0,0178926	-117,0	   0,0183181	-116,9
     32,5914	   0,0178303	-117,1	   0,0181911	-116,7
     32,5934	   0,0178441	-116,8	   0,0181339	-116,7
     32,5953	   0,0177159	-116,6	   0,0180699	-116,9
     32,5973	    0,017629	-116,5	   0,0179162	-117,1
     32,5992	   0,0175588	-116,9	   0,0178798	-116,9
     32,6012	    0,017458	-116,4	   0,0178297	-116,7
     32,6031	   0,0173449	-116,9	   0,0176919	-116,5
     32,6051	   0,0173224	-116,6	   0,0176102	-116,6
      32,607	   0,0171821	-116,4	   0,0175182	-116,7
      32,609	    0,017125	-116,7	   0,0174445	-116,7
     32,6109	   0,0171254	-116,8	   0,0173794	-116,4
     32,6129	   0,0169954	-116,4	   0,0173033	-116,7
     32,6149	   0,0169141	-116,4	     0,01718	-116,8
     32,6168	   0,0168305	-116,6	   0,0170983	-116,4
     32,6188	   0,0167594	-116,5	   0,0170502	-116,3
     32,6207	   0,0167568	-116,4	   0,0169417	-116,5
     32,6227	   0,0165437	-116,4	   0,0169222	-116,6
     32,6246	   0,0165134	-116,4	   0,0168142	-116,5
     32,6266	   0,0165262	-116,4	   0,0166912	-116,5
     32,6285	   0,0164304	-116,3	   0,0166957	-116,1
     32,6305	   0,0162747	-116,4	   0,0166211	-116,7
     32,6325	   0,0162514	-116,7	   0,0164589	-116,4
     32,6344	   0,0162436	-116,5	   0,0164254	-116,1
     32,6364	   0,0160533	-116,1	     0,01642	-116,3
     32,6383	   0,0160086	-116,8	   0,0163189	-116,6
     32,6403	   0,0160362	-116,3	   0,0161455	-116,5
     32,6422	   0,0158355	-116,4	   0,0161654	-115,9
     32,6442	   0,0157825	-116,2	   0,0161375	-116,2
     32,6461	   0,0157768	-116,4	   0,0159935	-116,5
     32,6481	   0,0157102	-116,2	   0,0158608	-116,6
       32,65	   0,0156306	-115,9	   0,0158177	-116,1
      32,652	   0,0155468	-116,2	   0,0157625	-116,1
      32,654	   0,0154932	-116,2	   0,0157433	-116,4
     32,6559	   0,0153989	-115,9	   0,0156685	-116,2
     32,6579	   0,0153012	-116,4	   0,0155299	-116,3
     32,6598	   0,0152945	-116,2	   0,0154799	-116,1
     32,6618	    0,015205	-115,7	   0,0154061	-116,1
     32,6637	   0,0150748	-115,8	   0,0154069	-116,2
     32,6657	   0,0150605	-116,2	   0,0152818	-116,4
     32,6676	   0,0150939	-116,2	   0,0151491	-116,1
     32,6696	   0,0149384	-116,0	   0,0152015	-115,8
     32,6716	   0,0147935	-116,2	   0,0151025	-116,2
     32,6735	     0,01483	-116,2	   0,0149657	-116,1
     32,6755	   0,0147297	-115,8	   0,0149823	-116,2
     32,6774	   0,0146854	-116,2	   0,0149091	-116,1
     32,6794	   0,0146207	-116,0	   0,0147959	-116,0
     32,6813	   0,0145509	-116,0	   0,0147955	-115,9
     32,6833	   0,0145011	-115,7	   0,0146984	-116,2
     32,6852	   0,0144183	-115,8	   0,0145511	-115,9
     32,6872	   0,0143264	-116,1	   0,0146081	-115,7
     32,6891	   0,0143407	-115,7	   0,0145278	-116,1
     32,6911	   0,0142343	-115,9	   0,0144056	-116,0
     32,6931	   0,0141337	-115,9	   0,0143719	-115,8
      32,695	   0,0141507	-115,9	   0,0142657	-116,1
      32,697	   0,0140308	-116,0	    0,014228	-115,8
     32,6989	   0,0140024	-116,0	   0,0142223	-115,9
     32,7009	   0,0139342	-115,7	   0,0140681	-115,9
     32,7028	   0,0138713	-115,5	    0,014014	-116,0
     32,7048	   0,0137947	-115,8	   0,0139998	-116,1
     32,7067	   0,0137554	-115,8	   0,0139932	-115,9
     32,7087	   0,0137241	-115,8	    0,013843	-115,9
     32,7107	   0,0136199	-115,5	   0,0138039	-115,7
     32,7126	     0,01358	-115,9	     0,01383	-116,1
     32,7146	   0,0135499	-116,1	   0,0136976	-116,3
     32,7165	   0,0135047	-115,9	    0,013576	-115,6
     32,7185	   0,0133641	-115,9	   0,0135942	-115,7
     32,7204	   0,0133118	-116,0	    0,013557	-115,8
     32,7224	   0,0133209	-115,7	   0,0134426	-115,9
     32,7243	   0,0132522	-115,2	   0,0134126	-115,5
     32,7263	   0,0131135	-115,7	   0,0133484	-115,9
     32,7282	   0,0131543	-115,8	   0,0132519	-115,4
     32,7302	   0,0131412	-115,4	   0,0133221	-115,9
     32,7322	   0,0129045	-116,0	   0,0131757	-116,3
     32,7341	   0,0129746	-116,2	   0,0130218	-115,7
     32,7361	   0,0130079	-115,4	   0,0130768	-115,5
      32,738	    0,012785	-115,5	   0,0130204	-115,6
       32,74	   0,0127934	-116,0	   0,0129733	-115,8
     32,7419	   0,0128174	-115,7	   0,0129141	-115,8
     32,7439	    0,012713	-115,5	   0,0128386	-115,8
     32,7458	   0,0126054	-115,9	   0,0127533	-115,5
     32,7478	   0,0126271	-115,7	   0,0127428	-115,7
     32,7498	   0,0125187	-115,4	   0,0126345	-115,7
     32,7517	   0,0124192	-116,1	   0,0125795	-115,5
     32,7537	    0,012464	-115,7	   0,0126264	-116,0
     32,7556	   0,0123847	-115,0	   0,0124265	-115,6
     32,7576	    0,012309	-116,0	    0,012445	-115,4
     32,7595	   0,0123274	-115,5	   0,0124698	-115,6
     32,7615	   0,0122073	-115,6	   0,0123256	-115,9
     32,7634	   0,0121291	-115,7	   0,0122831	-115,4
     32,7654	   0,0121714	-115,4	   0,0122912	-115,5
     32,7673	   0,0120089	-115,5	   0,0121809	-115,9
     32,7693	   0,0120561	-115,6	    0,012138	-115,4
     32,7713	   0,0120104	-115,3	   0,0121429	-115,7
     32,7732	   0,0118273	-115,7	   0,0120639	-115,5
     32,7752	   0,0119021	-115,8	    0,011997	-115,8
     32,7771	   0,0118638	-115,8	   0,0119432	-115,6
     32,7791	   0,0117397	-115,6	    0,011902	-115,4
      32,781	   0,0117542	-115,9	   0,0118977	-115,5
      32,783	   0,0117077	-115,6	   0,0119162	-115,9
     32,7849	   0,0116044	-115,6	   0,0117572	-115,4
     32,7869	   0,0115361	-115,6	    0,011709	-115,2
     32,7889	   0,0115733	-115,7	   0,0116913	-115,6
     32,7908	    0,011493	-115,3	   0,0116199	-115,6
     32,7928	   0,0114403	-115,6	   0,0115624	-115,9
     32,7947	   0,0113893	-115,5	   0,0114927	-115,5
     32,7967	   0,0114264	-115,6	   0,0114633	-115,5
     32,7986	   0,0112658	-115,2	   0,0114912	-115,2
     32,8006	   0,0111986	-115,6	   0,0113358	-115,7
     32,8025	   0,0112867	-115,2	   0,0113468	-115,2
     32,8045	   0,0111576	-115,5	   0,0113078	-115,8
     32,8064	   0,0110811	-115,5	   0,0111706	-115,5
     32,8084	   0,0111162	-116,0	   0,0111592	-115,6
     32,8104	   0,0110186	-114,9	   0,0111803	-115,2
     32,8123	   0,0109387	-115,7	   0,0111108	-115,5
     32,8143	   0,0110625	-115,4	   0,0109985	-115,5
     32,8162	   0,0108506	-115,2	   0,0110015	-115,5
     32,8182	   0,0107924	-115,7	    0,010916	-115,8
     32,8201	   0,0108361	-115,5	   0,0110554	-115,6
     32,8221	    0,010763	-115,2	   0,0108473	-115,5
      32,824	   0,0106907	-115,6	   0,0108039	-115,3
      32,826	   0,0107165	-115,3	   0,0108359	-115,3
      32,828	   0,0105992	-115,6	   0,0107348	-116,1
     32,8299	   0,0105947	-115,7	   0,0106002	-116,1
     32,8319	   0,0105741	-115,7	   0,0106437	-115,2
     32,8338	    0,010539	-115,4	   0,0106624	-115,8
     32,8358	   0,0104899	-115,5	   0,0104785	-115,4
     32,8377	   0,0104076	-115,6	   0,0106048	-115,1
     32,8397	   0,0104342	-115,6	    0,010434	-116,3
     32,8416	   0,0103117	-115,4	   0,0103433	-115,4
     32,8436	   0,0103585	-115,3	   0,0104932	-115,1
     32,8456	   0,0101961	-115,3	   0,0103512	-115,7
     32,8475	   0,0102923	-115,8	   0,0102317	-114,8
     32,8495	   0,0102146	-115,0	   0,0105813	-115,4
     32,8514	   0,0100313	-115,9	   0,0100976	-115,4
     32,8534	   0,0101226	-115,5	   0,0102073	-114,2
     32,8553	   0,0100299	-115,5	   0,0102952	-116,6
     32,8573	   0,0100258	-115,6	  0,00999478	-116,3
     32,8592	   0,0100408	-115,1	   0,0100642	-115,4
     32,8612	  0,00990274	-115,6	   0,0100613	-115,6
     32,8631	  0,00989485	-115,6	  0,00996906	-115,4
     32,8651	  0,00987337	-115,9	   0,0099095	-115,8
     32,8671	  0,00985288	-115,2	  0,00985477	-115,9
      32,869	  0,00975322	-115,4	  0,00990922	-115,4
      32,871	   0,0097716	-115,7	   0,0097697	-115,7
     32,8729	  0,00971887	-115,4	  0,00982322	-115,3
     32,8749	   0,0096511	-115,6	  0,00974067	-115,8
     32,8768	  0,00966134	-115,5	  0,00969946	-115,1
     32,8788	  0,00960207	-115,4	  0,00965298	-115,6
     32,8807	  0,00954746	-115,3	  0,00963962	-115,6
     32,8827	  0,00949172	-115,7	  0,00960427	-115,2
     32,8847	  0,00951767	-115,3	  0,00953296	-115,7
     32,8866	  0,00944068	-115,6	  0,00954242	-115,4
     32,8886	  0,00940691	-115,6	  0,00945241	-115,7
     32,8905	   0,0093712	-115,7	  0,00943597	-115,6
     32,8925	  0,00933809	-115,3	  0,00941343	-115,8
     32,8944	  0,00932879	-115,6	  0,00937982	-115,5
     32,8964	  0,00926381	-115,5	  0,00934575	-115,6
     32,8983	  0,00925059	-115,7	  0,00928974	-116,0
     32,9003	   0,0092003	-115,4	  0,00930084	-115,7
     32,9022	  0,00911487	-115,7	    0,009222	-116,0
     32,9042	  0,00912469	-115,6	  0,00921641	-115,4
     32,9062	  0,00912061	-115,6	  0,00913857	-116,1
     32,9081	  0,00905117	-115,5	  0,00909643	-115,3
     32,9101	  0,00900604	-114,9	  0,00913613	-115,7
      32,912	  0,00897731	-115,5	  0,00900602	-115,3
      32,914	  0,00897612	-115,4	  0,00900886	-115,6
     32,9159	  0,00889643	-115,4	  0,00899802	-115,5
     32,9179	  0,00887661	-115,9	   0,0089804	-116,0
     32,9198	  0,00883435	-115,0	  0,00889951	-115,7
     32,9218	   0,0088454	-115,9	   0,0088195	-115,7
     32,9238	  0,00874446	-115,6	  0,00882608	-115,6
     32,9257	  0,00876651	-116,0	  0,00885525	-115,5
     32,9277	  0,00882057	-115,4	  0,00871045	-116,0
     32,9296	  0,00860511	-115,4	  0,00871444	-115,6
     32,9316	  0,00868961	-115,5	  0,00872884	-115,5
     32,9335	  0,00859237	-115,4	  0,00867171	-115,3
     32,9355	  0,00858005	-115,5	  0,00857677	-115,8
     32,9374	  0,00855761	-115,3	  0,00858638	-115,6
     32,9394	  0,00852727	-115,5	  0,00852495	-115,5
     32,9413	  0,00839563	-116,0	  0,00855859	-115,6
     32,9433	  0,00849614	-115,8	  0,00848163	-115,8
     32,9453	  0,00843345	-115,3	  0,00849959	-115,5
     32,9472	  0,00832338	-115,9	  0,00841525	-115,7
     32,9492	  0,00838709	-115,2	  0,00841069	-115,4
     32,9511	  0,00828744	-115,8	   0,0084405	-115,7
     32,9531	  0,00831643	-115,3	  0,00833584	-116,0
      32,955	  0,00820541	-115,8	  0,00827384	-115,5
      32,957	  0,00826427	-115,8	  0,00831797	-116,1
     32,9589	  0,00817799	-115,5	  0,00822704	-115,8
     32,9609	  0,00813257	-116,0	  0,00817879	-116,0
     32,9629	  0,00819194	-115,7	  0,00825098	-115,3
     32,9648	  0,00806187	-115,3	  0,00814529	-116,2
     32,9668	  0,00805678	-115,4	  0,00806794	-115,4
     32,9687	  0,00801705	-115,7	  0,00811982	-116,1
     32,9707	   0,0080332	-116,3	  0,00800979	-116,1
     32,9726	  0,00801687	-115,5	  0,00802339	-115,7
     32,9746	  0,00788541	-116,0	    0,007932	-115,6
     32,9765	  0,00793059	-115,7	  0,00801959	-115,2
     32,9785	   0,0078903	-115,6	  0,00791918	-116,2
     32,9804	  0,00782127	-115,6	  0,00791429	-115,6
     32,9824	  0,00783955	-116,1	  0,00789134	-115,3
     32,9844	  0,00778138	-115,7	  0,00781627	-116,0
     32,9863	  0,00775422	-115,7	  0,00781411	-115,5
     32,9883	  0,00777791	-115,5	  0,00779548	-116,7
     32,9902	  0,00771213	-115,4	  0,00776123	-115,7
     32,9922	  0,00764639	-115,4	  0,00772853	-116,2
     32,9941	  0,00761714	-115,7	  0,00759008	-115,1
     32,9961	  0,00762049	-115,9	  0,00784987	-116,4
      32,998	  0,00763746	-115,9	  0,00732199	-115,8
          33	  0,00752893	-115,4	   0,0078214	-114,9

