X-Data [Hz]	Laser (M - Filtered) [m/s]	Phase [Deg]	Laser (M - Filtered) [m/s]	Phase [Deg]	
	002: [06-29-24 10:22]		003: [06-29-24 10:30]	
        33,5	   0,0249469	96,6	   0,0282151	95,5
      33,502	   0,0268464	96,3	   0,0279535	96,8
     33,5039	   0,0270461	95,7	   0,0281958	96,2
     33,5059	   0,0273143	96,3	   0,0282793	97,3
     33,5078	   0,0274181	94,9	   0,0282794	96,1
     33,5098	     0,02756	94,8	   0,0282793	96,0
     33,5117	   0,0274106	94,8	   0,0283979	96,7
     33,5137	   0,0276418	95,2	   0,0284164	97,0
     33,5156	    0,027838	96,8	    0,028412	97,1
     33,5176	   0,0275605	95,1	   0,0283821	97,2
     33,5196	   0,0273752	96,1	   0,0285021	96,8
     33,5215	   0,0275688	95,4	   0,0286266	97,8
     33,5235	   0,0275654	94,9	   0,0285165	96,9
     33,5254	   0,0275214	95,4	    0,028469	96,5
     33,5274	   0,0277007	94,9	   0,0285161	96,3
     33,5293	   0,0276918	95,0	   0,0287428	96,4
     33,5313	   0,0277669	96,9	   0,0286562	96,1
     33,5332	   0,0277248	96,0	   0,0286552	97,1
     33,5352	   0,0278646	95,9	    0,028763	98,3
     33,5371	   0,0277452	96,3	   0,0286957	97,1
     33,5391	   0,0278914	96,1	   0,0285855	97,3
     33,5411	   0,0280001	96,2	   0,0287396	98,0
      33,543	   0,0278579	95,6	   0,0288138	97,7
      33,545	   0,0280154	95,6	   0,0291829	96,8
     33,5469	   0,0279458	96,6	   0,0291485	96,9
     33,5489	   0,0279424	96,7	   0,0290853	97,3
     33,5508	   0,0282256	96,0	   0,0290169	97,5
     33,5528	   0,0280811	97,3	    0,029201	97,4
     33,5547	   0,0281813	95,7	    0,029188	98,1
     33,5567	   0,0282175	96,8	   0,0291723	97,4
     33,5587	   0,0282137	96,8	   0,0293167	98,1
     33,5606	   0,0282803	95,9	   0,0292089	98,2
     33,5626	   0,0283264	95,6	   0,0291316	97,5
     33,5645	   0,0282973	97,6	   0,0293241	96,4
     33,5665	   0,0283402	96,3	   0,0293555	98,0
     33,5684	   0,0284867	97,4	   0,0293698	96,9
     33,5704	   0,0282931	96,5	   0,0292866	96,6
     33,5723	   0,0283642	95,7	   0,0291996	97,2
     33,5743	    0,028434	97,3	   0,0294299	96,6
     33,5762	   0,0284396	96,0	   0,0292455	96,8
     33,5782	   0,0284308	96,2	   0,0294606	97,4
     33,5802	   0,0282686	97,7	   0,0295561	99,0
     33,5821	   0,0283258	96,2	   0,0295871	97,9
     33,5841	   0,0286864	95,9	   0,0296538	98,3
      33,586	   0,0285395	97,1	   0,0297959	98,7
      33,588	   0,0286578	96,4	   0,0297411	98,3
     33,5899	   0,0287591	96,0	   0,0298709	97,8
     33,5919	   0,0288614	96,9	   0,0297081	97,6
     33,5938	   0,0288712	97,9	   0,0299695	98,2
     33,5958	   0,0288545	95,9	   0,0298896	97,5
     33,5978	   0,0289775	96,3	   0,0297911	97,3
     33,5997	   0,0288326	97,8	   0,0298427	97,6
     33,6017	   0,0288448	96,8	   0,0298413	97,4
     33,6036	   0,0289409	96,0	   0,0299848	97,3
     33,6056	   0,0289928	97,1	   0,0299768	98,2
     33,6075	   0,0291036	97,4	   0,0300274	99,1
     33,6095	   0,0290247	96,0	   0,0301265	97,7
     33,6114	   0,0290716	97,0	   0,0301128	98,8
     33,6134	   0,0290506	97,3	   0,0303058	99,0
     33,6153	   0,0293308	96,3	   0,0303547	99,0
     33,6173	   0,0293767	96,6	   0,0303255	98,6
     33,6193	   0,0293761	98,1	   0,0302432	97,9
     33,6212	   0,0294063	96,9	   0,0303431	98,0
     33,6232	   0,0294322	96,6	   0,0303104	98,6
     33,6251	   0,0292761	96,7	   0,0303163	98,0
     33,6271	   0,0294393	97,6	   0,0303623	98,4
      33,629	   0,0295219	96,8	   0,0304711	99,4
      33,631	   0,0294107	97,3	   0,0305473	97,8
     33,6329	   0,0296063	97,7	   0,0306072	98,4
     33,6349	    0,029744	97,8	   0,0308072	98,8
     33,6369	   0,0298004	96,4	   0,0307624	99,2
     33,6388	    0,029849	97,5	   0,0308547	98,2
     33,6408	   0,0299054	97,8	   0,0308827	98,5
     33,6427	    0,029862	97,4	   0,0308582	99,4
     33,6447	   0,0298044	97,2	   0,0309383	98,9
     33,6466	   0,0298881	98,2	   0,0309865	97,9
     33,6486	    0,029907	96,7	    0,031078	98,2
     33,6505	   0,0297587	96,3	   0,0310715	99,9
     33,6525	    0,029928	98,0	   0,0312419	100,0
     33,6544	    0,029861	96,7	   0,0311945	99,4
     33,6564	   0,0300012	96,8	   0,0313759	98,7
     33,6584	   0,0301884	97,8	   0,0312781	99,2
     33,6603	   0,0302076	98,1	   0,0314361	99,1
     33,6623	   0,0302541	98,3	   0,0313143	98,4
     33,6642	    0,030254	97,5	   0,0314272	98,8
     33,6662	   0,0301806	97,8	   0,0312879	99,5
     33,6681	   0,0302564	97,8	   0,0314426	98,5
     33,6701	   0,0302878	98,0	   0,0314224	98,8
      33,672	   0,0302766	97,6	   0,0314894	99,8
      33,674	   0,0304203	98,6	   0,0316263	100,3
      33,676	   0,0305913	98,6	   0,0315391	98,7
     33,6779	   0,0306228	97,8	   0,0317852	99,3
     33,6799	   0,0306556	98,2	    0,031727	100,5
     33,6818	   0,0306021	99,0	   0,0319046	100,1
     33,6838	   0,0305579	98,2	   0,0320062	99,2
     33,6857	   0,0304935	97,4	   0,0320288	100,0
     33,6877	    0,030823	97,3	   0,0320345	100,3
     33,6896	   0,0306853	98,6	   0,0320381	99,0
     33,6916	   0,0308335	97,6	   0,0318476	99,7
     33,6936	   0,0309135	97,7	   0,0319473	100,4
     33,6955	    0,031078	98,4	   0,0320145	99,7
     33,6975	   0,0310211	97,5	   0,0320149	98,9
     33,6994	   0,0310571	97,6	     0,03202	100,6
     33,7014	   0,0311061	98,8	   0,0321521	99,2
     33,7033	   0,0311954	97,5	   0,0323222	99,2
     33,7053	   0,0312973	97,6	   0,0322269	101,0
     33,7072	    0,031198	99,2	   0,0324743	100,8
     33,7092	   0,0313323	97,9	   0,0326194	100,0
     33,7111	   0,0313487	98,5	   0,0327192	100,0
     33,7131	   0,0312757	99,3	   0,0326843	101,3
     33,7151	   0,0312596	99,0	   0,0328264	99,8
      33,717	   0,0313363	98,1	   0,0327809	99,4
      33,719	   0,0312662	98,8	   0,0327626	99,5
     33,7209	   0,0315244	99,1	   0,0326572	99,9
     33,7229	    0,031684	99,4	   0,0330406	100,9
     33,7248	   0,0315673	97,9	   0,0330859	100,8
     33,7268	   0,0317694	99,4	   0,0331799	100,4
     33,7287	   0,0317472	99,3	   0,0331629	99,9
     33,7307	   0,0316914	99,0	   0,0330247	100,3
     33,7327	   0,0317852	99,6	   0,0330236	101,7
     33,7346	   0,0318437	99,8	   0,0331753	99,7
     33,7366	    0,031778	99,6	   0,0332821	100,8
     33,7385	   0,0320799	99,2	   0,0333002	100,3
     33,7405	   0,0321746	98,0	   0,0333567	99,9
     33,7424	   0,0320674	99,6	   0,0333168	100,7
     33,7444	   0,0321127	99,7	   0,0334207	101,5
     33,7463	   0,0320354	98,9	    0,033665	102,0
     33,7483	   0,0322036	98,5	   0,0335413	101,8
     33,7502	   0,0321021	100,0	   0,0337887	100,3
     33,7522	   0,0322515	99,8	   0,0337998	100,8
     33,7542	   0,0325832	100,0	   0,0336419	101,1
     33,7561	   0,0324825	99,0	   0,0337424	101,0
     33,7581	   0,0325773	99,9	   0,0337498	100,3
       33,76	   0,0324872	100,4	   0,0339012	101,1
      33,762	   0,0323944	99,8	   0,0340753	102,0
     33,7639	   0,0325626	99,3	   0,0340906	102,2
     33,7659	    0,032726	99,3	   0,0341246	100,6
     33,7678	   0,0325815	99,0	   0,0343135	101,0
     33,7698	   0,0326415	100,5	   0,0341163	101,2
     33,7718	   0,0325472	100,4	   0,0343077	101,9
     33,7737	   0,0329941	99,9	   0,0344889	102,1
     33,7757	   0,0330175	98,8	   0,0344777	101,0
     33,7776	   0,0329656	100,0	   0,0346017	101,3
     33,7796	   0,0330159	100,8	   0,0345207	101,0
     33,7815	   0,0331523	99,6	   0,0344703	101,9
     33,7835	   0,0330462	99,1	   0,0344497	101,5
     33,7854	    0,033288	100,9	   0,0346323	101,5
     33,7874	   0,0330337	100,7	   0,0348086	101,2
     33,7893	   0,0333372	100,5	   0,0349529	102,2
     33,7913	   0,0334069	99,4	   0,0349425	102,1
     33,7933	   0,0333946	100,4	   0,0350809	101,5
     33,7952	   0,0333897	100,6	   0,0350589	101,3
     33,7972	    0,033355	100,5	   0,0350021	101,9
     33,7991	   0,0335216	100,3	   0,0352237	102,1
     33,8011	   0,0337941	99,7	   0,0352844	102,7
      33,803	   0,0337444	100,3	   0,0353106	102,1
      33,805	   0,0338482	100,9	   0,0354344	101,2
     33,8069	    0,033697	101,4	   0,0355643	101,6
     33,8089	   0,0336458	100,5	   0,0353283	102,8
     33,8109	   0,0336949	99,9	   0,0355833	101,6
     33,8128	   0,0340361	100,4	   0,0354425	101,6
     33,8148	    0,034156	101,5	   0,0357793	102,0
     33,8167	   0,0341445	100,8	   0,0358218	102,0
     33,8187	   0,0341539	100,0	    0,035984	103,1
     33,8206	   0,0340998	100,0	   0,0359437	102,4
     33,8226	   0,0342244	99,9	   0,0357861	101,9
     33,8245	   0,0344264	101,0	   0,0359298	103,2
     33,8265	   0,0344487	101,5	   0,0359981	102,7
     33,8284	   0,0345287	99,8	   0,0359783	103,1
     33,8304	   0,0345531	101,0	   0,0360917	103,1
     33,8324	   0,0344547	101,1	   0,0360484	104,0
     33,8343	   0,0346487	101,5	   0,0363247	104,1
     33,8363	   0,0347101	101,1	   0,0363272	103,7
     33,8382	   0,0347514	100,3	   0,0362837	103,5
     33,8402	   0,0349248	101,1	   0,0363852	102,8
     33,8421	   0,0347996	100,8	   0,0364691	103,5
     33,8441	   0,0350394	100,9	   0,0365741	104,1
      33,846	   0,0350488	102,1	   0,0367299	103,9
      33,848	   0,0349693	102,4	   0,0368011	102,5
       33,85	   0,0350916	100,9	   0,0367454	102,7
     33,8519	   0,0350269	100,6	   0,0367308	103,0
     33,8539	   0,0353411	100,7	    0,036868	103,7
     33,8558	   0,0354075	101,7	   0,0369407	103,0
     33,8578	   0,0353936	102,2	   0,0370138	103,2
     33,8597	   0,0355005	101,8	   0,0372345	103,2
     33,8617	   0,0353293	101,4	   0,0372181	104,7
     33,8636	   0,0357956	101,7	   0,0373548	104,2
     33,8656	   0,0357354	101,2	   0,0373166	103,4
     33,8675	   0,0357811	102,6	   0,0372695	103,8
     33,8695	   0,0356941	102,8	    0,037294	104,7
     33,8715	    0,035868	102,7	   0,0373239	104,3
     33,8734	   0,0359514	103,2	   0,0375863	104,1
     33,8754	   0,0359401	102,7	   0,0374907	104,5
     33,8773	    0,035845	101,3	   0,0378217	104,9
     33,8793	   0,0361713	101,7	   0,0379009	104,7
     33,8812	   0,0363721	102,6	    0,037906	104,5
     33,8832	   0,0363665	102,7	   0,0379169	103,8
     33,8851	   0,0364928	102,3	   0,0379226	103,7
     33,8871	   0,0363621	101,4	   0,0381899	104,4
     33,8891	   0,0364205	101,3	   0,0383351	104,6
      33,891	   0,0367377	101,5	    0,038374	104,6
      33,893	   0,0366577	103,3	   0,0382676	104,5
     33,8949	   0,0366919	103,1	   0,0383398	104,7
     33,8969	   0,0366545	102,9	   0,0386102	104,5
     33,8988	   0,0369419	102,6	   0,0384436	104,8
     33,9008	   0,0369467	102,9	   0,0385014	104,6
     33,9027	   0,0369645	103,2	    0,038648	105,7
     33,9047	   0,0370796	103,2	   0,0388788	106,2
     33,9066	   0,0372702	102,9	   0,0389566	105,8
     33,9086	   0,0373001	103,3	   0,0389806	105,5
     33,9106	   0,0369971	103,7	   0,0390391	104,5
     33,9125	    0,037195	102,3	    0,038704	105,0
     33,9145	   0,0372214	102,4	     0,03941	104,8
     33,9164	   0,0374941	102,6	   0,0391131	104,7
     33,9184	   0,0375115	103,5	   0,0393666	105,3
     33,9203	   0,0376575	103,3	   0,0393923	106,2
     33,9223	   0,0376288	103,3	   0,0395883	105,4
     33,9242	   0,0377167	102,9	    0,039814	105,7
     33,9262	   0,0377236	104,2	   0,0398367	105,3
     33,9282	   0,0380414	104,2	   0,0399789	106,9
     33,9301	   0,0381763	104,6	   0,0397907	106,4
     33,9321	   0,0380457	103,2	    0,039851	106,3
      33,934	   0,0382081	103,4	   0,0398602	105,7
      33,936	    0,038185	103,6	   0,0400536	106,4
     33,9379	   0,0384346	103,4	   0,0402326	106,2
     33,9399	   0,0384045	104,3	   0,0404237	106,9
     33,9418	   0,0385762	104,0	   0,0404286	106,6
     33,9438	   0,0383246	104,0	   0,0403733	106,9
     33,9457	   0,0387742	104,2	   0,0407682	106,7
     33,9477	    0,038723	104,0	   0,0408249	106,2
     33,9497	   0,0389485	104,8	    0,040783	106,5
     33,9516	   0,0387809	104,5	   0,0407141	106,4
     33,9536	   0,0389044	105,1	   0,0409955	106,9
     33,9555	    0,039125	105,5	   0,0408468	106,8
     33,9575	   0,0392062	103,8	   0,0410866	106,8
     33,9594	   0,0391922	103,8	   0,0412751	106,9
     33,9614	   0,0392836	103,9	   0,0413709	107,8
     33,9633	   0,0394865	104,3	   0,0413084	107,8
     33,9653	   0,0396192	105,7	   0,0414584	108,3
     33,9673	   0,0395708	105,8	   0,0416973	108,2
     33,9692	    0,039516	105,5	   0,0416784	107,6
     33,9712	   0,0396385	105,6	   0,0416555	108,2
     33,9731	    0,039873	106,0	   0,0418607	107,3
     33,9751	   0,0398955	104,6	   0,0419119	108,0
      33,977	   0,0397226	104,8	   0,0421601	108,7
      33,979	   0,0401417	105,0	   0,0422254	108,6
     33,9809	   0,0401366	104,9	   0,0421004	108,1
     33,9829	   0,0401333	105,0	   0,0423824	109,0
     33,9848	   0,0401665	106,4	     0,04246	108,6
     33,9868	      0,0404	106,3	   0,0424208	108,1
     33,9888	   0,0404842	106,7	    0,042425	107,5
     33,9907	   0,0405087	106,1	   0,0427134	108,3
     33,9927	   0,0405621	105,7	   0,0429453	108,1
     33,9946	   0,0408861	105,5	   0,0428471	108,4
     33,9966	   0,0407505	105,3	   0,0430037	108,3
     33,9985	   0,0409325	105,6	   0,0432226	109,8
     34,0005	   0,0411293	106,0	   0,0433189	109,6
     34,0024	   0,0412977	106,8	   0,0433864	109,8
     34,0044	   0,0411533	106,9	   0,0435537	109,9
     34,0064	   0,0413167	106,7	    0,043595	109,0
     34,0083	   0,0415412	107,3	   0,0435142	112,9
     34,0103	   0,0417536	106,4	   0,0437736	109,4
     34,0122	   0,0415406	106,2	   0,0437651	109,2
     34,0142	   0,0416681	106,4	   0,0441445	109,6
     34,0161	   0,0419011	106,3	   0,0441055	110,3
     34,0181	   0,0420785	107,8	   0,0441632	110,1
       34,02	   0,0419669	107,6	   0,0444274	109,9
      34,022	   0,0420351	107,4	   0,0445445	111,1
     34,0239	   0,0421307	108,3	   0,0444262	110,8
     34,0259	   0,0421987	107,7	    0,044622	110,9
     34,0279	   0,0420972	106,7	   0,0449252	110,7
     34,0298	   0,0424252	107,0	    0,044973	110,3
     34,0318	   0,0427545	107,3	   0,0448928	110,1
     34,0337	   0,0427215	108,0	   0,0450072	110,5
     34,0357	   0,0427434	108,4	    0,045306	110,8
     34,0376	   0,0429614	108,6	   0,0453369	110,6
     34,0396	   0,0429665	108,8	   0,0454048	111,3
     34,0415	   0,0429952	109,0	   0,0457141	111,9
     34,0435	   0,0432067	107,6	   0,0458429	112,2
     34,0455	   0,0434441	107,4	    0,045941	111,7
     34,0474	   0,0433962	107,6	   0,0459513	111,5
     34,0494	   0,0434794	107,6	   0,0461083	112,1
     34,0513	   0,0437282	108,1	     0,04633	110,5
     34,0533	   0,0439449	109,2	   0,0465612	111,5
     34,0552	    0,043734	108,8	   0,0462308	111,7
     34,0572	   0,0440074	109,2	   0,0467451	112,2
     34,0591	   0,0441856	109,3	   0,0465959	111,6
     34,0611	   0,0442823	109,2	   0,0466298	113,0
      34,063	    0,044163	110,0	   0,0469681	113,2
      34,065	   0,0444127	109,9	   0,0472851	113,9
      34,067	   0,0446085	110,1	   0,0472063	113,5
     34,0689	   0,0446992	108,7	   0,0474681	113,7
     34,0709	   0,0447655	108,3	   0,0475992	113,6
     34,0728	   0,0450236	109,2	   0,0478376	113,0
     34,0748	   0,0448372	109,3	    0,047686	112,9
     34,0767	   0,0450085	110,7	   0,0478454	113,5
     34,0787	   0,0451821	110,4	   0,0480584	113,5
     34,0806	   0,0453548	110,7	   0,0483128	114,0
     34,0826	   0,0453555	111,0	   0,0482974	113,7
     34,0846	   0,0454431	109,9	   0,0484426	113,9
     34,0865	   0,0456611	109,9	   0,0486101	114,8
     34,0885	    0,045802	110,4	   0,0489278	114,5
     34,0904	    0,045811	109,6	   0,0488504	114,8
     34,0924	   0,0459524	110,6	   0,0487964	113,8
     34,0943	   0,0462111	110,4	   0,0490626	114,3
     34,0963	   0,0461299	110,2	   0,0493716	114,6
     34,0982	   0,0464963	110,1	    0,049338	113,9
     34,1002	   0,0467474	110,8	   0,0496715	114,9
     34,1021	   0,0467392	112,0	    0,049698	115,0
     34,1041	    0,046871	111,6	   0,0498944	115,8
     34,1061	   0,0468807	112,2	   0,0498444	115,9
      34,108	    0,046891	112,2	   0,0503312	115,5
       34,11	   0,0470652	111,4	   0,0502723	115,6
     34,1119	   0,0473618	112,3	   0,0503655	117,1
     34,1139	    0,047341	112,9	   0,0505843	117,1
     34,1158	   0,0475557	112,7	   0,0508728	117,3
     34,1178	   0,0477992	113,1	   0,0508349	117,3
     34,1197	    0,047746	113,2	   0,0509087	116,2
     34,1217	   0,0478484	112,0	   0,0512041	116,6
     34,1237	    0,048206	112,6	   0,0511872	117,2
     34,1256	   0,0482335	112,4	   0,0514778	117,8
     34,1276	   0,0482877	113,3	   0,0517787	116,8
     34,1295	   0,0487166	112,2	    0,051859	117,1
     34,1315	   0,0486189	112,6	    0,051936	117,2
     34,1334	   0,0488627	112,8	   0,0522725	117,4
     34,1354	   0,0490129	112,1	   0,0523407	117,6
     34,1373	   0,0488289	112,6	   0,0525734	118,6
     34,1393	   0,0491323	113,0	   0,0526652	119,0
     34,1413	   0,0493804	113,6	   0,0530538	119,5
     34,1432	   0,0494207	114,0	   0,0526914	119,4
     34,1452	   0,0495197	113,6	   0,0530411	119,9
     34,1471	   0,0498582	113,6	   0,0533316	119,8
     34,1491	   0,0499997	114,8	   0,0534618	120,2
      34,151	   0,0499201	115,0	   0,0535397	118,6
      34,153	   0,0499938	114,2	   0,0536188	119,1
     34,1549	   0,0503531	114,4	   0,0538966	119,1
     34,1569	   0,0503934	114,7	   0,0540732	119,7
     34,1588	   0,0505417	114,4	   0,0540884	120,9
     34,1608	   0,0507944	114,6	   0,0542236	121,2
     34,1628	   0,0510231	114,6	    0,054483	121,2
     34,1647	   0,0509424	116,0	   0,0545358	120,9
     34,1667	   0,0511533	115,3	   0,0548043	121,4
     34,1686	   0,0513942	115,4	   0,0550129	121,8
     34,1706	   0,0514176	116,9	   0,0552321	122,1
     34,1725	   0,0515873	117,0	   0,0553628	121,3
     34,1745	   0,0518773	117,0	   0,0552805	121,5
     34,1764	   0,0519255	116,6	   0,0556558	121,8
     34,1784	    0,052158	117,3	   0,0556763	122,2
     34,1804	   0,0524213	117,1	   0,0559354	123,0
     34,1823	   0,0523631	117,4	   0,0562246	121,8
     34,1843	   0,0526687	117,9	   0,0561701	122,8
     34,1862	   0,0526747	116,6	   0,0565034	123,3
     34,1882	   0,0529519	116,7	   0,0566806	123,1
     34,1901	   0,0530859	117,1	   0,0569315	123,0
     34,1921	   0,0534168	117,2	   0,0569122	123,3
      34,194	   0,0535936	117,5	   0,0572265	123,6
      34,196	   0,0535733	117,8	   0,0573743	124,1
     34,1979	   0,0539043	117,8	   0,0577131	124,7
     34,1999	   0,0539834	119,2	   0,0578102	123,8
     34,2019	   0,0541833	119,7	   0,0578028	124,0
     34,2038	   0,0544424	119,5	   0,0581561	124,7
     34,2058	   0,0546008	119,0	   0,0581302	125,6
     34,2077	   0,0547008	120,3	   0,0584604	126,3
     34,2097	   0,0548756	120,2	    0,058624	125,4
     34,2116	   0,0551017	120,6	   0,0586904	125,2
     34,2136	   0,0552727	120,0	   0,0588061	125,7
     34,2155	   0,0555202	119,9	   0,0591411	125,8
     34,2175	   0,0555271	120,9	   0,0592482	126,8
     34,2195	   0,0555252	121,5	   0,0592672	126,4
     34,2214	   0,0560375	121,6	   0,0596508	126,5
     34,2234	   0,0561434	120,5	   0,0598329	128,0
     34,2253	   0,0562498	120,5	    0,059768	128,2
     34,2273	   0,0564101	121,2	   0,0601525	127,6
     34,2292	   0,0565514	122,3	   0,0601186	127,2
     34,2312	   0,0568693	122,1	   0,0602544	127,8
     34,2331	   0,0569992	121,8	   0,0603906	129,0
     34,2351	   0,0570362	122,3	   0,0604233	128,1
      34,237	   0,0574068	122,9	   0,0607036	128,6
      34,239	    0,057498	123,4	   0,0607986	128,3
      34,241	   0,0576108	123,2	   0,0608897	129,8
     34,2429	   0,0578516	123,2	   0,0610847	129,4
     34,2449	   0,0580123	124,9	   0,0612997	129,4
     34,2468	   0,0583308	124,2	    0,061417	129,6
     34,2488	   0,0583966	123,6	   0,0614519	131,1
     34,2507	   0,0587507	123,2	   0,0618354	131,7
     34,2527	   0,0588482	125,0	   0,0618382	130,8
     34,2546	   0,0589335	124,9	   0,0619691	131,6
     34,2566	   0,0592749	125,2	   0,0622883	132,0
     34,2586	   0,0592785	125,1	   0,0623079	132,1
     34,2605	   0,0594338	126,1	    0,062565	132,6
     34,2625	   0,0597065	126,2	   0,0627029	131,9
     34,2644	   0,0598809	126,7	   0,0627792	132,5
     34,2664	   0,0599276	126,9	   0,0629419	133,4
     34,2683	   0,0601416	126,3	   0,0631196	133,3
     34,2703	    0,060338	127,5	     0,06329	132,8
     34,2722	   0,0606285	127,7	   0,0633909	134,0
     34,2742	   0,0608844	126,9	   0,0635933	133,9
     34,2761	   0,0612002	127,2	   0,0636275	134,5
     34,2781	   0,0612156	127,9	   0,0638879	133,4
     34,2801	   0,0613142	127,2	   0,0640263	134,7
      34,282	   0,0616977	127,7	   0,0640364	135,4
      34,284	   0,0617528	128,5	   0,0644002	135,2
     34,2859	   0,0619059	129,5	   0,0644767	134,8
     34,2879	   0,0619506	128,6	   0,0643797	135,7
     34,2898	   0,0621927	129,0	   0,0647497	136,4
     34,2918	   0,0624221	130,0	   0,0647138	136,4
     34,2937	   0,0626776	130,4	   0,0648422	135,8
     34,2957	   0,0627296	131,1	   0,0652294	136,6
     34,2977	   0,0627232	130,6	   0,0652833	136,7
     34,2996	   0,0631263	131,5	   0,0653134	137,6
     34,3016	   0,0631217	131,2	    0,065607	137,0
     34,3035	   0,0635369	130,6	   0,0654889	137,7
     34,3055	   0,0636546	131,4	   0,0658259	138,5
     34,3074	   0,0637054	132,7	   0,0656909	138,7
     34,3094	   0,0640567	132,1	     0,06603	139,3
     34,3113	   0,0640399	131,7	   0,0662757	139,2
     34,3133	   0,0642992	132,6	   0,0661799	139,6
     34,3153	   0,0643597	133,0	    0,066377	140,2
     34,3172	   0,0645167	132,5	   0,0666422	140,2
     34,3192	   0,0648604	133,1	   0,0665997	140,5
     34,3211	   0,0650842	134,3	   0,0667732	141,0
     34,3231	   0,0651215	135,2	   0,0668441	141,1
      34,325	   0,0653415	135,1	   0,0668602	141,1
      34,327	   0,0655282	135,0	   0,0671787	141,7
     34,3289	    0,065616	135,8	   0,0672147	141,2
     34,3309	   0,0658522	136,4	   0,0673208	141,3
     34,3328	    0,066253	135,3	   0,0675917	142,5
     34,3348	   0,0660685	136,8	   0,0677246	143,0
     34,3368	   0,0663235	137,1	   0,0676718	141,7
     34,3387	     0,06645	136,6	   0,0680493	143,3
     34,3407	   0,0667324	136,6	   0,0680119	144,3
     34,3426	   0,0668504	137,6	   0,0683001	143,9
     34,3446	   0,0669258	137,5	   0,0680169	144,2
     34,3465	   0,0669037	137,3	   0,0681283	145,3
     34,3485	   0,0672667	138,6	   0,0684864	144,8
     34,3504	   0,0675036	138,3	   0,0684814	145,2
     34,3524	   0,0673069	138,2	   0,0686705	145,3
     34,3544	   0,0677223	139,0	   0,0687725	145,8
     34,3563	   0,0677143	139,9	   0,0686845	145,3
     34,3583	   0,0678529	139,2	   0,0690231	146,1
     34,3602	   0,0681518	140,1	   0,0687728	145,5
     34,3622	   0,0682284	141,4	   0,0690937	146,9
     34,3641	   0,0683044	141,6	   0,0692627	146,7
     34,3661	   0,0683632	142,1	   0,0691085	146,8
      34,368	   0,0686601	142,1	    0,069139	148,1
       34,37	    0,068761	143,1	   0,0693371	147,1
     34,3719	   0,0687751	143,1	   0,0693246	148,0
     34,3739	   0,0690615	143,5	   0,0696368	147,6
     34,3759	   0,0688932	143,9	    0,069544	148,4
     34,3778	    0,069182	144,3	   0,0697053	149,0
     34,3798	   0,0694005	144,5	   0,0699631	148,7
     34,3817	   0,0693072	144,9	   0,0699549	150,0
     34,3837	   0,0695145	144,8	   0,0697549	150,3
     34,3856	   0,0694777	144,2	   0,0699874	150,1
     34,3876	   0,0696968	144,9	   0,0698802	149,8
     34,3895	   0,0698169	145,8	   0,0701291	150,3
     34,3915	   0,0700553	145,6	   0,0700137	150,3
     34,3935	   0,0698395	146,0	   0,0700979	150,8
     34,3954	   0,0700388	146,3	   0,0701869	151,4
     34,3974	   0,0702958	146,2	   0,0700922	151,6
     34,3993	   0,0702931	146,9	   0,0702458	152,0
     34,4013	   0,0704935	147,6	   0,0700338	153,5
     34,4032	   0,0705515	147,7	   0,0705116	153,3
     34,4052	   0,0705532	147,9	   0,0703807	153,3
     34,4071	   0,0706444	149,5	   0,0705187	154,3
     34,4091	    0,070566	149,6	   0,0703334	153,6
      34,411	    0,070708	148,9	   0,0705769	154,1
      34,413	   0,0706991	149,9	   0,0704844	153,4
      34,415	   0,0707584	150,7	   0,0707622	155,3
     34,4169	   0,0710427	150,4	   0,0705422	155,6
     34,4189	   0,0708215	151,9	    0,070674	156,2
     34,4208	   0,0710327	152,1	   0,0707766	156,3
     34,4228	   0,0708163	151,7	   0,0707885	156,3
     34,4247	   0,0710482	152,6	   0,0706346	155,6
     34,4267	   0,0712107	152,7	   0,0706265	156,9
     34,4286	   0,0712446	153,2	   0,0708868	156,6
     34,4306	   0,0713157	152,7	   0,0706105	156,1
     34,4326	   0,0712077	152,6	   0,0708088	156,7
     34,4345	   0,0714169	153,1	   0,0707708	156,9
     34,4365	   0,0713574	154,3	   0,0706804	157,5
     34,4384	   0,0713534	155,1	   0,0707416	157,8
     34,4404	    0,071404	155,1	   0,0707923	159,6
     34,4423	   0,0715352	155,6	   0,0710113	159,2
     34,4443	   0,0713936	155,7	     0,07067	159,8
     34,4462	   0,0716572	155,9	   0,0709626	159,5
     34,4482	   0,0713565	155,8	    0,070909	159,2
     34,4501	   0,0715495	156,1	   0,0708138	159,8
     34,4521	    0,071456	156,0	   0,0706859	159,7
     34,4541	   0,0716089	155,8	   0,0708265	159,8
      34,456	   0,0716099	157,0	   0,0706051	161,3
      34,458	   0,0717646	156,6	   0,0707011	161,6
     34,4599	   0,0716779	158,9	   0,0707733	161,2
     34,4619	   0,0718578	158,9	   0,0709306	162,5
     34,4638	   0,0716007	158,2	   0,0705988	162,1
     34,4658	   0,0717127	158,0	   0,0708253	162,0
     34,4677	   0,0715014	159,4	   0,0705038	162,2
     34,4697	   0,0717237	158,8	    0,070568	162,9
     34,4717	   0,0715647	160,6	    0,070719	162,2
     34,4736	   0,0716755	161,1	   0,0706017	163,5
     34,4756	   0,0715418	161,0	   0,0705805	164,5
     34,4775	   0,0717229	161,8	   0,0704376	164,2
     34,4795	   0,0715505	161,1	    0,070588	164,9
     34,4814	   0,0716085	161,3	   0,0704004	164,5
     34,4834	   0,0714931	161,2	    0,070333	164,2
     34,4853	   0,0715954	163,0	   0,0704779	165,3
     34,4873	   0,0714007	163,0	   0,0704343	164,7
     34,4892	   0,0716721	163,1	   0,0703265	165,4
     34,4912	   0,0715302	163,9	   0,0704547	166,6
     34,4932	   0,0714636	163,9	   0,0703094	165,5
     34,4951	   0,0715285	164,2	   0,0701786	167,3
     34,4971	   0,0714986	164,0	   0,0700764	167,8
      34,499	   0,0714329	163,7	   0,0702118	167,7
      34,501	   0,0714506	165,1	   0,0700021	167,8
     34,5029	   0,0711889	165,0	    0,069934	168,2
     34,5049	   0,0713345	166,3	   0,0699277	167,2
     34,5068	    0,071105	165,6	   0,0699865	168,7
     34,5088	   0,0713028	165,4	   0,0698201	168,8
     34,5108	    0,071058	165,9	   0,0697872	169,1
     34,5127	   0,0710684	165,8	   0,0697772	169,6
     34,5147	    0,070949	166,7	   0,0696296	169,7
     34,5166	   0,0711235	167,9	   0,0696073	169,3
     34,5186	    0,070996	167,0	   0,0694104	169,9
     34,5205	   0,0707161	167,1	   0,0695393	169,4
     34,5225	   0,0708831	168,4	   0,0693394	170,3
     34,5244	   0,0707015	167,6	   0,0693585	171,0
     34,5264	    0,070709	168,8	   0,0691621	171,2
     34,5283	   0,0704941	169,0	   0,0691971	171,8
     34,5303	    0,070586	168,6	   0,0691185	171,8
     34,5323	   0,0703993	169,4	   0,0690535	170,5
     34,5342	   0,0706058	168,9	   0,0689288	171,9
     34,5362	   0,0704359	169,2	   0,0691198	171,7
     34,5381	   0,0703758	171,6	   0,0688692	172,9
     34,5401	   0,0703131	170,4	   0,0687248	173,4
      34,542	   0,0703072	171,6	   0,0686846	173,6
      34,544	   0,0700332	171,1	   0,0688431	173,7
     34,5459	   0,0702098	170,9	   0,0684626	173,5
     34,5479	   0,0698294	170,8	   0,0687812	173,4
     34,5499	   0,0700201	171,2	   0,0683964	173,9
     34,5518	   0,0698235	172,2	   0,0684201	173,5
     34,5538	   0,0697469	173,1	   0,0681133	174,8
     34,5557	   0,0698136	172,1	   0,0682168	175,6
     34,5577	   0,0697608	173,4	   0,0679539	175,7
     34,5596	    0,069448	172,5	   0,0681802	176,3
     34,5616	   0,0693375	173,2	   0,0679274	176,0
     34,5635	   0,0693086	174,8	   0,0679814	175,8
     34,5655	   0,0692252	174,0	   0,0676696	175,6
     34,5674	    0,069298	175,1	   0,0677997	175,9
     34,5694	   0,0690527	173,6	   0,0675604	176,8
     34,5714	   0,0690656	175,3	   0,0677223	177,3
     34,5733	   0,0690258	175,5	   0,0673893	177,3
     34,5753	    0,068977	175,6	   0,0673599	177,4
     34,5772	   0,0686678	176,2	   0,0670801	176,9
     34,5792	   0,0687167	176,0	    0,067166	177,0
     34,5811	   0,0685188	176,3	   0,0668741	178,1
     34,5831	   0,0686256	176,4	   0,0667999	178,7
      34,585	   0,0682927	176,0	   0,0668508	179,2
      34,587	   0,0684818	176,4	   0,0669244	178,6
      34,589	   0,0681772	176,9	   0,0667089	177,9
     34,5909	   0,0681855	178,4	   0,0664527	178,8
     34,5929	   0,0680906	177,5	   0,0663479	178,8
     34,5948	   0,0679822	178,5	   0,0664991	179,6
     34,5968	   0,0677103	178,1	   0,0662721	180,7
     34,5987	   0,0676672	177,9	   0,0663133	180,6
     34,6007	   0,0676493	178,9	   0,0661089	181,1
     34,6026	   0,0674934	178,4	   0,0662688	180,8
     34,6046	   0,0672771	179,7	   0,0658188	181,1
     34,6065	   0,0673074	180,6	   0,0660068	180,3
     34,6085	   0,0671182	179,9	    0,065714	180,3
     34,6105	   0,0671211	180,7	   0,0655087	180,9
     34,6124	   0,0669543	180,7	    0,065614	181,0
     34,6144	   0,0667613	181,3	   0,0653482	181,1
     34,6163	   0,0666102	180,1	    0,065254	182,6
     34,6183	   0,0666273	181,5	   0,0650824	182,2
     34,6202	   0,0665716	181,9	   0,0651019	183,4
     34,6222	   0,0664893	181,8	   0,0649035	181,8
     34,6241	   0,0662281	181,9	   0,0647139	182,6
     34,6261	   0,0661109	181,7	   0,0647508	183,4
     34,6281	   0,0659521	182,5	   0,0645207	183,6
       34,63	    0,065998	181,9	   0,0645589	184,3
      34,632	   0,0657678	182,5	   0,0644024	183,0
     34,6339	   0,0655888	183,9	   0,0641976	183,5
     34,6359	   0,0654676	183,6	   0,0641696	184,1
     34,6378	   0,0653285	183,6	   0,0640476	184,7
     34,6398	   0,0654219	183,0	   0,0639341	184,7
     34,6417	   0,0653037	184,2	   0,0635728	183,6
     34,6437	   0,0650958	182,5	    0,063612	185,3
     34,6456	   0,0649876	184,6	    0,063327	185,1
     34,6476	   0,0648589	185,4	   0,0630554	185,1
     34,6496	   0,0647205	186,0	     0,06271	184,0
     34,6515	   0,0645952	185,0	   0,0625503	183,9
     34,6535	   0,0644162	184,5	   0,0626132	184,9
     34,6554	   0,0642523	186,3	   0,0622879	185,2
     34,6574	   0,0640904	185,9	   0,0625617	186,0
     34,6593	     0,06401	186,4	   0,0624244	184,6
     34,6613	   0,0640872	185,5	   0,0620076	185,5
     34,6632	   0,0636869	186,3	   0,0620628	186,4
     34,6652	   0,0636814	185,6	   0,0617681	186,3
     34,6672	    0,063448	187,3	   0,0619715	186,0
     34,6691	   0,0633174	186,0	   0,0617914	185,4
     34,6711	   0,0634789	187,1	   0,0614668	186,6
      34,673	   0,0630414	187,9	   0,0613615	186,6
      34,675	   0,0631851	187,7	   0,0613478	187,2
     34,6769	   0,0628767	187,7	   0,0612689	187,4
     34,6789	   0,0627606	187,5	   0,0610223	186,4
     34,6808	   0,0627564	187,3	   0,0610238	186,9
     34,6828	   0,0626257	187,9	   0,0608015	187,2
     34,6847	   0,0626372	189,0	   0,0607702	188,8
     34,6867	    0,062309	189,8	    0,060676	187,2
     34,6887	   0,0622482	188,7	   0,0603444	189,0
     34,6906	   0,0619467	188,8	   0,0604144	188,3
     34,6926	   0,0619273	188,8	   0,0601263	189,0
     34,6945	   0,0616637	189,4	   0,0600724	187,8
     34,6965	   0,0617527	190,5	   0,0597356	189,0
     34,6984	    0,061542	190,0	   0,0599927	188,6
     34,7004	   0,0613587	189,8	   0,0595762	189,3
     34,7023	   0,0614022	189,9	   0,0596012	190,3
     34,7043	   0,0611532	190,4	   0,0593327	189,7
     34,7063	   0,0610916	191,3	   0,0593835	190,8
     34,7082	   0,0606803	191,3	   0,0593396	189,9
     34,7102	   0,0606147	190,5	   0,0593533	190,6
     34,7121	   0,0606345	192,7	   0,0589748	190,2
     34,7141	   0,0602836	192,5	   0,0588604	191,3
      34,716	   0,0603768	192,6	   0,0588739	191,2
      34,718	   0,0600961	191,2	     0,05869	190,7
     34,7199	    0,059948	192,7	   0,0586315	191,0
     34,7219	   0,0598205	192,8	   0,0583748	191,6
     34,7239	   0,0597112	192,2	   0,0583771	192,4
     34,7258	    0,059684	192,0	   0,0582774	191,6
     34,7278	   0,0595451	193,0	   0,0580909	192,1
     34,7297	   0,0593582	193,0	   0,0579986	192,0
     34,7317	   0,0591587	192,9	   0,0577956	193,5
     34,7336	   0,0591482	192,8	   0,0578127	193,1
     34,7356	   0,0587628	194,5	   0,0574139	193,7
     34,7375	   0,0588554	193,8	   0,0574587	192,6
     34,7395	    0,058806	194,0	   0,0574005	193,4
     34,7414	    0,058467	193,9	   0,0570876	194,3
     34,7434	   0,0584744	195,2	   0,0571349	194,4
     34,7454	   0,0581495	194,8	   0,0568679	193,5
     34,7473	   0,0580613	194,8	   0,0564373	193,1
     34,7493	    0,057928	196,2	   0,0560607	195,4
     34,7512	   0,0576912	195,9	   0,0558518	195,7
     34,7532	   0,0575697	195,1	   0,0566504	197,4
     34,7551	   0,0575746	195,0	   0,0565423	195,4
     34,7571	   0,0574065	196,1	   0,0563057	196,0
      34,759	   0,0574348	196,9	   0,0560418	196,1
      34,761	    0,057121	196,3	   0,0561689	196,2
      34,763	   0,0568673	195,7	   0,0560117	196,3
     34,7649	   0,0568863	197,9	   0,0557205	195,6
     34,7669	   0,0566107	195,7	   0,0558152	196,4
     34,7688	   0,0566161	196,9	   0,0556524	197,8
     34,7708	   0,0564409	195,7	   0,0553835	195,9
     34,7727	     0,05626	197,7	   0,0553828	197,1
     34,7747	   0,0563198	198,1	   0,0551801	198,3
     34,7766	   0,0559414	198,0	   0,0551113	198,2
     34,7786	   0,0560298	197,3	   0,0549488	197,6
     34,7805	   0,0557928	199,3	    0,054787	198,1
     34,7825	   0,0555503	197,7	   0,0548622	198,8
     34,7845	   0,0555696	198,9	   0,0545108	199,2
     34,7864	    0,055301	197,4	    0,054334	197,3
     34,7884	   0,0551819	199,4	   0,0544857	198,7
     34,7903	   0,0549821	198,4	   0,0541177	199,3
     34,7923	   0,0547133	198,4	   0,0539742	199,6
     34,7942	   0,0546218	198,8	   0,0536846	198,1
     34,7962	   0,0546451	199,6	   0,0537863	-159,7
     34,7981	   0,0546115	198,9	   0,0536139	-161,0
     34,8001	   0,0542845	-159,7	   0,0535226	-160,7
     34,8021	   0,0540623	-161,1	   0,0533576	-159,7
      34,804	   0,0539966	-160,4	    0,053225	-159,1
      34,806	   0,0537733	-160,3	   0,0530562	-159,1
     34,8079	   0,0537248	-159,0	   0,0528287	-160,6
     34,8099	   0,0537453	-159,8	   0,0528156	-158,8
     34,8118	   0,0534564	-159,7	   0,0525821	-158,7
     34,8138	   0,0535384	-159,2	   0,0524758	-159,5
     34,8157	   0,0531394	-159,9	   0,0523894	-159,3
     34,8177	   0,0531037	-158,6	   0,0522159	-158,7
     34,8196	   0,0529657	-159,1	   0,0522512	-157,8
     34,8216	    0,052616	-159,1	   0,0519081	-157,9
     34,8236	   0,0526393	-159,6	   0,0518219	-158,9
     34,8255	   0,0525236	-157,9	   0,0518955	-157,4
     34,8275	   0,0525574	-157,7	   0,0515239	-157,7
     34,8294	   0,0522726	-157,6	   0,0515366	-158,1
     34,8314	   0,0522704	-158,1	   0,0513628	-158,3
     34,8333	   0,0520344	-157,6	   0,0510754	-156,7
     34,8353	   0,0518759	-157,6	   0,0511824	-156,4
     34,8372	   0,0517968	-156,6	   0,0508913	-157,0
     34,8392	   0,0517107	-158,3	   0,0509776	-158,3
     34,8412	   0,0515288	-156,7	   0,0506902	-157,6
     34,8431	   0,0513463	-157,1	   0,0505895	-156,5
     34,8451	   0,0511742	-157,0	   0,0504356	-156,4
      34,847	   0,0511052	-156,9	   0,0501433	-156,4
      34,849	   0,0510148	-155,6	   0,0501916	-156,3
     34,8509	   0,0508469	-155,9	   0,0501957	-155,0
     34,8529	   0,0509776	-156,5	   0,0498008	-156,3
     34,8548	   0,0507222	-156,7	   0,0498623	-156,9
     34,8568	   0,0506215	-156,9	   0,0496233	-155,7
     34,8587	   0,0505119	-155,5	   0,0494846	-155,3
     34,8607	   0,0503365	-156,4	   0,0494797	-156,0
     34,8627	   0,0499733	-154,6	   0,0492264	-154,8
     34,8646	   0,0500179	-155,5	   0,0491221	-154,9
     34,8666	   0,0498085	-155,3	   0,0491213	-155,3
     34,8685	   0,0497765	-155,8	   0,0488507	-155,8
     34,8705	   0,0497845	-153,9	   0,0487555	-154,0
     34,8724	   0,0494442	-154,0	    0,048717	-155,2
     34,8744	    0,049483	-154,4	   0,0483852	-155,1
     34,8763	   0,0493227	-155,1	   0,0483504	-155,1
     34,8783	   0,0490393	-154,1	    0,048348	-152,7
     34,8803	   0,0491457	-153,7	   0,0483151	-154,9
     34,8822	   0,0488948	-155,2	   0,0481349	-154,5
     34,8842	   0,0486567	-154,1	   0,0481816	-153,2
     34,8861	   0,0485297	-153,2	   0,0478832	-153,8
     34,8881	   0,0484094	-153,7	   0,0477579	-153,9
       34,89	   0,0483267	-154,4	   0,0476528	-153,8
      34,892	   0,0482784	-152,4	   0,0475415	-153,4
     34,8939	   0,0481619	-154,1	   0,0473966	-153,0
     34,8959	   0,0480796	-153,7	    0,047361	-152,7
     34,8979	    0,048089	-152,7	   0,0473905	-153,9
     34,8998	   0,0476922	-153,1	   0,0473574	-152,1
     34,9018	   0,0475144	-153,9	   0,0470634	-152,0
     34,9037	   0,0475642	-153,9	   0,0469061	-152,5
     34,9057	   0,0474807	-152,3	   0,0468933	-153,1
     34,9076	   0,0472274	-153,3	   0,0466131	-152,5
     34,9096	   0,0472968	-152,4	   0,0466869	-152,4
     34,9115	   0,0472622	-152,0	   0,0464162	-153,1
     34,9135	   0,0467699	-153,1	   0,0462975	-152,5
     34,9154	   0,0467344	-152,1	   0,0463886	-152,6
     34,9174	   0,0467448	-151,7	    0,046091	-152,6
     34,9194	   0,0465711	-152,9	   0,0460411	-152,2
     34,9213	   0,0464662	-152,6	   0,0460115	-150,5
     34,9233	   0,0462478	-152,8	   0,0459267	-151,7
     34,9252	    0,046265	-151,5	   0,0458634	-150,5
     34,9272	   0,0461522	-151,3	   0,0456603	-151,4
     34,9291	   0,0459419	-151,9	   0,0456811	-152,1
     34,9311	   0,0458211	-150,8	    0,045381	-150,1
      34,933	   0,0456337	-151,9	   0,0452056	-151,8
      34,935	    0,045567	-150,1	   0,0450322	-150,2
      34,937	   0,0454569	-150,4	   0,0451532	-149,7
     34,9389	   0,0452321	-151,6	   0,0448151	-151,6
     34,9409	    0,045287	-150,2	   0,0446366	-150,8
     34,9428	   0,0453586	-150,6	   0,0446659	-150,9
     34,9448	   0,0451806	-149,8	   0,0447597	-150,7
     34,9467	   0,0448658	-149,6	   0,0444354	-151,1
     34,9487	   0,0449176	-150,3	   0,0444908	-149,6
     34,9506	   0,0447744	-150,6	   0,0443128	-150,5
     34,9526	   0,0446185	-150,2	   0,0440494	-149,2
     34,9545	   0,0444147	-150,3	   0,0440117	-149,3
     34,9565	    0,044337	-149,1	   0,0440371	-150,5
     34,9585	   0,0444011	-149,7	   0,0437777	-148,8
     34,9604	   0,0439711	-150,6	   0,0435919	-150,5
     34,9624	   0,0438906	-148,5	   0,0434942	-148,4
     34,9643	   0,0439888	-149,3	   0,0434955	-148,4
     34,9663	   0,0438478	-149,9	   0,0431838	-149,9
     34,9682	   0,0435701	-148,8	   0,0431685	-148,9
     34,9702	   0,0435121	-149,4	   0,0429997	-149,7
     34,9721	   0,0434864	-147,5	   0,0429486	-148,7
     34,9741	   0,0432394	-149,0	   0,0428496	-148,3
     34,9761	   0,0431588	-150,0	   0,0427161	-149,1
      34,978	    0,043092	-147,9	    0,042693	-148,6
       34,98	   0,0430669	-148,3	   0,0426072	-149,1
     34,9819	   0,0429175	-148,2	   0,0425692	-147,9
     34,9839	   0,0426481	-147,5	   0,0423418	-148,3
     34,9858	   0,0427757	-148,4	   0,0421945	-149,1
     34,9878	   0,0426497	-147,6	   0,0421447	-148,3
     34,9897	   0,0422848	-148,4	   0,0420626	-148,0
     34,9917	    0,042206	-148,6	   0,0418588	-148,0
     34,9936	   0,0423088	-148,0	   0,0418467	-148,4
     34,9956	   0,0420605	-147,2	   0,0417425	-146,3
     34,9976	   0,0417286	-148,9	   0,0413833	-148,0
     34,9995	   0,0418244	-148,2	   0,0413637	-146,7
     35,0015	   0,0417537	-146,8	   0,0413586	-146,0
     35,0034	   0,0415626	-148,3	   0,0411233	-147,9
     35,0054	   0,0417132	-147,5	   0,0409503	-146,5
     35,0073	   0,0414313	-146,5	   0,0408165	-148,0
     35,0093	   0,0412585	-147,9	   0,0407371	-146,8
     35,0112	   0,0412137	-146,2	   0,0407408	-145,8
     35,0132	   0,0409637	-147,5	   0,0406179	-147,5
     35,0152	   0,0409715	-147,9	   0,0406695	-146,7
     35,0171	   0,0408401	-146,1	   0,0403844	-147,1
     35,0191	   0,0406389	-147,3	   0,0403423	-146,4
      35,021	   0,0405216	-145,5	   0,0403778	-147,2
      35,023	   0,0405948	-145,3	   0,0401029	-147,6
     35,0249	   0,0403089	-147,1	   0,0398936	-145,8
     35,0269	   0,0402392	-145,4	   0,0399381	-146,8
     35,0288	   0,0402667	-146,0	   0,0400049	-145,1
     35,0308	   0,0399943	-146,3	   0,0397588	-146,3
     35,0327	   0,0399718	-146,3	    0,039669	-146,7
     35,0347	   0,0398592	-146,3	   0,0395564	-145,1
     35,0367	   0,0396543	-144,8	   0,0396071	-146,4
     35,0386	    0,039666	-146,0	   0,0393351	-144,3
     35,0406	   0,0397108	-144,1	    0,039177	-145,2
     35,0425	   0,0393424	-144,4	   0,0392089	-146,1
     35,0445	   0,0393194	-146,1	   0,0389482	-144,5
     35,0464	   0,0393139	-144,2	   0,0389368	-144,7
     35,0484	   0,0389554	-144,6	   0,0390255	-145,5
     35,0503	   0,0388933	-146,0	   0,0388962	-144,1
     35,0523	   0,0388814	-143,6	    0,038444	-144,9
     35,0543	   0,0388539	-145,5	   0,0382837	-144,5
     35,0562	   0,0386251	-146,3	   0,0384225	-144,9
     35,0582	   0,0385932	-143,7	   0,0382365	-144,6
     35,0601	   0,0383831	-145,3	   0,0384205	-144,3
     35,0621	   0,0384808	-143,6	   0,0384061	-144,8
      35,064	   0,0381985	-143,6	    0,044768	-147,7
      35,066	   0,0381841	-145,0	   0,0378938	-145,4
     35,0679	    0,038214	-143,0	   0,0379003	-144,9
     35,0699	   0,0380786	-143,6	   0,0376977	-143,6
     35,0718	   0,0377702	-145,1	   0,0377694	-143,9
     35,0738	    0,037653	-143,2	   0,0375309	-144,4
     35,0758	   0,0378241	-144,0	   0,0374575	-143,1
     35,0777	   0,0375851	-145,1	   0,0371579	-145,5
     35,0797	   0,0374506	-142,9	   0,0373536	-144,7
     35,0816	   0,0374692	-143,9	   0,0370801	-142,5
     35,0836	   0,0371753	-144,9	   0,0370112	-144,2
     35,0855	    0,037231	-143,0	   0,0368706	-143,1
     35,0875	   0,0369206	-144,2	   0,0366707	-143,4
     35,0894	   0,0367749	-143,1	    0,036708	-143,5
     35,0914	   0,0369333	-143,8	   0,0367479	-143,0
     35,0934	    0,036669	-143,9	   0,0365914	-142,9
     35,0953	   0,0365911	-143,2	   0,0362845	-143,3
     35,0973	   0,0364772	-143,3	   0,0363971	-142,3
     35,0992	    0,036538	-141,9	   0,0362508	-143,0
     35,1012	   0,0363736	-143,5	   0,0360806	-142,8
     35,1031	   0,0363195	-142,6	   0,0360914	-144,0
     35,1051	   0,0362333	-143,9	   0,0360749	-142,6
      35,107	   0,0360913	-142,1	   0,0357285	-142,4
      35,109	   0,0357766	-143,7	   0,0356609	-143,6
     35,1109	    0,035841	-141,6	    0,035773	-142,8
     35,1129	   0,0359241	-142,2	   0,0356287	-142,1
     35,1149	    0,035718	-143,0	   0,0354832	-141,6
     35,1168	   0,0355861	-142,2	   0,0353523	-142,9
     35,1188	   0,0356664	-142,0	   0,0352187	-142,4
     35,1207	   0,0353877	-140,5	   0,0354301	-141,0
     35,1227	   0,0354406	-143,0	   0,0352382	-142,3
     35,1246	   0,0353871	-141,0	   0,0351099	-141,2
     35,1266	   0,0351538	-142,7	   0,0350113	-142,4
     35,1285	   0,0350477	-142,3	   0,0350703	-142,4
     35,1305	   0,0349394	-140,5	   0,0348532	-140,8
     35,1325	   0,0349551	-142,9	   0,0346638	-142,5
     35,1344	   0,0347213	-141,3	   0,0344834	-141,4
     35,1364	   0,0346568	-141,5	   0,0346342	-140,5
     35,1383	    0,034427	-140,6	    0,034591	-141,9
     35,1403	   0,0343562	-141,6	   0,0344679	-140,9
     35,1422	   0,0344652	-140,5	   0,0342857	-142,1
     35,1442	   0,0341423	-140,8	   0,0341706	-141,3
     35,1461	   0,0341492	-142,1	    0,034018	-142,2
     35,1481	   0,0340893	-141,6	   0,0339815	-140,2
       35,15	   0,0339113	-141,2	   0,0340633	-141,4
      35,152	   0,0339543	-140,3	   0,0338679	-140,0
      35,154	   0,0339579	-140,6	   0,0336369	-141,3
     35,1559	   0,0336847	-140,4	    0,033637	-140,9
     35,1579	   0,0336331	-142,3	   0,0334882	-142,2
     35,1598	   0,0334502	-139,6	    0,033446	-140,5
     35,1618	   0,0334991	-141,7	   0,0335088	-141,1
     35,1637	   0,0333596	-139,8	   0,0334083	-140,0
     35,1657	   0,0334303	-140,4	   0,0332411	-141,0
     35,1676	   0,0331581	-141,2	    0,033124	-141,0
     35,1696	    0,033059	-140,5	   0,0329916	-140,9
     35,1716	   0,0329381	-140,0	   0,0328472	-139,5
     35,1735	   0,0330086	-139,5	   0,0327862	-141,5
     35,1755	   0,0329279	-139,9	   0,0329509	-139,6
     35,1774	   0,0328583	-139,1	    0,032795	-139,1
     35,1794	   0,0327073	-140,5	   0,0326119	-140,3
     35,1813	   0,0323837	-139,7	   0,0323978	-139,3
     35,1833	   0,0323501	-141,0	   0,0323411	-141,1
     35,1852	   0,0324849	-138,6	   0,0323381	-140,0
     35,1872	   0,0324398	-140,3	   0,0322056	-140,3
     35,1891	   0,0322769	-138,6	     0,03227	-139,0
     35,1911	   0,0321765	-140,7	   0,0321335	-139,9
     35,1931	   0,0323249	-139,0	   0,0318413	-139,0
      35,195	   0,0319406	-140,9	   0,0316672	-140,4
      35,197	   0,0319589	-138,9	   0,0316339	-140,0
     35,1989	   0,0317655	-140,2	     0,03185	-140,1
     35,2009	   0,0319404	-139,0	   0,0317211	-138,8
     35,2028	   0,0319279	-139,8	   0,0315053	-139,5
     35,2048	     0,03164	-139,2	   0,0314238	-140,5
     35,2067	   0,0316004	-140,1	   0,0313276	-138,8
     35,2087	   0,0315566	-139,6	   0,0311795	-139,5
     35,2107	   0,0313185	-139,2	   0,0312651	-138,6
     35,2126	   0,0313489	-139,1	   0,0311344	-138,7
     35,2146	   0,0312977	-138,4	   0,0311437	-139,7
     35,2165	   0,0312157	-137,8	   0,0308252	-139,9
     35,2185	   0,0310371	-139,2	   0,0307329	-139,0
     35,2204	   0,0309795	-139,1	   0,0307029	-140,0
     35,2224	   0,0306832	-139,7	   0,0306313	-138,9
     35,2243	   0,0307555	-138,4	   0,0307494	-138,9
     35,2263	   0,0306466	-139,3	   0,0305569	-137,4
     35,2282	   0,0305288	-137,4	   0,0304252	-139,1
     35,2302	   0,0304954	-138,0	   0,0303582	-137,9
     35,2322	   0,0304314	-138,6	   0,0301532	-139,2
     35,2341	   0,0302847	-138,8	   0,0300844	-139,0
     35,2361	   0,0301959	-137,7	    0,030056	-138,1
      35,238	   0,0301125	-139,7	   0,0301554	-137,5
       35,24	   0,0300503	-138,0	   0,0300613	-139,3
     35,2419	   0,0300309	-137,3	   0,0299263	-137,4
     35,2439	   0,0300315	-137,4	   0,0296839	-137,9
     35,2458	   0,0299585	-138,5	   0,0295113	-137,7
     35,2478	   0,0299375	-136,7	   0,0295234	-138,7
     35,2498	    0,029634	-137,4	   0,0295854	-137,2
     35,2517	   0,0294669	-138,3	   0,0295211	-138,4
     35,2537	   0,0294816	-138,1	   0,0294312	-138,7
     35,2556	   0,0293437	-137,2	   0,0292143	-137,9
     35,2576	   0,0293266	-138,5	   0,0293814	-137,8
     35,2595	   0,0293727	-138,6	   0,0291795	-137,4
     35,2615	   0,0291932	-137,7	   0,0289951	-138,3
     35,2634	   0,0291591	-138,5	   0,0289717	-136,8
     35,2654	    0,029208	-137,0	   0,0289581	-137,2
     35,2673	   0,0290674	-137,6	     0,02896	-138,0
     35,2693	   0,0289108	-137,5	   0,0288597	-136,3
     35,2713	   0,0288608	-136,6	    0,028574	-137,9
     35,2732	   0,0288573	-137,8	   0,0286604	-138,0
     35,2752	   0,0287192	-138,1	   0,0284473	-138,7
     35,2771	   0,0285701	-136,7	    0,028552	-136,7
     35,2791	   0,0284393	-137,8	    0,028411	-136,3
      35,281	   0,0286219	-137,8	   0,0282238	-138,3
      35,283	   0,0283808	-137,1	   0,0281435	-136,7
     35,2849	   0,0284514	-136,3	   0,0282803	-137,1
     35,2869	   0,0282661	-137,6	   0,0282601	-136,8
     35,2889	   0,0281004	-137,6	   0,0280361	-137,3
     35,2908	   0,0281059	-136,6	   0,0280036	-136,2
     35,2928	   0,0280798	-136,8	   0,0280855	-136,8
     35,2947	   0,0279019	-136,8	   0,0278622	-137,5
     35,2967	   0,0277882	-137,9	   0,0277636	-138,1
     35,2986	   0,0276798	-136,5	   0,0278325	-136,3
     35,3006	   0,0275755	-137,2	   0,0276912	-138,2
     35,3025	   0,0277295	-136,1	   0,0275265	-137,6
     35,3045	   0,0276881	-137,2	   0,0274038	-136,9
     35,3064	   0,0276345	-135,7	   0,0274913	-136,1
     35,3084	   0,0275637	-137,2	   0,0275029	-137,7
     35,3104	   0,0271956	-137,0	   0,0272868	-136,8
     35,3123	   0,0271565	-136,9	   0,0273249	-137,3
     35,3143	   0,0271659	-135,6	   0,0271559	-135,5
     35,3162	   0,0272022	-136,8	   0,0272575	-137,1
     35,3182	   0,0270745	-136,2	   0,0271055	-136,5
     35,3201	   0,0270266	-136,8	   0,0270051	-136,0
     35,3221	   0,0271008	-135,4	    0,026853	-135,7
      35,324	   0,0270083	-136,5	   0,0268114	-136,8
      35,326	    0,026834	-136,5	   0,0268074	-136,6
      35,328	   0,0266183	-137,6	   0,0265646	-135,8
     35,3299	   0,0265043	-135,3	   0,0268908	-135,5
     35,3319	   0,0265304	-136,6	   0,0267677	-137,3
     35,3338	   0,0264061	-137,2	   0,0264977	-135,7
     35,3358	   0,0263518	-136,2	   0,0265017	-136,3
     35,3377	    0,026253	-136,4	   0,0262791	-136,0
     35,3397	   0,0263756	-135,0	   0,0263099	-137,1
     35,3416	   0,0262651	-136,5	   0,0260867	-136,4
     35,3436	   0,0263088	-134,9	   0,0261018	-135,8
     35,3456	   0,0262579	-135,2	   0,0261731	-135,0
     35,3475	   0,0260026	-135,1	   0,0260357	-135,7
     35,3495	   0,0260388	-136,7	   0,0260908	-136,3
     35,3514	   0,0258662	-136,3	   0,0259338	-134,6
     35,3534	   0,0257893	-136,0	   0,0258425	-136,2
     35,3553	   0,0259117	-134,3	   0,0258195	-135,8
     35,3573	   0,0257204	-135,9	   0,0256696	-136,5
     35,3592	   0,0256413	-135,4	   0,0256474	-135,1
     35,3612	   0,0255078	-136,5	   0,0256619	-135,2
     35,3631	   0,0253946	-135,1	   0,0252642	-136,5
     35,3651	   0,0253602	-136,3	   0,0254603	-136,5
     35,3671	   0,0253527	-135,9	   0,0253586	-134,7
      35,369	   0,0253101	-135,7	   0,0253327	-135,1
      35,371	   0,0251681	-134,1	   0,0252246	-135,3
     35,3729	   0,0252528	-136,3	    0,025215	-136,4
     35,3749	   0,0249953	-135,8	   0,0251076	-135,2
     35,3768	   0,0249278	-135,9	   0,0250536	-134,7
     35,3788	   0,0248154	-134,7	   0,0248231	-136,1
     35,3807	   0,0250665	-134,1	   0,0248412	-135,8
     35,3827	   0,0249171	-134,6	   0,0247733	-136,9
     35,3847	   0,0247471	-135,8	   0,0246697	-135,4
     35,3866	   0,0247214	-135,2	   0,0246508	-134,5
     35,3886	   0,0245776	-134,0	   0,0246774	-135,5
     35,3905	   0,0246893	-135,0	   0,0245406	-134,8
     35,3925	   0,0243616	-136,1	   0,0245552	-135,9
     35,3944	   0,0244023	-135,8	   0,0244833	-134,8
     35,3964	   0,0244112	-134,7	   0,0242286	-135,1
     35,3983	   0,0242893	-134,0	   0,0242831	-136,0
     35,4003	   0,0242348	-135,2	   0,0241293	-135,2
     35,4022	   0,0241758	-135,8	   0,0241654	-135,2
     35,4042	   0,0239893	-134,6	   0,0242718	-133,5
     35,4062	   0,0240669	-134,4	   0,0241546	-134,5
     35,4081	   0,0236555	-136,7	   0,0241557	-135,6
     35,4101	   0,0242881	-135,0	   0,0241299	-133,5
      35,412	   0,0241354	-135,4	    0,024051	-135,0
      35,414	   0,0238407	-133,8	   0,0238552	-133,7
     35,4159	   0,0240089	-134,4	   0,0238518	-134,8
     35,4179	   0,0237992	-134,3	   0,0236238	-134,6
     35,4198	   0,0237469	-135,4	   0,0235708	-133,7
     35,4218	   0,0238546	-134,8	   0,0235817	-135,0
     35,4238	   0,0237207	-133,4	   0,0235219	-135,4
     35,4257	   0,0236549	-135,3	   0,0233661	-135,7
     35,4277	   0,0233914	-134,7	    0,023403	-134,4
     35,4296	   0,0232591	-136,4	   0,0235036	-134,3
     35,4316	   0,0234741	-135,5	   0,0233888	-133,3
     35,4335	   0,0232659	-134,1	   0,0232532	-134,9
     35,4355	   0,0231262	-134,6	   0,0231737	-134,3
     35,4374	   0,0231971	-135,4	   0,0230894	-135,5
     35,4394	   0,0231252	-133,0	   0,0229631	-133,6
     35,4413	   0,0229111	-135,0	   0,0229268	-135,8
     35,4433	   0,0229508	-133,9	   0,0229012	-135,1
     35,4453	   0,0228466	-135,5	   0,0228372	-135,3
     35,4472	    0,022721	-137,0	   0,0228258	-135,3
     35,4492	    0,023114	-134,0	    0,022844	-134,0
     35,4511	   0,0228686	-134,6	    0,022755	-135,6
     35,4531	   0,0227999	-133,7	    0,022832	-133,3
      35,455	   0,0227871	-135,5	   0,0226912	-134,6
      35,457	   0,0226846	-133,9	   0,0226429	-134,6
     35,4589	   0,0229197	-135,1	   0,0225556	-133,2
     35,4609	   0,0226882	-134,0	   0,0225735	-135,0
     35,4629	   0,0226382	-133,2	   0,0224841	-132,7
     35,4648	   0,0226088	-135,0	   0,0225248	-134,0
     35,4668	   0,0225455	-133,1	   0,0222931	-133,0
     35,4687	   0,0225319	-134,7	   0,0222724	-132,6
     35,4707	   0,0225035	-134,0	   0,0223086	-134,1
     35,4726	   0,0224566	-133,2	   0,0220612	-133,3
     35,4746	   0,0224989	-134,9	   0,0220159	-134,4
     35,4765	   0,0223054	-134,6	   0,0218956	-133,0
     35,4785	   0,0222333	-135,7	   0,0219287	-133,9
     35,4804	   0,0223504	-135,0	   0,0218637	-133,7
     35,4824	   0,0220239	-133,7	   0,0219877	-134,6
     35,4844	   0,0217592	-134,4	   0,0216963	-135,3
     35,4863	   0,0216808	-135,3	   0,0216343	-134,0
     35,4883	   0,0217909	-134,1	   0,0217777	-134,5
     35,4902	   0,0215384	-134,5	   0,0217106	-132,3
     35,4922	   0,0215044	-133,4	   0,0216366	-133,6
     35,4941	   0,0215126	-134,9	    0,021533	-134,2
     35,4961	   0,0213627	-132,7	   0,0214575	-134,4
      35,498	   0,0214081	-134,5	   0,0212335	-133,7
        35,5	   0,0214552	-134,0	   0,0210602	-132,5

