X-Data [Hz]	Laser (M - Filtered) [m/s]	Phase [Deg]	Laser (M - Filtered) [m/s]	Phase [Deg]	
	002: [07-01-24 13:31]		003: [07-01-24 13:39]	
          34	    0,019263	93,3	   0,0207783	94,6
      34,002	   0,0199957	92,3	   0,0208034	94,0
     34,0039	   0,0203674	93,2	   0,0207881	94,3
     34,0059	   0,0204819	92,6	   0,0209145	93,7
     34,0078	   0,0205579	92,7	   0,0208698	94,6
     34,0098	    0,020625	94,2	   0,0209021	94,0
     34,0117	   0,0206931	93,4	   0,0210222	94,0
     34,0137	   0,0206823	94,0	   0,0210082	94,0
     34,0156	   0,0207257	93,6	   0,0210482	94,4
     34,0176	   0,0208765	93,2	   0,0210648	94,0
     34,0196	   0,0208584	93,9	   0,0210979	93,4
     34,0215	   0,0208148	93,4	   0,0211507	93,9
     34,0235	   0,0209225	93,8	   0,0211383	93,7
     34,0254	    0,020978	92,6	   0,0212259	94,3
     34,0274	   0,0210905	93,6	   0,0213128	94,3
     34,0293	   0,0210128	93,6	   0,0211093	93,6
     34,0313	   0,0210268	93,4	   0,0213418	95,1
     34,0332	   0,0210743	94,1	   0,0214774	95,4
     34,0352	   0,0211515	94,7	   0,0212767	94,6
     34,0371	   0,0210436	94,4	   0,0215881	94,7
     34,0391	   0,0212337	94,8	   0,0214394	94,5
     34,0411	   0,0212911	95,4	   0,0214656	94,7
      34,043	   0,0210269	93,5	   0,0214383	94,8
      34,045	    0,020862	94,5	   0,0216288	94,8
     34,0469	   0,0215757	94,3	   0,0216481	95,2
     34,0489	   0,0213121	93,6	    0,021647	95,0
     34,0508	   0,0212991	94,5	   0,0218216	94,1
     34,0528	   0,0212382	93,4	   0,0215714	94,7
     34,0547	   0,0215226	94,2	   0,0214164	95,0
     34,0567	     0,02147	93,8	   0,0217303	95,3
     34,0587	    0,021351	94,3	   0,0218104	95,8
     34,0606	   0,0217437	95,0	   0,0219263	95,9
     34,0626	    0,021966	94,9	   0,0218655	95,3
     34,0645	    0,021907	93,9	   0,0219153	96,4
     34,0665	   0,0214285	94,6	   0,0219811	95,9
     34,0684	    0,021563	95,2	   0,0219821	96,2
     34,0704	   0,0217127	95,5	   0,0220023	96,2
     34,0723	   0,0215742	96,1	   0,0218567	96,3
     34,0743	   0,0217691	96,2	   0,0220862	96,4
     34,0762	   0,0218106	95,4	   0,0219505	95,8
     34,0782	   0,0217051	95,9	   0,0221051	96,1
     34,0802	   0,0226538	95,9	   0,0221633	95,7
     34,0821	   0,0220243	94,0	   0,0222086	96,1
     34,0841	   0,0216855	95,6	   0,0222641	96,1
      34,086	    0,022052	96,5	   0,0223134	95,7
      34,088	   0,0220809	95,9	    0,022264	96,9
     34,0899	    0,021772	96,0	   0,0222982	97,0
     34,0919	    0,021879	95,5	   0,0223335	97,4
     34,0938	   0,0221167	95,7	   0,0223878	97,2
     34,0958	   0,0220587	95,8	   0,0225183	97,4
     34,0978	   0,0222006	96,1	   0,0224747	97,3
     34,0997	   0,0222864	96,0	   0,0225373	97,2
     34,1017	   0,0223178	95,8	   0,0225426	97,8
     34,1036	   0,0223137	96,0	   0,0225891	97,5
     34,1056	   0,0222922	95,5	   0,0227343	97,2
     34,1075	   0,0223202	96,4	   0,0225898	97,3
     34,1095	   0,0224634	96,9	   0,0227066	96,8
     34,1114	   0,0224677	95,7	   0,0229163	97,2
     34,1134	   0,0225616	96,7	   0,0227852	97,5
     34,1153	   0,0225297	96,3	   0,0228587	97,2
     34,1173	   0,0225497	96,3	   0,0229133	97,1
     34,1193	   0,0225824	97,4	   0,0230269	97,7
     34,1212	   0,0226918	97,5	   0,0229756	98,3
     34,1232	   0,0228273	97,5	   0,0231386	98,2
     34,1251	   0,0227306	96,7	   0,0230819	98,8
     34,1271	    0,022787	96,5	   0,0230362	97,5
      34,129	   0,0227388	96,7	   0,0232013	97,6
      34,131	   0,0227142	96,9	   0,0232159	97,8
     34,1329	   0,0227964	97,2	   0,0233094	98,6
     34,1349	   0,0229365	97,2	   0,0232341	98,9
     34,1369	   0,0228983	97,5	   0,0232151	98,6
     34,1388	   0,0230174	96,7	    0,023303	98,8
     34,1408	   0,0230655	98,2	   0,0231978	99,7
     34,1427	   0,0230321	98,0	   0,0234896	98,9
     34,1447	   0,0231471	97,4	   0,0233452	98,5
     34,1466	   0,0232122	97,5	   0,0235014	98,3
     34,1486	   0,0232946	97,6	   0,0236242	98,2
     34,1505	   0,0232357	98,1	    0,023678	98,6
     34,1525	   0,0232324	98,8	   0,0236964	99,5
     34,1544	   0,0233093	99,2	   0,0236718	98,3
     34,1564	   0,0232914	98,5	   0,0238296	98,9
     34,1584	   0,0234886	98,8	   0,0238355	99,2
     34,1603	   0,0233688	99,1	   0,0237733	98,9
     34,1623	   0,0234597	99,1	   0,0238431	99,8
     34,1642	   0,0235071	98,2	   0,0239432	100,0
     34,1662	   0,0234974	98,4	     0,02397	100,2
     34,1681	   0,0237133	98,4	   0,0241198	99,9
     34,1701	   0,0237625	98,4	   0,0240445	99,6
      34,172	   0,0237214	98,7	   0,0241078	100,5
      34,174	   0,0238258	98,7	   0,0242252	101,2
      34,176	   0,0244838	99,5	   0,0242521	100,4
     34,1779	   0,0241186	97,4	   0,0243429	100,1
     34,1799	   0,0238628	98,8	   0,0243291	100,4
     34,1818	   0,0239215	98,3	   0,0243854	100,0
     34,1838	   0,0239761	99,7	    0,024391	100,3
     34,1857	   0,0239921	99,9	   0,0244311	101,3
     34,1877	   0,0240709	99,9	   0,0244777	101,1
     34,1896	   0,0240529	100,2	   0,0246459	101,2
     34,1916	   0,0241569	100,2	   0,0244892	101,5
     34,1936	   0,0242245	100,6	   0,0245913	101,9
     34,1955	   0,0242579	100,1	   0,0247006	100,9
     34,1975	   0,0243267	100,5	    0,024852	101,4
     34,1994	   0,0243772	99,9	   0,0248327	101,1
     34,2014	   0,0243639	101,2	   0,0249484	101,0
     34,2033	   0,0243469	100,9	   0,0249361	101,2
     34,2053	   0,0244198	101,0	   0,0250237	101,2
     34,2072	   0,0245643	101,2	   0,0250203	101,9
     34,2092	   0,0247364	101,4	   0,0250185	101,6
     34,2111	   0,0247255	100,6	   0,0250907	101,1
     34,2131	   0,0246777	101,2	   0,0251577	101,5
     34,2151	   0,0248315	101,0	   0,0253497	101,5
      34,217	   0,0249842	102,2	   0,0253717	101,6
      34,219	   0,0251867	100,4	   0,0253461	102,7
     34,2209	   0,0250723	100,1	   0,0254018	101,2
     34,2229	   0,0248032	99,9	   0,0255336	102,0
     34,2248	   0,0248846	101,7	   0,0254075	101,9
     34,2268	     0,02501	101,4	   0,0255032	101,4
     34,2287	   0,0250233	101,9	   0,0255649	101,6
     34,2307	   0,0253584	101,4	   0,0254983	102,8
     34,2327	   0,0254311	101,3	   0,0255741	102,2
     34,2346	    0,025453	100,9	   0,0257088	102,5
     34,2366	   0,0253625	102,6	   0,0257437	102,9
     34,2385	   0,0254122	102,5	   0,0258456	102,8
     34,2405	   0,0255126	102,8	   0,0260457	102,2
     34,2424	   0,0255898	101,9	   0,0261179	103,9
     34,2444	   0,0256199	101,6	   0,0259337	103,3
     34,2463	   0,0255542	102,0	   0,0261132	103,1
     34,2483	   0,0257128	103,0	   0,0261838	103,2
     34,2502	    0,025863	102,1	   0,0262369	103,4
     34,2522	   0,0259756	102,3	   0,0263193	103,2
     34,2542	   0,0259081	102,3	   0,0263264	103,6
     34,2561	    0,025917	102,3	   0,0262484	103,4
     34,2581	   0,0260062	103,0	   0,0264327	103,6
       34,26	   0,0260521	104,0	   0,0264619	103,8
      34,262	   0,0261549	102,9	   0,0265609	104,2
     34,2639	   0,0262385	103,7	   0,0267032	104,1
     34,2659	   0,0261831	103,6	   0,0267045	104,2
     34,2678	    0,026162	103,4	   0,0267451	104,0
     34,2698	   0,0263326	104,2	   0,0268841	104,1
     34,2718	   0,0264019	104,6	   0,0267228	104,3
     34,2737	   0,0264883	103,9	    0,026885	104,4
     34,2757	   0,0266252	103,7	   0,0268336	104,4
     34,2776	   0,0266556	104,4	   0,0269981	104,2
     34,2796	   0,0267289	104,0	   0,0270018	105,2
     34,2815	   0,0267525	104,7	   0,0272032	104,9
     34,2835	   0,0267271	105,3	   0,0271486	104,5
     34,2854	   0,0268378	105,1	   0,0273329	104,8
     34,2874	   0,0269003	104,8	   0,0273456	105,2
     34,2893	   0,0269888	105,4	   0,0272709	105,9
     34,2913	   0,0270109	105,4	   0,0274082	105,7
     34,2933	   0,0270985	105,6	   0,0272803	106,4
     34,2952	    0,027144	105,0	   0,0274015	106,7
     34,2972	   0,0273348	105,1	   0,0274691	106,4
     34,2991	   0,0273667	105,3	   0,0277226	106,9
     34,3011	   0,0273649	106,6	   0,0277883	107,1
      34,303	   0,0274895	106,4	   0,0278584	107,8
      34,305	    0,027593	105,5	    0,027913	107,1
     34,3069	   0,0276366	106,5	   0,0279147	107,0
     34,3089	   0,0276088	106,5	   0,0280149	107,2
     34,3109	   0,0276958	107,0	   0,0281355	108,1
     34,3128	   0,0278692	107,1	   0,0282052	107,6
     34,3148	   0,0279609	105,9	   0,0282038	107,7
     34,3167	   0,0279455	106,8	    0,028328	108,0
     34,3187	   0,0279809	106,6	   0,0283234	108,5
     34,3206	   0,0280845	106,9	   0,0284208	108,0
     34,3226	    0,028067	107,2	   0,0284773	108,4
     34,3245	   0,0281752	107,4	   0,0285627	107,8
     34,3265	   0,0283405	107,5	   0,0287338	108,2
     34,3284	    0,028285	107,6	   0,0289162	108,7
     34,3304	   0,0284779	108,0	   0,0288683	109,5
     34,3324	   0,0286054	108,1	   0,0289368	108,9
     34,3343	   0,0285647	108,1	   0,0289216	108,9
     34,3363	   0,0285769	109,0	   0,0289742	109,2
     34,3382	   0,0285531	108,3	   0,0290938	109,4
     34,3402	    0,028727	108,4	   0,0292708	108,6
     34,3421	   0,0287844	109,0	   0,0289898	108,9
     34,3441	   0,0288855	108,7	    0,029295	108,5
      34,346	   0,0290189	109,2	   0,0292396	108,8
      34,348	   0,0290001	109,7	   0,0294433	109,3
       34,35	   0,0291033	109,5	   0,0294638	109,3
     34,3519	   0,0291893	109,0	   0,0293974	109,5
     34,3539	   0,0293567	109,2	   0,0295705	110,5
     34,3558	   0,0293982	109,5	   0,0297932	109,8
     34,3578	   0,0294482	110,1	   0,0297227	110,8
     34,3597	   0,0295263	110,1	   0,0298853	110,0
     34,3617	   0,0296172	109,8	   0,0297369	110,4
     34,3636	   0,0297375	110,3	   0,0300343	111,8
     34,3656	   0,0297482	110,5	   0,0299907	111,9
     34,3675	   0,0299088	110,3	   0,0303366	111,0
     34,3695	   0,0299332	110,8	   0,0301428	114,3
     34,3715	   0,0300338	110,0	   0,0304793	111,9
     34,3734	   0,0299734	112,1	   0,0303423	114,9
     34,3754	   0,0301525	111,0	   0,0305881	111,6
     34,3773	   0,0301688	110,5	   0,0304797	111,4
     34,3793	   0,0302691	110,9	   0,0303965	113,8
     34,3812	   0,0304218	112,5	   0,0308902	112,3
     34,3832	   0,0304918	110,9	   0,0309432	113,2
     34,3851	   0,0304772	113,2	   0,0309242	113,4
     34,3871	   0,0307785	112,3	   0,0308066	113,2
     34,3891	   0,0307571	112,1	   0,0312412	114,2
      34,391	   0,0309052	111,6	   0,0309232	113,7
      34,393	   0,0307622	113,1	   0,0312243	115,2
     34,3949	   0,0309479	113,5	   0,0309623	114,5
     34,3969	   0,0311464	112,6	   0,0314816	114,6
     34,3988	    0,030988	114,1	   0,0310715	116,8
     34,4008	   0,0310957	114,0	     0,03134	115,6
     34,4027	   0,0310929	115,8	   0,0307204	118,6
     34,4047	   0,0310809	113,7	   0,0309151	118,6
     34,4066	   0,0314297	114,2	   0,0319585	115,3
     34,4086	    0,031505	114,3	   0,0320226	115,7
     34,4106	   0,0316774	114,0	   0,0321488	116,1
     34,4125	   0,0318111	114,3	   0,0322216	115,6
     34,4145	   0,0314576	115,9	   0,0317098	117,7
     34,4164	   0,0319354	115,2	   0,0324106	115,6
     34,4184	   0,0321283	115,0	   0,0324918	115,9
     34,4203	   0,0321465	115,2	   0,0316857	118,9
     34,4223	   0,0319593	115,2	   0,0326609	116,6
     34,4242	   0,0320264	116,9	   0,0318363	118,4
     34,4262	   0,0316554	118,5	   0,0321366	118,0
     34,4282	   0,0325722	115,8	   0,0322708	116,7
     34,4301	   0,0323509	117,6	   0,0324726	118,7
     34,4321	   0,0320849	117,7	   0,0323921	120,4
      34,434	   0,0322981	117,7	   0,0333022	117,6
      34,436	   0,0324677	117,3	   0,0334334	117,3
     34,4379	   0,0323705	118,9	   0,0334624	117,8
     34,4399	   0,0323001	120,1	   0,0334833	118,4
     34,4418	   0,0325505	119,1	     0,03246	121,1
     34,4438	   0,0330595	117,9	   0,0335372	120,2
     34,4457	   0,0329391	119,2	   0,0337053	120,1
     34,4477	   0,0327196	118,0	   0,0336611	119,4
     34,4497	   0,0328466	119,7	   0,0326055	124,9
     34,4516	   0,0329841	120,2	   0,0330864	122,8
     34,4536	   0,0329064	120,3	   0,0332121	122,2
     34,4555	   0,0331082	121,0	   0,0336682	120,8
     34,4575	   0,0332352	121,7	   0,0340772	121,0
     34,4594	   0,0329679	122,2	   0,0337938	121,0
     34,4614	   0,0332288	122,0	   0,0339539	121,1
     34,4633	   0,0339121	120,3	   0,0335878	123,8
     34,4653	    0,033548	122,1	   0,0340419	122,0
     34,4673	    0,033527	122,6	   0,0343783	122,7
     34,4692	   0,0335057	121,9	    0,034119	121,7
     34,4712	     0,03403	122,4	    0,033738	126,2
     34,4731	   0,0337897	121,1	   0,0340335	123,4
     34,4751	    0,034058	122,6	   0,0337829	125,8
      34,477	   0,0339764	123,0	   0,0344201	122,9
      34,479	   0,0342796	123,9	   0,0344441	124,5
     34,4809	   0,0343549	122,4	   0,0345542	124,1
     34,4829	   0,0344148	123,8	   0,0343744	125,2
     34,4848	   0,0342658	123,3	   0,0352766	123,9
     34,4868	   0,0345173	122,6	   0,0346788	124,3
     34,4888	   0,0348124	124,2	   0,0351933	124,4
     34,4907	   0,0344814	123,7	   0,0346735	125,9
     34,4927	   0,0349811	124,8	   0,0349238	127,4
     34,4946	   0,0344231	125,8	   0,0356311	125,7
     34,4966	   0,0351906	125,5	   0,0353561	128,0
     34,4985	   0,0351145	124,4	    0,035622	126,2
     34,5005	   0,0354934	125,1	   0,0350697	128,6
     34,5024	   0,0346561	126,5	    0,035486	127,6
     34,5044	   0,0354549	124,8	   0,0353043	126,9
     34,5064	   0,0354379	126,0	    0,035862	127,7
     34,5083	   0,0352376	125,7	   0,0359098	126,7
     34,5103	   0,0359244	125,4	   0,0363008	126,9
     34,5122	    0,035924	125,9	   0,0359208	127,5
     34,5142	   0,0354148	126,8	   0,0355203	130,3
     34,5161	   0,0358028	128,6	   0,0359932	129,8
     34,5181	    0,035604	128,3	   0,0362249	129,3
       34,52	   0,0356034	129,2	    0,037073	129,4
      34,522	   0,0358889	128,3	   0,0366359	130,3
     34,5239	   0,0357599	130,1	   0,0365711	129,2
     34,5259	    0,036229	129,3	   0,0365483	131,1
     34,5279	   0,0361819	128,3	   0,0364281	130,6
     34,5298	   0,0360807	130,2	   0,0365455	130,6
     34,5318	    0,035986	128,8	   0,0366626	132,4
     34,5337	   0,0366156	130,0	   0,0373436	131,6
     34,5357	   0,0369647	129,0	   0,0372103	131,7
     34,5376	   0,0369728	130,0	   0,0371026	130,9
     34,5396	   0,0368436	129,6	   0,0376317	131,8
     34,5415	   0,0368983	131,4	   0,0375099	133,7
     34,5435	   0,0367317	130,0	   0,0379757	133,4
     34,5455	   0,0367166	131,7	   0,0367371	134,7
     34,5474	   0,0370121	131,1	   0,0376379	133,7
     34,5494	   0,0368064	132,6	   0,0374369	133,0
     34,5513	   0,0372145	132,9	   0,0373511	134,2
     34,5533	   0,0369439	133,4	   0,0376274	132,7
     34,5552	   0,0370354	134,6	   0,0379745	134,1
     34,5572	    0,037017	133,2	   0,0381393	133,9
     34,5591	   0,0370491	134,9	   0,0380999	134,8
     34,5611	   0,0374536	135,3	   0,0380993	135,0
      34,563	   0,0377479	133,8	   0,0384827	134,3
      34,565	   0,0374365	135,6	   0,0382545	135,6
      34,567	   0,0376761	135,4	   0,0378971	136,6
     34,5689	   0,0371601	136,7	   0,0381418	135,7
     34,5709	   0,0380267	136,4	   0,0382184	136,2
     34,5728	      0,0374	136,7	   0,0373861	137,7
     34,5748	   0,0375448	136,2	   0,0380624	137,2
     34,5767	   0,0380678	137,5	   0,0380092	137,8
     34,5787	   0,0382019	136,2	   0,0382172	138,7
     34,5806	   0,0383365	137,7	   0,0384208	139,1
     34,5826	   0,0383599	136,9	   0,0388122	138,4
     34,5846	   0,0383581	136,6	   0,0383703	139,0
     34,5865	   0,0383366	137,8	   0,0388046	139,0
     34,5885	   0,0384884	137,5	   0,0389868	138,5
     34,5904	    0,038201	138,4	   0,0386657	140,5
     34,5924	   0,0387467	139,1	   0,0386908	141,8
     34,5943	   0,0384385	139,6	   0,0391221	140,2
     34,5963	   0,0383337	139,5	   0,0387771	141,4
     34,5982	   0,0383381	141,1	   0,0391526	141,1
     34,6002	   0,0384422	140,4	   0,0387993	141,8
     34,6021	   0,0387078	140,9	   0,0388942	141,8
     34,6041	   0,0388253	139,3	   0,0391785	141,4
     34,6061	   0,0387394	141,1	   0,0391313	142,3
      34,608	   0,0388468	140,7	   0,0391203	143,3
       34,61	   0,0388878	141,3	   0,0393258	143,5
     34,6119	   0,0389592	143,2	   0,0389016	144,1
     34,6139	   0,0388097	143,3	   0,0393251	144,0
     34,6158	    0,038855	143,0	   0,0392715	144,7
     34,6178	   0,0389586	143,5	   0,0388593	144,7
     34,6197	   0,0392026	143,1	   0,0391813	144,5
     34,6217	    0,039149	143,0	   0,0393149	144,8
     34,6237	   0,0391779	143,7	   0,0388796	145,0
     34,6256	   0,0391269	144,4	   0,0395301	146,0
     34,6276	     0,03935	145,5	   0,0394106	146,0
     34,6295	   0,0391687	145,2	   0,0397366	146,7
     34,6315	   0,0385618	146,2	   0,0395173	147,1
     34,6334	   0,0387478	146,7	   0,0395807	146,7
     34,6354	   0,0391687	146,5	   0,0394916	146,9
     34,6373	   0,0389185	147,8	   0,0391255	147,5
     34,6393	   0,0389745	146,2	   0,0394918	147,3
     34,6413	   0,0388614	147,8	   0,0397202	148,2
     34,6432	   0,0392031	148,8	   0,0393315	148,8
     34,6452	   0,0394393	148,3	   0,0392015	149,9
     34,6471	   0,0395758	149,0	   0,0385168	149,9
     34,6491	   0,0392151	148,6	     0,03971	149,0
      34,651	   0,0394313	148,7	   0,0394786	149,5
      34,653	   0,0394759	150,0	    0,039588	150,1
     34,6549	   0,0394075	150,0	   0,0390979	150,8
     34,6569	   0,0393608	150,0	   0,0396011	151,5
     34,6588	   0,0394221	151,3	   0,0396325	151,4
     34,6608	   0,0395215	150,3	   0,0395976	151,7
     34,6628	   0,0393953	150,8	   0,0395694	151,7
     34,6647	   0,0394957	150,7	   0,0395649	152,1
     34,6667	   0,0393886	151,3	   0,0391225	152,7
     34,6686	   0,0395506	151,7	   0,0391238	152,7
     34,6706	   0,0394401	153,5	   0,0393837	152,5
     34,6725	   0,0390857	153,2	   0,0394625	152,1
     34,6745	   0,0390637	152,4	   0,0393211	152,6
     34,6764	   0,0391896	154,1	   0,0391814	155,1
     34,6784	   0,0393913	152,7	   0,0392997	154,4
     34,6804	    0,038816	155,2	   0,0391293	154,5
     34,6823	    0,039002	156,1	   0,0388382	156,3
     34,6843	   0,0389966	155,4	    0,039048	155,0
     34,6862	   0,0387983	156,3	   0,0393438	155,5
     34,6882	   0,0387431	156,5	   0,0394235	155,7
     34,6901	   0,0387729	155,1	    0,039459	157,1
     34,6921	   0,0388739	156,5	   0,0395063	156,2
      34,694	   0,0391467	155,4	   0,0394307	156,5
      34,696	   0,0386725	156,9	   0,0393837	156,9
     34,6979	   0,0392428	156,6	   0,0394577	157,5
     34,6999	   0,0392621	157,7	   0,0392384	157,7
     34,7019	   0,0392615	157,4	   0,0391206	156,8
     34,7038	   0,0391737	157,4	   0,0388589	158,7
     34,7058	   0,0392963	157,4	   0,0392892	158,2
     34,7077	   0,0392168	158,8	   0,0389823	158,7
     34,7097	   0,0388964	159,1	   0,0389102	159,2
     34,7116	   0,0384158	159,8	    0,038666	160,6
     34,7136	   0,0386205	159,0	   0,0386362	159,2
     34,7155	   0,0384635	160,2	   0,0387033	159,7
     34,7175	   0,0389729	158,6	    0,039001	159,9
     34,7195	   0,0385192	159,3	    0,038835	160,2
     34,7214	   0,0386056	161,3	   0,0386685	160,6
     34,7234	    0,038401	161,4	   0,0388582	160,9
     34,7253	    0,038314	162,3	   0,0388484	161,8
     34,7273	   0,0384807	161,8	   0,0386989	162,2
     34,7292	   0,0386474	160,7	   0,0387588	162,2
     34,7312	   0,0383361	161,8	   0,0386882	162,6
     34,7331	   0,0385845	161,9	   0,0383964	162,8
     34,7351	   0,0383605	162,6	   0,0380246	163,0
      34,737	   0,0384426	163,4	   0,0386669	163,0
      34,739	   0,0382228	163,5	   0,0382633	162,9
      34,741	   0,0381824	164,3	   0,0384919	164,6
     34,7429	   0,0381461	164,2	   0,0383822	163,9
     34,7449	    0,038213	165,1	   0,0383044	163,7
     34,7468	   0,0382854	164,3	   0,0380057	163,8
     34,7488	   0,0383052	164,8	   0,0383319	164,4
     34,7507	   0,0381366	165,0	   0,0377561	165,7
     34,7527	   0,0380929	166,4	   0,0379543	166,5
     34,7546	   0,0380412	165,9	   0,0380875	165,5
     34,7566	   0,0379293	166,9	   0,0379387	165,1
     34,7586	   0,0379299	165,8	   0,0375491	164,3
     34,7605	   0,0378302	165,8	   0,0378303	165,7
     34,7625	   0,0376463	166,2	   0,0379522	167,2
     34,7644	   0,0377205	166,9	   0,0377729	166,4
     34,7664	   0,0376049	167,4	   0,0378225	166,7
     34,7683	    0,037545	167,8	   0,0374306	166,1
     34,7703	    0,037573	167,4	   0,0376854	168,1
     34,7722	   0,0374848	168,0	   0,0367967	167,2
     34,7742	   0,0372411	167,9	   0,0370819	167,5
     34,7761	   0,0373728	168,7	   0,0372799	167,4
     34,7781	   0,0372609	169,3	   0,0371067	168,7
     34,7801	   0,0371523	169,5	   0,0371606	168,9
      34,782	   0,0373609	169,8	   0,0370621	168,9
      34,784	   0,0372735	169,4	   0,0371369	169,4
     34,7859	    0,037235	170,1	   0,0371211	169,5
     34,7879	   0,0369744	171,3	   0,0371016	168,8
     34,7898	   0,0369918	171,3	   0,0365645	170,4
     34,7918	   0,0370241	172,1	   0,0370863	171,6
     34,7937	   0,0367593	171,2	   0,0360522	172,4
     34,7957	   0,0367482	171,3	   0,0364492	171,9
     34,7977	   0,0366773	171,2	    0,036381	170,8
     34,7996	   0,0363996	171,5	   0,0360386	172,6
     34,8016	   0,0362733	172,3	   0,0364224	172,0
     34,8035	   0,0362993	172,6	   0,0365318	171,7
     34,8055	   0,0362542	171,9	   0,0365983	172,4
     34,8074	    0,035971	171,8	   0,0364255	172,8
     34,8094	   0,0361394	172,3	   0,0359401	171,5
     34,8113	   0,0362634	172,7	   0,0359824	173,4
     34,8133	   0,0360161	174,5	   0,0357835	174,0
     34,8153	   0,0359756	174,9	   0,0357257	172,2
     34,8172	   0,0359527	174,6	   0,0360256	173,7
     34,8192	   0,0358748	174,1	   0,0353702	172,7
     34,8211	   0,0358067	174,6	    0,035974	176,2
     34,8231	   0,0357583	175,7	   0,0355159	174,7
      34,825	   0,0356661	176,0	   0,0353733	173,3
      34,827	   0,0357873	176,0	   0,0356181	174,8
     34,8289	   0,0355243	175,5	   0,0353456	174,3
     34,8309	   0,0353994	175,6	   0,0356482	176,0
     34,8328	   0,0350831	177,0	   0,0350702	174,0
     34,8348	   0,0352645	177,5	   0,0348755	175,5
     34,8368	   0,0352817	176,8	   0,0349858	175,3
     34,8387	   0,0349009	176,6	   0,0350912	175,5
     34,8407	   0,0348303	176,4	   0,0345082	175,6
     34,8426	    0,034907	177,3	   0,0344138	175,8
     34,8446	   0,0346772	177,9	   0,0347648	177,3
     34,8465	   0,0345365	177,6	    0,034541	177,1
     34,8485	   0,0345844	177,6	    0,034668	179,2
     34,8504	    0,034482	177,9	    0,034584	180,6
     34,8524	   0,0343448	178,5	    0,034818	177,7
     34,8544	   0,0342448	178,7	   0,0346884	177,5
     34,8563	   0,0343251	178,5	   0,0345165	178,7
     34,8583	   0,0341131	178,6	   0,0344094	177,9
     34,8602	   0,0340658	179,6	   0,0342426	178,7
     34,8622	   0,0340453	179,0	   0,0338488	177,9
     34,8641	    0,033965	179,4	   0,0342039	180,0
     34,8661	   0,0339133	179,2	   0,0336387	179,8
      34,868	    0,033742	180,0	   0,0337827	179,7
       34,87	   0,0335743	181,1	   0,0337446	180,4
     34,8719	   0,0333941	181,2	    0,033955	180,6
     34,8739	   0,0330438	182,1	   0,0338736	181,9
     34,8759	   0,0337607	181,4	   0,0339196	181,0
     34,8778	   0,0335315	181,7	   0,0336346	181,5
     34,8798	   0,0335342	182,1	   0,0335405	182,0
     34,8817	   0,0333137	183,3	   0,0334606	182,0
     34,8837	   0,0328937	182,2	    0,033235	182,0
     34,8856	   0,0328378	181,3	   0,0331924	180,7
     34,8876	   0,0328859	182,1	   0,0332562	183,2
     34,8895	   0,0327269	183,2	   0,0329435	181,8
     34,8915	    0,032623	182,6	   0,0332022	182,9
     34,8935	   0,0326978	182,4	   0,0326662	183,7
     34,8954	   0,0323811	183,1	   0,0327912	182,9
     34,8974	   0,0326728	184,0	   0,0328555	182,9
     34,8993	   0,0325356	184,3	   0,0323268	182,3
     34,9013	   0,0324869	184,5	   0,0327902	184,1
     34,9032	   0,0322708	184,0	   0,0323922	183,7
     34,9052	   0,0320947	184,5	    0,032316	184,4
     34,9071	   0,0320062	184,1	   0,0321153	183,1
     34,9091	   0,0316741	184,2	   0,0320774	184,2
      34,911	   0,0318341	184,4	   0,0319895	183,5
      34,913	   0,0319072	184,6	   0,0320753	184,6
      34,915	   0,0318068	185,6	   0,0318828	185,3
     34,9169	   0,0315077	186,7	     0,03169	184,6
     34,9189	   0,0314841	186,2	   0,0316949	184,8
     34,9208	   0,0312165	187,7	   0,0316668	185,1
     34,9228	   0,0314442	186,4	   0,0316367	186,4
     34,9247	   0,0313433	186,5	   0,0313361	185,0
     34,9267	   0,0311158	186,5	   0,0314949	186,7
     34,9286	   0,0312109	186,5	    0,031465	186,5
     34,9306	   0,0307213	188,3	   0,0312136	186,3
     34,9326	   0,0309236	187,2	   0,0308715	186,6
     34,9345	   0,0308448	187,1	   0,0310077	185,8
     34,9365	   0,0308717	189,0	   0,0310302	185,8
     34,9384	   0,0307708	187,7	   0,0309821	186,4
     34,9404	   0,0308015	187,3	   0,0307546	188,2
     34,9423	   0,0306301	187,6	   0,0308809	187,3
     34,9443	   0,0304021	188,8	   0,0305987	188,1
     34,9462	    0,030353	188,7	   0,0304126	187,9
     34,9482	   0,0303022	187,3	    0,030219	189,6
     34,9501	   0,0304031	188,0	   0,0300787	187,7
     34,9521	   0,0301357	188,5	   0,0302445	188,2
     34,9541	   0,0300067	189,1	   0,0304545	188,3
      34,956	   0,0300303	190,2	   0,0300508	188,9
      34,958	   0,0299506	189,5	   0,0299186	189,1
     34,9599	   0,0297504	188,5	      0,0297	188,8
     34,9619	   0,0295967	188,5	    0,029817	189,0
     34,9638	    0,029595	190,1	   0,0299685	190,3
     34,9658	   0,0294932	189,8	   0,0296452	189,2
     34,9677	   0,0295553	190,3	   0,0295938	189,1
     34,9697	   0,0293088	190,5	   0,0295588	189,1
     34,9717	   0,0294107	190,7	   0,0294313	189,5
     34,9736	   0,0292035	190,8	   0,0292959	189,5
     34,9756	   0,0290619	190,9	   0,0294378	190,8
     34,9775	   0,0290976	191,7	   0,0290011	191,4
     34,9795	   0,0289641	191,2	   0,0291453	190,8
     34,9814	   0,0290585	191,0	   0,0291628	191,9
     34,9834	   0,0286946	191,1	   0,0290571	190,3
     34,9853	   0,0285344	191,6	   0,0289672	190,7
     34,9873	   0,0282407	193,5	   0,0288693	190,8
     34,9892	   0,0284011	192,0	   0,0287513	192,1
     34,9912	   0,0283201	192,9	   0,0285705	192,3
     34,9932	   0,0283695	192,2	    0,028533	190,9
     34,9951	   0,0279982	191,5	   0,0284459	192,7
     34,9971	   0,0278872	193,5	    0,028248	191,2
      34,999	   0,0279559	194,3	    0,028498	192,9
      35,001	   0,0280864	193,4	   0,0282376	192,1
     35,0029	   0,0278082	194,4	   0,0282841	191,8
     35,0049	   0,0278436	194,1	   0,0280518	191,7
     35,0068	   0,0277307	193,3	   0,0281277	193,5
     35,0088	   0,0275422	194,9	   0,0279957	194,4
     35,0108	   0,0276996	193,8	   0,0277379	192,3
     35,0127	   0,0274701	195,3	   0,0278348	194,0
     35,0147	   0,0272783	195,6	   0,0277522	192,4
     35,0166	   0,0275141	195,1	   0,0276419	194,4
     35,0186	   0,0271626	197,0	   0,0277133	194,0
     35,0205	   0,0270471	195,7	   0,0275674	195,2
     35,0225	   0,0269234	193,6	   0,0274159	194,0
     35,0244	   0,0270089	195,2	   0,0275336	195,3
     35,0264	   0,0270493	194,4	   0,0273507	196,7
     35,0283	   0,0270908	195,6	   0,0274126	194,7
     35,0303	   0,0266765	195,0	   0,0270164	195,4
     35,0323	   0,0267802	195,3	   0,0269421	195,8
     35,0342	   0,0265799	195,1	   0,0269927	194,6
     35,0362	   0,0263792	195,5	   0,0268436	194,4
     35,0381	   0,0265787	197,0	   0,0265958	196,4
     35,0401	   0,0265743	196,2	   0,0266822	195,9
      35,042	   0,0260615	195,4	   0,0264381	195,2
      35,044	   0,0258048	197,7	   0,0264327	197,6
     35,0459	   0,0260039	196,7	   0,0265177	195,3
     35,0479	   0,0261997	197,0	   0,0265864	197,3
     35,0499	   0,0261093	195,4	   0,0263123	195,5
     35,0518	   0,0258588	196,9	   0,0263076	197,2
     35,0538	   0,0259323	197,4	   0,0261952	197,0
     35,0557	   0,0257231	197,4	   0,0262197	198,1
     35,0577	   0,0255162	197,2	   0,0262179	196,8
     35,0596	   0,0256739	197,8	   0,0258014	197,1
     35,0616	   0,0256374	198,9	   0,0259346	197,5
     35,0635	   0,0255845	197,7	    0,025766	197,8
     35,0655	   0,0251985	197,3	   0,0256623	198,1
     35,0674	   0,0251972	197,2	   0,0255274	197,5
     35,0694	   0,0253141	198,1	   0,0255336	197,9
     35,0714	   0,0252324	198,1	   0,0255862	198,4
     35,0733	    0,025183	197,9	   0,0252485	197,1
     35,0753	   0,0251742	199,8	   0,0253382	198,4
     35,0772	   0,0251232	199,0	   0,0253236	197,1
     35,0792	   0,0249587	198,4	   0,0252522	199,0
     35,0811	    0,024952	198,3	    0,025151	199,6
     35,0831	   0,0249094	198,9	   0,0250895	198,6
      35,085	   0,0246591	199,4	   0,0251143	-159,9
      35,087	   0,0247209	199,4	   0,0249866	-161,8
      35,089	   0,0246616	199,1	    0,024905	-160,6
     35,0909	   0,0246096	200,0	   0,0249144	-161,2
     35,0929	   0,0244413	199,5	   0,0245481	-160,6
     35,0948	   0,0245299	199,9	   0,0246154	-160,6
     35,0968	   0,0242034	199,6	   0,0245139	-160,7
     35,0987	   0,0242194	199,6	   0,0244811	-160,2
     35,1007	   0,0238318	199,2	     0,02439	-160,5
     35,1026	   0,0239539	-159,7	   0,0245228	-159,6
     35,1046	   0,0239801	-159,8	   0,0243413	-159,0
     35,1065	   0,0239893	-159,5	   0,0242649	-160,6
     35,1085	    0,023909	-159,4	    0,024212	-159,5
     35,1105	   0,0239114	-158,4	   0,0241468	-159,9
     35,1124	   0,0238706	-159,8	   0,0236131	-158,4
     35,1144	   0,0237341	-159,5	   0,0239803	-158,9
     35,1163	   0,0235943	-158,1	   0,0238988	-158,9
     35,1183	   0,0235773	-158,5	   0,0236623	-159,3
     35,1202	   0,0235062	-159,0	   0,0237781	-158,9
     35,1222	   0,0234993	-158,3	   0,0235918	-160,1
     35,1241	    0,023206	-160,3	   0,0236668	-158,1
     35,1261	   0,0230241	-157,9	   0,0234438	-157,4
     35,1281	   0,0231324	-157,6	   0,0234425	-158,5
       35,13	    0,023066	-157,9	   0,0234389	-158,6
      35,132	   0,0230565	-158,9	   0,0229192	-157,0
     35,1339	    0,022731	-156,3	   0,0232979	-158,5
     35,1359	   0,0229799	-157,5	   0,0232486	-158,0
     35,1378	   0,0224321	-157,2	   0,0229921	-157,3
     35,1398	   0,0226226	-156,4	   0,0229062	-157,5
     35,1417	   0,0226899	-156,5	    0,023094	-157,9
     35,1437	   0,0226149	-158,0	   0,0229375	-156,9
     35,1456	   0,0223721	-155,2	   0,0226605	-155,7
     35,1476	   0,0222763	-155,7	   0,0226509	-157,6
     35,1496	    0,022387	-156,2	   0,0226351	-157,2
     35,1515	   0,0223496	-155,7	   0,0226151	-157,3
     35,1535	   0,0223068	-155,7	   0,0226163	-157,3
     35,1554	   0,0221372	-156,9	   0,0224605	-157,1
     35,1574	   0,0220328	-154,9	   0,0224041	-156,1
     35,1593	   0,0218683	-154,1	   0,0223163	-156,8
     35,1613	   0,0219977	-156,0	   0,0223436	-157,0
     35,1632	    0,021864	-156,2	    0,022141	-155,9
     35,1652	    0,021909	-156,0	   0,0219542	-153,7
     35,1672	   0,0214302	-155,9	    0,022055	-156,0
     35,1691	   0,0216276	-156,2	   0,0219527	-156,1
     35,1711	    0,021561	-154,2	    0,021956	-155,8
      35,173	   0,0216299	-155,6	    0,022017	-156,4
      35,175	   0,0214482	-154,3	   0,0218294	-155,5
     35,1769	   0,0215794	-155,8	   0,0217421	-155,7
     35,1789	   0,0215492	-155,3	   0,0216311	-155,6
     35,1808	   0,0212714	-155,6	   0,0216307	-154,3
     35,1828	   0,0213863	-154,5	   0,0214743	-154,8
     35,1847	   0,0211179	-153,8	   0,0214906	-155,4
     35,1867	   0,0211716	-154,9	   0,0214676	-154,4
     35,1887	   0,0210842	-154,5	   0,0213104	-155,2
     35,1906	   0,0211204	-155,7	   0,0213177	-154,1
     35,1926	   0,0210057	-154,3	   0,0212111	-155,0
     35,1945	   0,0208964	-155,3	   0,0212028	-155,5
     35,1965	   0,0208008	-155,0	   0,0211537	-153,9
     35,1984	   0,0208573	-154,3	   0,0208403	-155,5
     35,2004	   0,0206583	-153,7	    0,020876	-155,1
     35,2023	   0,0206634	-153,4	   0,0208448	-153,8
     35,2043	   0,0207034	-153,9	   0,0208551	-153,6
     35,2063	   0,0205865	-154,3	   0,0206422	-154,9
     35,2082	   0,0205325	-153,7	   0,0204592	-152,6
     35,2102	   0,0205414	-153,8	   0,0206666	-155,0
     35,2121	   0,0203598	-153,5	   0,0204643	-154,1
     35,2141	    0,020296	-153,0	   0,0206126	-153,1
      35,216	    0,020321	-154,2	   0,0205253	-154,3
      35,218	   0,0201989	-152,5	   0,0203912	-154,1
     35,2199	   0,0200104	-152,8	    0,020387	-153,0
     35,2219	   0,0201063	-153,2	   0,0202837	-154,0
     35,2239	   0,0200085	-152,5	   0,0201747	-154,1
     35,2258	    0,019908	-154,2	     0,02029	-153,5
     35,2278	    0,019724	-152,8	   0,0201182	-154,2
     35,2297	   0,0197959	-153,2	   0,0199768	-152,3
     35,2317	   0,0196196	-153,2	   0,0199685	-153,4
     35,2336	   0,0197628	-153,3	   0,0199118	-153,9
     35,2356	    0,019562	-152,9	   0,0198898	-152,8
     35,2375	   0,0196207	-152,4	   0,0197282	-153,0
     35,2395	   0,0195138	-152,0	   0,0197886	-152,4
     35,2414	   0,0195017	-152,6	    0,019697	-153,6
     35,2434	   0,0194253	-153,3	   0,0197089	-153,1
     35,2454	   0,0194213	-151,7	   0,0195583	-152,3
     35,2473	   0,0192518	-151,8	   0,0193012	-152,4
     35,2493	   0,0192374	-152,4	   0,0194222	-152,2
     35,2512	   0,0191599	-151,2	   0,0194334	-152,4
     35,2532	     0,01917	-152,6	   0,0192329	-152,8
     35,2551	   0,0189972	-152,4	   0,0192665	-152,4
     35,2571	   0,0191189	-151,1	   0,0191387	-152,2
      35,259	   0,0189779	-152,8	   0,0191674	-153,0
      35,261	   0,0189408	-151,2	   0,0190728	-152,6
      35,263	    0,018787	-150,2	   0,0191686	-150,6
     35,2649	    0,018801	-151,6	   0,0189572	-152,2
     35,2669	   0,0187926	-150,8	   0,0189632	-151,4
     35,2688	   0,0187185	-152,2	   0,0188315	-152,5
     35,2708	   0,0186922	-151,4	   0,0187555	-151,6
     35,2727	   0,0185707	-150,4	   0,0188253	-150,6
     35,2747	   0,0183743	-151,2	   0,0186675	-151,9
     35,2766	   0,0185683	-151,7	   0,0187378	-151,2
     35,2786	   0,0184771	-151,5	    0,018767	-151,2
     35,2805	   0,0184005	-150,3	    0,018598	-151,1
     35,2825	   0,0183051	-150,4	   0,0185341	-151,8
     35,2845	   0,0181989	-151,8	   0,0185063	-150,3
     35,2864	   0,0182443	-151,5	   0,0182783	-150,6
     35,2884	   0,0181389	-150,8	   0,0183543	-150,7
     35,2903	   0,0180711	-150,5	   0,0183212	-151,2
     35,2923	    0,018013	-150,1	   0,0183035	-151,1
     35,2942	   0,0179974	-150,9	   0,0181646	-150,3
     35,2962	   0,0178849	-150,3	   0,0182143	-150,8
     35,2981	   0,0178222	-150,4	    0,018161	-150,5
     35,3001	   0,0178682	-150,8	    0,017945	-150,2
     35,3021	    0,017749	-150,7	   0,0177384	-150,5
      35,304	   0,0177923	-149,7	   0,0180688	-149,5
      35,306	   0,0175665	-150,2	   0,0178943	-150,2
     35,3079	   0,0176155	-150,0	   0,0177853	-150,5
     35,3099	   0,0175496	-151,1	   0,0177412	-150,4
     35,3118	   0,0175111	-150,3	   0,0177305	-150,7
     35,3138	   0,0173656	-148,7	   0,0176563	-149,6
     35,3157	   0,0174512	-150,0	   0,0176301	-150,8
     35,3177	   0,0172485	-148,9	   0,0175275	-149,2
     35,3196	   0,0172512	-149,3	    0,017507	-149,8
     35,3216	   0,0170969	-150,1	   0,0173218	-150,2
     35,3236	   0,0171733	-149,5	     0,01729	-149,5
     35,3255	   0,0170655	-150,5	   0,0175512	-148,1
     35,3275	   0,0171541	-150,1	   0,0185398	-151,5
     35,3294	   0,0170634	-148,4	   0,0155971	-154,2
     35,3314	   0,0168697	-148,8	   0,0172531	-149,2
     35,3333	   0,0169402	-150,4	   0,0172585	-149,0
     35,3353	   0,0170077	-149,4	   0,0170664	-150,1
     35,3372	   0,0169101	-148,4	   0,0170812	-150,0
     35,3392	   0,0168459	-149,4	   0,0169359	-148,5
     35,3412	   0,0167259	-147,3	   0,0170107	-149,8
     35,3431	   0,0167966	-149,5	   0,0170156	-149,3
     35,3451	   0,0166884	-149,4	   0,0168018	-148,8
      35,347	   0,0165969	-148,3	   0,0167989	-149,7
      35,349	   0,0164603	-149,3	   0,0167531	-150,2
     35,3509	   0,0165532	-148,3	   0,0167137	-149,1
     35,3529	   0,0165425	-150,1	   0,0167385	-149,0
     35,3548	   0,0164214	-148,8	   0,0166561	-148,1
     35,3568	   0,0162985	-147,1	   0,0165074	-150,1
     35,3587	   0,0163616	-148,5	   0,0164938	-148,5
     35,3607	   0,0161907	-148,0	   0,0163921	-148,4
     35,3627	   0,0161678	-148,5	   0,0164563	-149,8
     35,3646	    0,016181	-147,7	   0,0164634	-148,0
     35,3666	   0,0161576	-148,3	   0,0163681	-148,9
     35,3685	    0,016076	-148,5	   0,0161964	-147,7
     35,3705	   0,0160547	-149,1	   0,0162766	-148,9
     35,3724	   0,0160205	-147,1	   0,0160447	-148,6
     35,3744	    0,015996	-147,9	   0,0162166	-147,9
     35,3763	   0,0159295	-148,3	   0,0162402	-147,6
     35,3783	   0,0158362	-147,0	   0,0159345	-149,2
     35,3803	    0,015697	-148,9	   0,0160457	-148,0
     35,3822	   0,0158292	-148,1	   0,0158646	-148,0
     35,3842	   0,0157103	-148,7	   0,0158738	-148,4
     35,3861	   0,0156175	-148,6	   0,0158473	-147,3
     35,3881	   0,0154979	-147,8	   0,0159381	-148,1
       35,39	   0,0156923	-148,7	   0,0158278	-148,0
      35,392	   0,0155042	-147,3	    0,015669	-147,8
     35,3939	   0,0155632	-147,5	   0,0156764	-146,8
     35,3959	   0,0155669	-147,2	   0,0156334	-146,9
     35,3979	   0,0154289	-147,9	   0,0155301	-148,1
     35,3998	   0,0153233	-146,9	   0,0154029	-148,3
     35,4018	   0,0152213	-148,3	   0,0155198	-147,1
     35,4037	   0,0153147	-146,7	   0,0152793	-148,2
     35,4057	   0,0152156	-148,7	   0,0155559	-147,1
     35,4076	   0,0153193	-146,4	   0,0153813	-146,9
     35,4096	   0,0151634	-147,0	   0,0154252	-148,6
     35,4115	   0,0150959	-148,0	   0,0153622	-146,7
     35,4135	   0,0151105	-146,1	   0,0152387	-146,8
     35,4154	   0,0150047	-148,0	   0,0152712	-148,3
     35,4174	   0,0149444	-147,2	   0,0152063	-147,1
     35,4194	   0,0150188	-146,4	   0,0151865	-148,7
     35,4213	   0,0148973	-146,1	   0,0152338	-146,8
     35,4233	   0,0148891	-147,8	   0,0151813	-147,7
     35,4252	   0,0148019	-146,5	   0,0149909	-147,0
     35,4272	   0,0147339	-147,5	   0,0149079	-147,1
     35,4291	   0,0147286	-147,2	   0,0149444	-147,0
     35,4311	   0,0147194	-146,1	     0,01494	-146,1
      35,433	   0,0146396	-147,3	   0,0149329	-146,9
      35,435	   0,0145664	-146,1	   0,0147746	-146,2
      35,437	   0,0145369	-147,9	    0,014669	-147,2
     35,4389	   0,0146678	-146,9	    0,014679	-146,5
     35,4409	   0,0145032	-146,4	   0,0146946	-146,9
     35,4428	   0,0146101	-146,7	   0,0145509	-146,5
     35,4448	   0,0144544	-145,7	   0,0146742	-147,2
     35,4467	   0,0144446	-146,3	   0,0143867	-146,5
     35,4487	   0,0143868	-146,2	   0,0145426	-146,7
     35,4506	   0,0142605	-147,1	   0,0144122	-146,3
     35,4526	    0,014142	-145,8	   0,0144981	-146,1
     35,4545	    0,014237	-146,7	    0,014557	-147,9
     35,4565	    0,014199	-145,6	   0,0141634	-146,5
     35,4585	   0,0141171	-146,8	   0,0143798	-146,6
     35,4604	   0,0141035	-147,6	   0,0142028	-146,1
     35,4624	   0,0140689	-146,5	   0,0141947	-147,0
     35,4643	   0,0140777	-146,7	    0,014379	-145,6
     35,4663	   0,0140786	-145,1	   0,0139471	-147,5
     35,4682	   0,0139666	-147,4	    0,014141	-145,6
     35,4702	     0,01392	-145,3	   0,0140231	-146,9
     35,4721	   0,0139376	-146,9	   0,0140473	-145,8
     35,4741	   0,0137947	-145,7	   0,0140453	-147,3
     35,4761	   0,0138017	-147,0	   0,0139854	-145,9
      35,478	   0,0137845	-144,7	   0,0140234	-146,5
       35,48	   0,0136354	-146,5	    0,013905	-146,1
     35,4819	   0,0136476	-146,1	   0,0138089	-146,4
     35,4839	   0,0136937	-146,1	   0,0137673	-145,3
     35,4858	   0,0136101	-145,6	   0,0137519	-146,8
     35,4878	   0,0135959	-146,8	   0,0136894	-146,8
     35,4897	   0,0135495	-145,9	   0,0137835	-145,9
     35,4917	   0,0133984	-146,5	    0,013764	-146,6
     35,4936	   0,0135538	-145,7	   0,0135184	-147,0
     35,4956	   0,0133715	-146,3	   0,0133982	-146,1
     35,4976	   0,0133962	-145,3	    0,013709	-144,5
     35,4995	   0,0133966	-146,0	   0,0136264	-146,4
     35,5015	   0,0132885	-144,9	   0,0133078	-146,0
     35,5034	   0,0132692	-146,8	   0,0134646	-145,4
     35,5054	   0,0133276	-145,2	   0,0136744	-145,8
     35,5073	   0,0132114	-146,1	   0,0130619	-146,9
     35,5093	   0,0131837	-145,6	    0,013751	-145,6
     35,5112	   0,0131498	-145,7	   0,0127787	-147,4
     35,5132	   0,0131768	-144,3	   0,0132201	-145,0
     35,5152	   0,0131304	-146,9	    0,013185	-146,3
     35,5171	   0,0129868	-145,6	   0,0132505	-144,8
     35,5191	   0,0130467	-146,0	   0,0130246	-146,6
      35,521	   0,0131285	-144,7	   0,0129561	-146,0
      35,523	   0,0128459	-147,0	   0,0133345	-144,9
     35,5249	    0,012958	-145,3	   0,0129075	-146,1
     35,5269	   0,0128064	-146,2	   0,0130506	-146,4
     35,5288	   0,0128864	-145,3	   0,0130436	-144,2
     35,5308	   0,0127596	-144,7	   0,0128438	-146,6
     35,5327	   0,0127333	-146,0	   0,0129132	-146,6
     35,5347	   0,0127131	-144,8	   0,0128711	-145,0
     35,5367	   0,0126616	-145,7	    0,012882	-145,8
     35,5386	   0,0127401	-144,8	   0,0127946	-145,8
     35,5406	   0,0125964	-145,3	   0,0127941	-144,7
     35,5425	   0,0127107	-144,6	   0,0127274	-145,8
     35,5445	   0,0126216	-145,9	   0,0126864	-145,4
     35,5464	   0,0124989	-144,3	   0,0127862	-145,2
     35,5484	     0,01256	-145,4	   0,0125765	-145,3
     35,5503	   0,0123662	-144,7	   0,0126708	-145,0
     35,5523	   0,0124815	-146,1	   0,0124915	-145,7
     35,5543	   0,0124458	-144,9	   0,0125324	-145,0
     35,5562	   0,0124276	-145,5	   0,0125183	-144,6
     35,5582	   0,0122908	-145,4	    0,012512	-144,2
     35,5601	   0,0123106	-144,3	   0,0124251	-145,5
     35,5621	   0,0123116	-146,1	   0,0122602	-143,5
      35,564	   0,0123233	-144,2	   0,0124288	-145,9
      35,566	   0,0121456	-145,6	   0,0123348	-144,2
     35,5679	   0,0122049	-144,2	   0,0121682	-145,3
     35,5699	   0,0121411	-145,5	   0,0123157	-145,1
     35,5718	   0,0121058	-144,1	    0,012064	-146,2
     35,5738	   0,0120919	-145,2	   0,0122358	-144,3
     35,5758	   0,0119827	-144,1	   0,0121807	-144,7
     35,5777	   0,0120193	-145,3	   0,0120778	-144,5
     35,5797	   0,0120019	-144,1	   0,0122521	-145,3
     35,5816	   0,0119041	-145,3	    0,012094	-144,9
     35,5836	    0,011974	-144,5	   0,0119171	-145,6
     35,5855	   0,0117577	-144,1	   0,0120453	-145,8
     35,5875	    0,011876	-144,6	   0,0119576	-144,4
     35,5894	   0,0117085	-144,4	   0,0120324	-144,0
     35,5914	   0,0118348	-144,0	   0,0118833	-144,9
     35,5934	     0,01175	-144,7	   0,0119111	-143,6
     35,5953	   0,0116944	-144,5	   0,0118782	-145,3
     35,5973	   0,0115851	-144,5	   0,0118832	-144,3
     35,5992	   0,0116856	-143,5	   0,0117207	-145,2
     35,6012	   0,0117875	-144,7	   0,0118126	-145,5
     35,6031	   0,0115134	-143,5	    0,011763	-144,6
     35,6051	   0,0117854	-145,3	   0,0116988	-145,6
      35,607	   0,0115092	-143,4	   0,0116595	-144,3
      35,609	   0,0115552	-144,9	   0,0117069	-144,7
     35,6109	   0,0114585	-144,9	   0,0116025	-144,5
     35,6129	   0,0115157	-145,1	   0,0115066	-144,6
     35,6149	   0,0114528	-143,5	   0,0114285	-144,4
     35,6168	   0,0114241	-145,3	    0,011555	-144,7
     35,6188	   0,0114992	-144,4	   0,0114066	-143,4
     35,6207	   0,0113212	-144,0	   0,0114149	-145,1
     35,6227	   0,0113543	-143,9	   0,0114313	-144,3
     35,6246	   0,0112656	-145,1	    0,011412	-143,6
     35,6266	   0,0112915	-144,4	   0,0113505	-145,8
     35,6285	    0,011309	-143,7	    0,011375	-144,0
     35,6305	   0,0111873	-144,6	     0,01123	-144,5
     35,6325	   0,0111146	-144,2	   0,0112824	-145,6
     35,6344	   0,0110943	-144,3	    0,011173	-145,0
     35,6364	   0,0111335	-144,0	   0,0111406	-144,4
     35,6383	   0,0111729	-144,2	   0,0113316	-144,3
     35,6403	    0,011036	-145,0	   0,0111218	-144,5
     35,6422	   0,0110173	-143,8	   0,0111726	-144,4
     35,6442	   0,0109594	-145,1	   0,0111803	-144,3
     35,6461	   0,0109403	-143,6	   0,0109343	-143,9
     35,6481	   0,0109122	-144,8	   0,0112363	-144,2
       35,65	   0,0108615	-143,7	   0,0108982	-145,8
      35,652	   0,0107825	-143,9	   0,0109493	-143,5
      35,654	   0,0108677	-143,2	    0,011082	-145,6
     35,6559	   0,0109082	-144,8	   0,0108646	-144,4
     35,6579	   0,0107203	-144,9	   0,0108763	-144,4
     35,6598	   0,0107617	-143,8	    0,010926	-143,9
     35,6618	   0,0108322	-144,4	   0,0107846	-144,7
     35,6637	   0,0106033	-143,8	   0,0106353	-144,8
     35,6657	   0,0108832	-143,9	   0,0108978	-142,9
     35,6676	   0,0107167	-143,2	   0,0108346	-143,7
     35,6696	   0,0106155	-145,5	   0,0107024	-144,3
     35,6716	   0,0107787	-142,8	   0,0107204	-144,5
     35,6735	   0,0104547	-143,8	   0,0107289	-144,5
     35,6755	   0,0105792	-144,9	    0,010608	-144,9
     35,6774	   0,0106902	-143,9	    0,010602	-143,7
     35,6794	   0,0104071	-145,0	   0,0105724	-144,5
     35,6813	   0,0105135	-143,2	   0,0106772	-143,8
     35,6833	   0,0104191	-145,4	   0,0104586	-144,8
     35,6852	   0,0103411	-142,9	   0,0105348	-143,6
     35,6872	   0,0103393	-144,5	   0,0104524	-145,2
     35,6891	   0,0103672	-144,0	   0,0105045	-144,8
     35,6911	    0,010336	-144,2	   0,0104478	-142,7
     35,6931	    0,010322	-144,6	   0,0102241	-144,8
      35,695	    0,010443	-143,8	   0,0103015	-143,6
      35,697	   0,0102427	-144,5	   0,0104146	-144,2
     35,6989	   0,0102338	-145,2	   0,0104547	-143,4
     35,7009	   0,0103284	-145,1	   0,0103152	-144,5
     35,7028	    0,010265	-143,9	   0,0103884	-144,5
     35,7048	   0,0100241	-143,6	   0,0103011	-142,9
     35,7067	   0,0101008	-144,0	   0,0102095	-145,9
     35,7087	   0,0101243	-143,7	    0,010146	-144,9
     35,7107	   0,0101258	-143,9	   0,0102512	-145,3
     35,7126	   0,0101603	-143,5	   0,0102179	-144,7
     35,7146	   0,0102132	-144,3	   0,0101464	-143,6
     35,7165	   0,0100286	-143,9	    0,010004	-144,3
     35,7185	   0,0100504	-143,9	   0,0100869	-143,5
     35,7204	   0,0100003	-144,9	   0,0100749	-144,5
     35,7224	   0,0100219	-143,8	   0,0100881	-143,6
     35,7243	  0,00990861	-144,2	   0,0100137	-143,4
     35,7263	  0,00999553	-143,5	   0,0101711	-143,2
     35,7282	  0,00984923	-144,0	   0,0100149	-145,0
     35,7302	   0,0100244	-144,7	  0,00997995	-145,0
     35,7322	  0,00978814	-143,7	  0,00995472	-143,3
     35,7341	  0,00983913	-145,0	  0,00993649	-145,1
     35,7361	  0,00977594	-142,7	  0,00973657	-143,5
      35,738	  0,00989662	-144,6	  0,00975835	-144,9
       35,74	  0,00975613	-144,7	  0,00982607	-145,2
     35,7419	   0,0096917	-142,5	  0,00978384	-143,6
     35,7439	  0,00984343	-145,5	  0,00981128	-145,2
     35,7458	  0,00960295	-142,8	  0,00975176	-144,3
     35,7478	  0,00962364	-143,9	  0,00983509	-144,7
     35,7498	  0,00975952	-143,2	  0,00971811	-143,3
     35,7517	   0,0096806	-144,9	  0,00956812	-142,8
     35,7537	  0,00961797	-143,7	  0,00962999	-144,1
     35,7556	  0,00951644	-144,3	  0,00967635	-143,9
     35,7576	  0,00960135	-144,3	    0,009544	-143,3
     35,7595	  0,00955093	-143,1	   0,0094722	-142,9
     35,7615	  0,00960329	-144,4	  0,00977971	-143,6
     35,7634	  0,00944115	-144,1	  0,00957145	-144,2
     35,7654	   0,0094842	-143,5	  0,00955485	-145,0
     35,7673	  0,00936749	-143,8	  0,00959194	-143,5
     35,7693	  0,00939504	-142,7	  0,00954052	-145,0
     35,7713	  0,00940615	-143,5	  0,00944375	-142,9
     35,7732	  0,00898011	-144,4	  0,00953723	-144,5
     35,7752	  0,00955053	-143,1	  0,00936815	-144,6
     35,7771	  0,00928385	-141,0	  0,00937413	-142,9
     35,7791	  0,00898881	-145,3	  0,00935629	-144,5
      35,781	  0,00926241	-142,7	  0,00932137	-143,4
      35,783	  0,00916833	-144,7	   0,0092827	-144,8
     35,7849	  0,00932191	-145,0	  0,00927963	-144,0
     35,7869	  0,00933026	-143,0	  0,00939407	-143,0
     35,7889	  0,00907637	-145,4	   0,0092253	-145,3
     35,7908	  0,00913947	-144,0	  0,00930342	-144,2
     35,7928	  0,00914199	-144,2	  0,00922946	-143,7
     35,7947	  0,00908235	-144,2	  0,00919412	-144,2
     35,7967	   0,0091289	-143,8	  0,00922237	-144,4
     35,7986	  0,00912458	-145,4	  0,00896697	-143,2
     35,8006	  0,00908092	-143,9	  0,00925645	-144,1
     35,8025	   0,0089701	-143,6	  0,00901727	-144,2
     35,8045	  0,00904203	-144,1	  0,00913151	-144,7
     35,8064	  0,00895122	-144,6	  0,00918344	-144,6
     35,8084	  0,00897007	-144,2	  0,00897007	-145,3
     35,8104	  0,00902346	-143,5	  0,00910263	-143,5
     35,8123	  0,00892309	-143,7	  0,00903864	-145,6
     35,8143	  0,00889266	-142,5	  0,00897077	-144,3
     35,8162	  0,00904719	-145,3	  0,00890232	-143,6
     35,8182	  0,00877409	-143,1	   0,0088621	-144,0
     35,8201	  0,00883071	-144,7	  0,00898363	-144,7
     35,8221	  0,00878091	-143,8	  0,00889055	-144,4
      35,824	  0,00882622	-144,5	  0,00887795	-144,7
      35,826	  0,00883451	-145,2	  0,00880718	-144,6
      35,828	  0,00864065	-144,1	   0,0088321	-144,6
     35,8299	  0,00880107	-143,2	  0,00877027	-143,2
     35,8319	  0,00871397	-144,2	  0,00877813	-144,5
     35,8338	  0,00869378	-145,8	  0,00884037	-143,4
     35,8358	  0,00867465	-143,6	  0,00874506	-143,8
     35,8377	   0,0084875	-144,5	  0,00866436	-145,0
     35,8397	  0,00862512	-144,2	  0,00860627	-144,1
     35,8416	  0,00860052	-144,8	  0,00863403	-144,3
     35,8436	  0,00860906	-143,9	  0,00863273	-144,7
     35,8456	  0,00859626	-144,0	  0,00868532	-143,9
     35,8475	  0,00857356	-145,1	  0,00855094	-142,6
     35,8495	  0,00859916	-144,3	  0,00850516	-145,3
     35,8514	    0,008479	-144,7	  0,00842772	-144,2
     35,8534	  0,00857696	-145,9	  0,00858771	-144,2
     35,8553	  0,00858983	-144,2	  0,00844423	-144,1
     35,8573	  0,00824585	-144,3	  0,00853078	-143,5
     35,8592	  0,00855769	-144,6	  0,00855934	-144,5
     35,8612	  0,00834782	-144,3	  0,00848966	-144,7
     35,8631	  0,00834694	-146,1	  0,00854924	-143,9
     35,8651	  0,00844413	-143,5	  0,00838401	-145,0
     35,8671	  0,00848434	-145,6	  0,00848485	-144,0
      35,869	  0,00813005	-145,5	  0,00835405	-145,7
      35,871	  0,00847243	-144,2	  0,00829881	-144,6
     35,8729	  0,00816236	-144,5	   0,0082911	-143,2
     35,8749	  0,00813897	-143,6	  0,00840623	-145,8
     35,8768	  0,00846084	-143,1	  0,00837184	-144,3
     35,8788	  0,00835189	-145,6	   0,0083553	-145,4
     35,8807	  0,00813903	-144,1	   0,0082323	-145,2
     35,8827	  0,00804553	-146,4	  0,00827513	-143,7
     35,8847	  0,00782214	-141,4	  0,00831239	-144,5
     35,8866	  0,00855732	-146,1	  0,00817802	-145,5
     35,8886	  0,00811115	-144,2	  0,00830655	-144,4
     35,8905	  0,00809965	-145,2	  0,00813335	-143,3
     35,8925	  0,00813095	-144,1	   0,0082274	-145,7
     35,8944	  0,00815403	-145,6	  0,00815948	-144,0
     35,8964	  0,00809524	-144,8	  0,00819081	-144,3
     35,8983	  0,00805061	-144,4	  0,00815317	-145,6
     35,9003	  0,00791476	-144,3	  0,00808306	-144,4
     35,9022	  0,00806735	-144,6	  0,00816591	-145,0
     35,9042	  0,00801575	-144,4	  0,00803244	-145,7
     35,9062	  0,00792394	-145,7	  0,00801834	-144,6
     35,9081	  0,00795634	-146,6	  0,00802745	-144,6
     35,9101	  0,00807311	-144,4	  0,00806302	-146,0
      35,912	  0,00794467	-146,0	  0,00795179	-145,9
      35,914	  0,00797147	-144,5	  0,00794488	-145,0
     35,9159	  0,00787822	-145,1	  0,00785803	-145,2
     35,9179	  0,00771673	-146,3	  0,00788743	-144,3
     35,9198	  0,00786454	-145,1	   0,0079646	-145,3
     35,9218	  0,00777254	-145,6	   0,0078952	-145,2
     35,9238	  0,00776644	-146,2	  0,00795208	-147,8
     35,9257	  0,00774237	-143,8	  0,00795372	-144,2
     35,9277	  0,00788519	-145,6	  0,00783437	-145,2
     35,9296	  0,00774396	-145,1	  0,00784519	-145,3
     35,9316	  0,00774133	-145,5	  0,00784741	-146,2
     35,9335	  0,00765583	-144,6	  0,00778363	-143,5
     35,9355	  0,00773697	-144,5	  0,00779299	-147,1
     35,9374	  0,00774475	-143,2	  0,00775298	-143,1
     35,9394	  0,00762539	-145,7	  0,00769498	-146,0
     35,9413	  0,00773349	-145,2	  0,00774313	-144,3
     35,9433	  0,00745099	-145,8	   0,0076614	-146,8
     35,9453	  0,00767408	-145,2	  0,00771123	-145,5
     35,9472	  0,00759499	-145,4	  0,00764021	-144,0
     35,9492	  0,00763658	-144,5	  0,00773396	-146,3
     35,9511	  0,00761531	-146,0	  0,00760663	-145,3
     35,9531	  0,00756936	-144,7	  0,00760567	-144,3
      35,955	  0,00762652	-145,1	  0,00761585	-146,0
      35,957	  0,00747005	-145,3	  0,00770846	-145,8
     35,9589	  0,00757147	-146,7	  0,00762735	-144,5
     35,9609	  0,00747142	-144,8	  0,00759218	-144,4
     35,9629	  0,00746679	-145,9	  0,00764683	-146,9
     35,9648	  0,00747026	-144,6	   0,0075314	-145,3
     35,9668	  0,00744606	-145,1	   0,0072933	-145,9
     35,9687	  0,00742805	-146,6	  0,00757445	-145,2
     35,9707	  0,00734025	-146,1	  0,00751706	-145,0
     35,9726	  0,00745342	-145,5	  0,00746104	-146,0
     35,9746	  0,00745858	-145,2	  0,00746322	-145,7
     35,9765	  0,00746521	-147,2	  0,00739306	-146,0
     35,9785	  0,00736561	-146,1	   0,0073653	-146,9
     35,9804	  0,00729177	-146,1	  0,00748089	-146,0
     35,9824	  0,00728598	-147,2	  0,00745241	-144,2
     35,9844	  0,00726471	-145,2	  0,00743359	-147,0
     35,9863	   0,0073473	-145,6	  0,00737121	-143,7
     35,9883	  0,00726448	-146,6	  0,00730593	-145,9
     35,9902	  0,00731704	-144,7	  0,00730624	-146,2
     35,9922	  0,00735736	-146,7	  0,00733503	-145,5
     35,9941	  0,00718098	-145,5	  0,00742556	-145,2
     35,9961	  0,00724007	-146,2	  0,00719567	-146,3
      35,998	  0,00722181	-148,2	  0,00707341	-146,4
          36	  0,00720818	-144,7	  0,00721423	-147,9

