X-Data [Hz]	Laser (M - Filtered) [m/s]	Phase [Deg]	Laser (M - Filtered) [m/s]	Phase [Deg]	
	002: [06-25-24 16:45]		003: [06-25-24 16:54]	
          31	   0,0141885	73,9	   0,0181501	74,9
      31,002	   0,0171635	75,0	   0,0180102	73,8
     31,0039	   0,0168861	73,9	   0,0181412	74,4
     31,0059	   0,0180467	73,8	   0,0180837	74,3
     31,0078	   0,0175217	74,3	   0,0181504	74,1
     31,0098	   0,0182553	74,0	   0,0182087	73,8
     31,0117	   0,0177888	74,9	   0,0181337	73,9
     31,0137	   0,0182755	73,6	   0,0181939	74,0
     31,0156	   0,0179266	74,4	   0,0181395	74,5
     31,0176	   0,0182362	73,7	   0,0182618	73,9
     31,0196	   0,0179809	75,0	   0,0182215	74,5
     31,0215	   0,0182581	73,6	   0,0183366	74,6
     31,0235	   0,0180572	74,6	   0,0182638	74,2
     31,0254	   0,0182586	73,8	    0,018368	73,5
     31,0274	   0,0181491	74,1	   0,0183525	74,0
     31,0293	   0,0182704	74,1	   0,0183773	73,3
     31,0313	   0,0182617	74,0	   0,0183534	74,2
     31,0332	   0,0183073	74,0	   0,0184128	73,7
     31,0352	   0,0183258	73,6	   0,0183874	74,0
     31,0371	   0,0182994	74,0	   0,0184835	74,3
     31,0391	   0,0183898	73,5	   0,0184222	73,2
     31,0411	   0,0183843	74,7	   0,0185221	74,7
      31,043	   0,0183611	73,7	   0,0184877	73,7
      31,045	   0,0185039	74,0	   0,0185013	74,2
     31,0469	   0,0184211	74,1	   0,0186026	74,1
     31,0489	   0,0184087	73,8	   0,0185117	73,8
     31,0508	   0,0185576	74,3	     0,01866	74,7
     31,0528	   0,0184478	74,1	    0,018587	74,4
     31,0547	   0,0185234	74,2	   0,0186508	73,7
     31,0567	   0,0185663	74,7	   0,0186216	73,8
     31,0587	   0,0185512	73,7	   0,0187338	74,3
     31,0606	   0,0185841	74,3	   0,0186823	73,6
     31,0626	   0,0186346	73,8	   0,0187203	74,2
     31,0645	   0,0186061	74,3	   0,0188061	73,9
     31,0665	   0,0187405	74,8	   0,0187662	73,4
     31,0684	    0,018589	74,3	   0,0188106	74,6
     31,0704	   0,0187785	75,0	   0,0187544	74,4
     31,0723	   0,0186807	74,0	   0,0189693	73,5
     31,0743	   0,0188034	75,2	   0,0187903	74,8
     31,0762	   0,0187056	74,0	   0,0189955	73,4
     31,0782	   0,0188739	74,3	   0,0188365	74,2
     31,0802	   0,0187814	74,5	   0,0189734	74,2
     31,0821	   0,0189078	73,7	   0,0189117	73,8
     31,0841	    0,018815	74,3	   0,0190466	74,7
      31,086	   0,0189647	74,3	   0,0189914	73,9
      31,088	   0,0188723	74,1	   0,0190412	73,9
     31,0899	   0,0189635	74,3	   0,0191017	74,1
     31,0919	   0,0189445	74,5	   0,0191152	74,6
     31,0938	   0,0189849	74,0	    0,019108	73,4
     31,0958	   0,0190319	74,2	   0,0192191	74,7
     31,0978	   0,0190395	73,5	   0,0191195	73,8
     31,0997	   0,0190802	74,4	   0,0192729	73,8
     31,1017	   0,0190926	73,2	   0,0191583	74,6
     31,1036	   0,0191187	74,5	   0,0192614	73,7
     31,1056	   0,0191266	73,7	   0,0192253	74,1
     31,1075	   0,0191445	74,3	   0,0193411	74,2
     31,1095	   0,0191795	74,3	    0,019271	74,8
     31,1114	   0,0192005	74,0	   0,0193841	73,9
     31,1134	   0,0192702	74,6	   0,0193399	74,9
     31,1153	   0,0192256	73,3	   0,0193966	73,8
     31,1173	   0,0192406	74,5	   0,0194564	74,6
     31,1193	     0,01933	74,4	   0,0194175	75,0
     31,1212	   0,0192744	74,4	   0,0194888	73,6
     31,1232	   0,0193924	74,0	   0,0195765	74,7
     31,1251	   0,0193855	74,0	   0,0195241	74,9
     31,1271	    0,019358	73,8	   0,0195381	74,2
      31,129	   0,0194687	74,2	   0,0196031	73,5
      31,131	    0,019438	73,7	   0,0196196	73,9
     31,1329	    0,019538	74,4	   0,0196094	74,6
     31,1349	   0,0194834	73,5	   0,0196623	73,6
     31,1369	   0,0195765	74,2	   0,0196769	74,1
     31,1388	   0,0195672	74,0	   0,0197153	74,6
     31,1408	   0,0195775	75,0	    0,019759	74,1
     31,1427	   0,0196708	73,9	   0,0197538	74,4
     31,1447	    0,019569	74,6	   0,0198064	74,1
     31,1466	   0,0197163	73,8	   0,0197958	73,7
     31,1486	   0,0196854	73,7	   0,0199233	73,7
     31,1505	   0,0197375	74,5	   0,0198517	74,4
     31,1525	   0,0197779	73,4	   0,0199109	74,1
     31,1544	   0,0197678	74,4	   0,0199652	74,0
     31,1564	   0,0197933	74,3	   0,0199741	75,2
     31,1584	   0,0198357	73,5	   0,0199791	73,7
     31,1603	   0,0198066	73,9	   0,0200706	74,2
     31,1623	   0,0199669	75,0	   0,0200274	75,1
     31,1642	   0,0198581	74,4	    0,020132	74,2
     31,1662	   0,0199414	74,3	   0,0201179	73,8
     31,1681	   0,0199631	74,3	   0,0200887	74,1
     31,1701	   0,0200318	74,1	   0,0201564	74,2
      31,172	   0,0199921	74,6	   0,0201421	73,6
      31,174	   0,0201184	74,2	   0,0202376	74,1
      31,176	   0,0201011	74,3	   0,0201486	74,7
     31,1779	   0,0201639	74,6	   0,0204632	73,1
     31,1799	    0,020138	74,4	   0,0202864	74,4
     31,1818	   0,0201863	73,9	   0,0203767	75,1
     31,1838	   0,0202475	74,4	   0,0203206	74,4
     31,1857	   0,0202257	73,6	   0,0204082	74,9
     31,1877	   0,0202561	73,9	   0,0204569	73,8
     31,1896	   0,0203414	74,1	   0,0204692	74,6
     31,1916	   0,0202568	73,6	   0,0204613	73,9
     31,1935	   0,0203838	74,7	    0,020534	74,3
     31,1955	   0,0204425	73,8	   0,0205503	74,4
     31,1975	   0,0203005	74,1	   0,0206288	73,6
     31,1994	   0,0205887	74,6	    0,020587	74,3
     31,2014	   0,0204278	74,0	   0,0206433	74,5
     31,2033	   0,0205431	74,3	   0,0206792	74,9
     31,2053	   0,0205676	74,7	   0,0207109	74,1
     31,2072	   0,0205535	74,4	   0,0208152	74,5
     31,2092	    0,020611	74,9	   0,0207455	74,9
     31,2111	   0,0205711	74,4	   0,0208981	74,3
     31,2131	   0,0207342	73,8	   0,0208101	73,8
     31,2151	    0,020684	74,6	     0,02089	74,7
      31,217	   0,0207288	74,3	   0,0209173	74,3
      31,219	   0,0207407	74,2	   0,0209388	74,1
     31,2209	   0,0207995	74,2	   0,0210457	74,7
     31,2229	   0,0208278	73,7	   0,0209723	74,2
     31,2248	   0,0208631	74,8	   0,0210326	74,1
     31,2268	   0,0209405	73,8	   0,0211131	74,3
     31,2287	   0,0209411	74,4	   0,0210813	74,7
     31,2307	    0,020941	74,3	   0,0211661	74,3
     31,2326	   0,0210254	75,0	   0,0211631	74,5
     31,2346	   0,0210302	74,0	   0,0211914	75,0
     31,2366	   0,0210285	74,3	   0,0212039	74,4
     31,2385	   0,0211472	74,3	   0,0213289	74,4
     31,2405	   0,0210666	73,8	   0,0212658	74,3
     31,2424	   0,0211727	74,5	   0,0213693	74,5
     31,2444	   0,0211499	74,3	   0,0213412	74,3
     31,2463	   0,0213093	74,4	   0,0214572	73,8
     31,2483	    0,021289	74,5	   0,0214871	74,7
     31,2502	   0,0213056	74,9	   0,0214638	74,3
     31,2522	   0,0212807	74,6	   0,0214941	74,0
     31,2542	   0,0214231	74,0	   0,0215631	74,7
     31,2561	    0,021381	74,1	   0,0215791	74,7
     31,2581	   0,0214596	75,0	   0,0216521	74,2
       31,26	   0,0214626	74,0	   0,0216811	73,6
      31,262	    0,021438	75,0	   0,0216974	74,3
     31,2639	   0,0215697	74,8	   0,0216964	74,8
     31,2659	    0,021552	74,3	   0,0217713	74,6
     31,2678	   0,0215583	74,3	   0,0218142	74,2
     31,2698	   0,0216143	74,8	   0,0218521	74,9
     31,2717	    0,021664	74,3	   0,0218653	74,5
     31,2737	   0,0216834	74,6	   0,0219712	74,3
     31,2757	   0,0218076	74,5	   0,0219379	73,9
     31,2776	    0,021734	75,1	   0,0219932	74,3
     31,2796	   0,0218315	74,7	   0,0220165	74,8
     31,2815	   0,0218839	74,5	   0,0221188	74,2
     31,2835	   0,0219242	75,1	   0,0221242	74,0
     31,2854	   0,0219929	74,3	   0,0221857	75,1
     31,2874	   0,0219076	74,5	   0,0221829	75,1
     31,2893	   0,0220764	75,1	   0,0222144	74,3
     31,2913	   0,0220355	73,7	   0,0223366	75,4
     31,2933	   0,0220248	74,3	   0,0222865	75,2
     31,2952	   0,0221859	74,9	    0,022382	74,4
     31,2972	   0,0220885	75,1	   0,0223942	74,1
     31,2991	   0,0222709	74,8	   0,0224248	74,4
     31,3011	    0,022233	74,1	   0,0224307	75,4
      31,303	   0,0222199	75,0	    0,022466	74,8
      31,305	   0,0224321	74,5	   0,0226058	74,5
     31,3069	   0,0222594	73,5	   0,0225882	75,3
     31,3089	   0,0224376	74,8	   0,0226047	75,5
     31,3109	   0,0224408	74,9	   0,0226981	74,5
     31,3128	   0,0224333	74,4	   0,0227282	74,3
     31,3148	   0,0225685	75,1	   0,0227405	74,5
     31,3167	   0,0225007	75,0	   0,0227954	75,1
     31,3187	   0,0226445	74,8	   0,0228232	75,1
     31,3206	   0,0226852	73,9	   0,0229157	74,8
     31,3226	   0,0226356	74,9	   0,0229388	73,9
     31,3245	   0,0227481	74,9	    0,022927	74,2
     31,3265	   0,0227645	74,2	   0,0230379	74,9
     31,3284	     0,02282	74,8	   0,0230185	74,8
     31,3304	   0,0228692	74,9	   0,0230866	74,6
     31,3324	    0,022851	74,3	   0,0231355	74,8
     31,3343	   0,0230169	74,8	   0,0232422	75,2
     31,3363	   0,0229721	74,3	   0,0231968	74,9
     31,3382	    0,022999	75,4	   0,0233022	74,9
     31,3402	   0,0229102	73,9	   0,0232838	74,7
     31,3421	   0,0230831	74,3	   0,0233987	74,7
     31,3441	   0,0231753	74,7	   0,0234003	75,4
      31,346	   0,0231543	74,6	    0,023444	75,2
      31,348	   0,0231592	74,5	   0,0234822	74,5
       31,35	   0,0232451	74,3	   0,0235828	74,7
     31,3519	    0,023251	74,5	   0,0236222	75,2
     31,3539	   0,0233761	75,0	   0,0236508	75,4
     31,3558	   0,0234799	74,5	   0,0237013	74,7
     31,3578	   0,0233826	75,2	   0,0236491	74,4
     31,3597	   0,0235403	75,1	   0,0238264	75,5
     31,3617	   0,0235533	74,0	   0,0238841	75,7
     31,3636	   0,0235927	74,5	    0,023894	74,7
     31,3656	   0,0236632	74,9	   0,0239148	74,4
     31,3675	   0,0237456	74,2	   0,0240012	74,9
     31,3695	   0,0237808	74,8	   0,0241039	75,3
     31,3715	   0,0238297	74,8	   0,0240663	76,0
     31,3734	   0,0237998	75,1	   0,0240895	74,8
     31,3754	   0,0239323	74,3	   0,0241823	74,4
     31,3773	    0,023913	74,0	   0,0241861	75,0
     31,3793	   0,0239135	75,3	   0,0242815	74,8
     31,3812	   0,0241329	74,5	   0,0242798	74,8
     31,3832	   0,0240962	74,6	   0,0243383	74,7
     31,3851	   0,0241087	75,1	   0,0244955	75,2
     31,3871	   0,0240659	73,8	   0,0245458	75,8
     31,3891	   0,0242801	74,5	   0,0244729	75,1
      31,391	   0,0242224	74,7	   0,0246015	75,1
      31,393	    0,024335	75,6	   0,0247004	74,9
     31,3949	   0,0244367	74,9	   0,0246738	75,1
     31,3969	     0,02383	74,7	   0,0247017	75,7
     31,3988	   0,0245353	75,6	   0,0248421	75,5
     31,4008	   0,0245975	74,7	   0,0248877	74,9
     31,4027	   0,0244484	75,0	   0,0249332	74,6
     31,4047	   0,0246365	74,9	   0,0248983	75,4
     31,4066	   0,0247829	75,2	   0,0250673	75,5
     31,4086	   0,0247262	75,2	   0,0251305	75,3
     31,4106	   0,0247394	75,0	    0,025094	74,9
     31,4125	   0,0247369	73,9	   0,0251885	74,2
     31,4145	   0,0249432	74,6	    0,025242	74,9
     31,4164	   0,0249053	75,2	   0,0252642	75,6
     31,4184	   0,0250333	74,8	   0,0253544	76,1
     31,4203	   0,0251142	75,2	   0,0254485	75,5
     31,4223	   0,0250506	74,7	   0,0254626	74,8
     31,4242	   0,0251331	75,3	   0,0255202	74,7
     31,4262	   0,0252592	75,1	   0,0255408	75,4
     31,4282	   0,0252639	74,9	   0,0256849	75,7
     31,4301	   0,0253469	75,2	   0,0257716	75,8
     31,4321	   0,0253708	75,8	   0,0257209	74,9
      31,434	   0,0253928	75,0	   0,0257714	74,6
      31,436	   0,0255675	75,0	   0,0259215	75,2
     31,4379	    0,025632	75,2	   0,0259546	75,9
     31,4399	   0,0255527	74,9	   0,0259891	76,0
     31,4418	   0,0257024	76,0	   0,0261142	75,0
     31,4438	   0,0257672	74,9	   0,0260998	75,2
     31,4457	   0,0258017	74,9	   0,0262031	75,0
     31,4477	   0,0258205	75,4	   0,0263197	75,5
     31,4497	   0,0258492	75,0	   0,0263307	76,1
     31,4516	   0,0257906	74,1	   0,0263373	75,5
     31,4536	   0,0260841	74,9	     0,02646	75,2
     31,4555	    0,026131	75,6	   0,0265211	75,0
     31,4575	   0,0260532	75,0	   0,0266184	75,3
     31,4594	    0,026062	75,8	   0,0265829	76,0
     31,4614	   0,0262853	75,4	   0,0266574	75,6
     31,4633	   0,0263414	74,8	   0,0268214	75,8
     31,4653	   0,0264632	75,3	   0,0268452	75,4
     31,4673	   0,0265293	75,3	    0,026918	75,2
     31,4692	   0,0265264	75,4	   0,0270243	75,7
     31,4712	   0,0266348	75,2	   0,0270678	76,1
     31,4731	   0,0267892	75,9	   0,0271028	75,9
     31,4751	   0,0265749	74,9	   0,0272391	75,0
      31,477	   0,0264658	75,7	   0,0272873	75,0
      31,479	   0,0268261	75,4	   0,0273351	75,9
     31,4809	   0,0270166	75,4	   0,0274294	75,4
     31,4829	   0,0269149	75,2	   0,0275316	75,7
     31,4848	   0,0265544	74,4	    0,027561	75,9
     31,4868	   0,0268954	76,4	   0,0276562	75,8
     31,4888	   0,0272182	75,8	   0,0277855	75,2
     31,4907	   0,0272839	75,4	   0,0278309	76,2
     31,4927	   0,0273255	75,5	   0,0278505	76,0
     31,4946	   0,0274523	75,3	   0,0279449	75,6
     31,4966	   0,0275313	75,9	   0,0280223	76,5
     31,4985	   0,0276259	76,1	   0,0280904	75,9
     31,5005	   0,0276869	75,3	   0,0281647	76,0
     31,5024	   0,0277585	75,1	    0,028268	76,2
     31,5044	   0,0277749	75,4	   0,0283777	76,3
     31,5064	   0,0277498	76,4	   0,0283732	75,6
     31,5083	   0,0278566	76,5	   0,0285051	75,5
     31,5103	   0,0277781	75,4	   0,0286351	75,9
     31,5122	   0,0277164	74,3	   0,0285782	75,5
     31,5142	   0,0276722	75,9	   0,0286771	75,7
     31,5161	   0,0281652	76,5	   0,0288622	76,1
     31,5181	   0,0282526	75,8	   0,0289466	76,3
       31,52	   0,0284053	75,0	   0,0289507	76,5
      31,522	   0,0280341	75,1	   0,0290058	75,7
     31,5239	   0,0281439	75,6	   0,0291646	75,5
     31,5259	   0,0286553	76,3	   0,0292202	76,2
     31,5279	   0,0285016	75,1	   0,0293104	75,9
     31,5298	   0,0284836	74,9	   0,0294723	76,4
     31,5318	   0,0289108	75,7	   0,0295856	76,2
     31,5337	   0,0290148	76,3	   0,0295804	76,3
     31,5357	   0,0289369	76,6	   0,0296698	76,1
     31,5376	   0,0290576	76,1	   0,0298305	76,9
     31,5396	   0,0290591	75,3	   0,0298865	76,8
     31,5415	   0,0287678	75,3	   0,0299338	76,9
     31,5435	   0,0292799	77,2	   0,0299804	76,8
     31,5455	   0,0295333	76,2	   0,0301431	76,5
     31,5474	    0,029286	76,5	   0,0302696	76,1
     31,5494	   0,0294386	76,3	   0,0303226	76,0
     31,5513	   0,0294062	75,3	    0,030415	76,4
     31,5533	   0,0293077	75,2	   0,0304751	76,7
     31,5552	   0,0299668	76,4	   0,0305845	76,8
     31,5572	   0,0299505	76,6	   0,0307637	77,1
     31,5591	   0,0301868	75,9	   0,0308965	76,3
     31,5611	   0,0302547	76,0	   0,0309803	76,5
      31,563	   0,0301419	75,8	   0,0310379	76,0
      31,565	   0,0301679	75,4	   0,0310897	76,0
      31,567	    0,030585	76,9	   0,0312817	76,2
     31,5689	   0,0302021	76,6	   0,0314267	76,6
     31,5709	    0,030332	76,1	   0,0314896	77,0
     31,5728	   0,0305322	76,0	   0,0315521	76,8
     31,5748	   0,0308749	76,2	   0,0316737	77,0
     31,5767	   0,0309822	77,1	   0,0318247	76,7
     31,5787	    0,030843	75,9	   0,0319644	76,5
     31,5806	   0,0311182	76,0	   0,0320056	76,4
     31,5826	   0,0312526	76,4	   0,0320724	77,1
     31,5846	   0,0313756	76,7	   0,0321961	77,1
     31,5865	   0,0310227	76,0	   0,0323887	77,3
     31,5885	   0,0313064	76,8	   0,0325106	77,6
     31,5904	   0,0316706	77,0	   0,0326206	77,6
     31,5924	   0,0313997	76,3	   0,0326705	77,3
     31,5943	   0,0318646	76,1	   0,0328049	76,9
     31,5963	    0,032093	76,4	    0,033002	76,8
     31,5982	   0,0319267	76,6	   0,0331963	76,9
     31,6002	   0,0321103	77,0	    0,033271	77,6
     31,6021	   0,0323507	77,3	   0,0332901	77,4
     31,6041	   0,0324657	76,8	   0,0334265	77,8
     31,6061	   0,0324275	76,9	   0,0336298	78,1
      31,608	   0,0326883	76,8	   0,0337091	77,9
       31,61	   0,0326445	77,1	   0,0338819	76,9
     31,6119	   0,0329026	77,7	   0,0340532	76,9
     31,6139	   0,0326868	76,4	   0,0341553	77,6
     31,6158	   0,0332425	77,1	   0,0342873	77,1
     31,6178	   0,0331185	77,3	   0,0345129	77,4
     31,6197	   0,0332396	76,5	   0,0345976	77,9
     31,6217	    0,033294	76,5	   0,0346838	77,7
     31,6237	   0,0337323	77,7	   0,0348272	78,2
     31,6256	    0,033845	77,9	   0,0349844	78,4
     31,6276	   0,0337872	77,3	   0,0351385	78,7
     31,6295	   0,0338892	77,5	   0,0353206	78,2
     31,6315	    0,034099	77,8	   0,0355017	77,5
     31,6334	   0,0343233	78,0	   0,0356469	77,8
     31,6354	   0,0341734	78,0	   0,0358047	78,5
     31,6373	   0,0341699	76,9	   0,0358799	77,8
     31,6393	    0,034409	77,7	   0,0360204	78,4
     31,6413	   0,0345409	77,6	   0,0361711	78,3
     31,6432	   0,0347765	78,3	   0,0364123	78,2
     31,6452	   0,0351807	78,1	   0,0365916	78,8
     31,6471	   0,0351318	78,4	   0,0367549	79,7
     31,6491	   0,0354134	78,1	   0,0369736	79,5
      31,651	   0,0355008	77,2	   0,0370978	78,7
      31,653	   0,0355333	77,2	   0,0372834	78,3
     31,6549	   0,0354927	77,8	   0,0374597	79,2
     31,6569	    0,036024	78,3	   0,0376051	78,5
     31,6588	    0,036292	78,3	   0,0378225	78,5
     31,6608	   0,0362246	78,2	   0,0380548	79,2
     31,6628	   0,0365833	78,4	   0,0382601	79,8
     31,6647	   0,0367377	78,3	   0,0385009	80,1
     31,6667	   0,0367023	78,1	   0,0386468	79,9
     31,6686	   0,0370367	78,2	   0,0387849	80,1
     31,6706	   0,0369806	78,3	    0,039037	79,9
     31,6725	   0,0371477	78,5	   0,0392722	79,6
     31,6745	   0,0375583	79,1	   0,0394519	80,4
     31,6764	   0,0376314	78,7	   0,0397437	80,2
     31,6784	   0,0376599	79,0	   0,0400045	80,0
     31,6804	   0,0379061	79,8	   0,0401878	80,2
     31,6823	   0,0381325	79,2	   0,0404146	80,5
     31,6843	   0,0383665	78,4	   0,0406928	81,0
     31,6862	   0,0386722	79,2	   0,0409511	80,7
     31,6882	   0,0385499	79,0	   0,0411771	81,4
     31,6901	     0,03909	79,2	   0,0414095	81,9
     31,6921	   0,0390428	79,1	   0,0416154	81,4
      31,694	   0,0394537	80,1	   0,0419052	81,8
      31,696	   0,0397735	80,3	   0,0421903	81,8
     31,6979	   0,0394974	80,0	   0,0424775	81,7
     31,6999	   0,0399417	79,2	   0,0428484	81,4
     31,7019	   0,0403044	80,4	   0,0431609	81,6
     31,7038	   0,0400116	79,5	   0,0434188	82,3
     31,7058	   0,0405291	79,9	   0,0437395	82,8
     31,7077	   0,0406583	79,6	    0,044073	82,1
     31,7097	   0,0407946	79,4	   0,0443729	81,8
     31,7116	   0,0414562	80,2	   0,0446949	82,7
     31,7136	   0,0415529	81,0	   0,0450511	83,4
     31,7155	   0,0418307	81,0	   0,0454135	83,9
     31,7175	   0,0417794	80,6	   0,0458316	83,7
     31,7195	   0,0424581	81,6	   0,0462745	84,2
     31,7214	   0,0424673	81,0	   0,0467105	84,3
     31,7234	   0,0429018	80,6	   0,0471503	84,4
     31,7253	   0,0430611	80,6	   0,0475898	83,9
     31,7273	   0,0435499	81,5	   0,0480076	84,6
     31,7292	   0,0438861	81,5	   0,0484611	84,9
     31,7312	   0,0441106	82,2	    0,049026	85,2
     31,7331	   0,0444301	82,5	   0,0496798	85,7
     31,7351	   0,0445112	82,0	   0,0503686	85,7
      31,737	   0,0449054	82,8	    0,051214	86,1
      31,739	   0,0454273	82,9	   0,0522115	86,6
      31,741	   0,0457668	82,5	   0,0533637	87,4
     31,7429	   0,0460451	83,2	   0,0547113	88,1
     31,7449	   0,0463861	83,0	   0,0561776	89,5
     31,7468	    0,046701	82,8	   0,0578265	90,0
     31,7488	   0,0470872	83,0	   0,0595542	91,6
     31,7507	   0,0474578	83,6	    0,061331	93,3
     31,7527	   0,0478242	84,8	   0,0627831	93,7
     31,7546	   0,0480135	83,8	   0,0647694	96,1
     31,7566	   0,0486538	84,3	   0,0667616	97,7
     31,7586	   0,0489377	84,4	   0,0685273	99,7
     31,7605	   0,0495291	85,0	     0,07031	102,3
     31,7625	   0,0498125	86,0	   0,0723033	104,4
     31,7644	   0,0503432	85,6	   0,0739971	105,4
     31,7664	   0,0507638	85,2	   0,0756252	107,4
     31,7683	   0,0511837	86,0	   0,0771671	109,5
     31,7703	   0,0517702	86,4	   0,0786326	111,0
     31,7722	    0,052305	86,9	   0,0800475	113,4
     31,7742	   0,0528859	87,0	   0,0811499	114,1
     31,7761	   0,0534232	87,0	   0,0823752	116,4
     31,7781	   0,0539858	87,8	   0,0835387	118,3
     31,7801	   0,0545386	88,7	   0,0846355	119,1
      31,782	   0,0551997	88,8	   0,0854991	120,6
      31,784	   0,0558114	89,6	   0,0865788	122,4
     31,7859	   0,0564987	91,1	   0,0874854	123,4
     31,7879	    0,057093	90,7	   0,0881609	125,4
     31,7898	     0,05785	91,8	   0,0889358	126,6
     31,7918	   0,0586304	91,8	   0,0896386	127,5
     31,7937	   0,0593842	92,8	   0,0895213	128,9
     31,7957	   0,0602316	93,8	    0,090407	130,9
     31,7977	   0,0610152	94,5	   0,0908727	131,9
     31,7996	   0,0619826	95,6	   0,0916218	133,0
     31,8016	    0,062995	96,6	   0,0920253	134,9
     31,8035	   0,0639859	97,0	   0,0919328	136,1
     31,8055	   0,0650543	98,4	    0,092029	136,7
     31,8074	   0,0661525	99,6	   0,0922633	137,8
     31,8094	   0,0672808	100,6	   0,0932245	138,4
     31,8113	   0,0684726	102,3	   0,0931515	140,3
     31,8133	   0,0695328	103,8	    0,093645	141,4
     31,8152	    0,070886	105,1	    0,094049	142,6
     31,8172	   0,0722518	106,6	   0,0942913	144,3
     31,8192	   0,0736621	107,7	    0,093632	145,4
     31,8211	    0,075169	110,5	    0,094439	145,9
     31,8231	   0,0766575	111,5	   0,0944248	147,1
      31,825	   0,0782084	113,8	   0,0941217	147,3
      31,827	   0,0798158	116,3	   0,0957006	148,0
     31,8289	   0,0813187	118,4	   0,0955041	149,8
     31,8309	   0,0827968	121,4	   0,0954694	150,0
     31,8328	   0,0834782	123,6	   0,0947759	151,2
     31,8348	   0,0851661	127,0	   0,0955343	152,7
     31,8368	    0,086582	128,7	   0,0955341	152,6
     31,8387	   0,0884187	131,6	   0,0959987	153,7
     31,8407	   0,0898548	133,9	   0,0959324	154,8
     31,8426	   0,0907983	136,4	   0,0955516	154,8
     31,8446	   0,0920729	139,1	   0,0955708	155,5
     31,8465	   0,0930677	142,5	    0,095434	156,2
     31,8485	    0,093835	144,8	    0,095286	157,8
     31,8504	   0,0942064	146,6	   0,0944847	158,1
     31,8524	   0,0948161	148,2	   0,0954135	158,3
     31,8543	   0,0951996	150,2	   0,0950951	159,8
     31,8563	   0,0951302	153,0	    0,094792	160,3
     31,8583	   0,0952648	154,2	   0,0951581	161,2
     31,8602	   0,0951893	156,4	   0,0943746	161,8
     31,8622	   0,0951115	158,4	   0,0946115	162,1
     31,8641	   0,0951562	159,1	    0,094657	163,5
     31,8661	   0,0948373	160,5	   0,0945813	163,1
      31,868	   0,0944264	161,0	   0,0947869	164,1
       31,87	   0,0943764	162,1	    0,094708	165,2
     31,8719	   0,0945135	162,5	   0,0945162	165,7
     31,8739	     0,09444	163,7	   0,0938214	165,6
     31,8759	   0,0940756	164,7	   0,0942518	166,8
     31,8778	   0,0931842	166,1	   0,0939536	167,8
     31,8798	    0,093708	166,3	   0,0936121	168,0
     31,8817	   0,0932713	166,8	   0,0920783	169,1
     31,8837	    0,093285	167,6	   0,0935239	169,2
     31,8856	   0,0931331	169,0	   0,0930288	170,4
     31,8876	   0,0929283	169,3	   0,0930813	170,3
     31,8895	   0,0925666	170,0	   0,0928744	170,7
     31,8915	    0,092275	170,9	   0,0922952	172,2
     31,8934	   0,0917106	171,0	   0,0918872	171,9
     31,8954	   0,0918217	171,0	   0,0923342	172,8
     31,8974	   0,0913599	172,6	   0,0920182	173,5
     31,8993	   0,0912534	172,7	   0,0918743	173,2
     31,9013	   0,0910494	174,2	   0,0915785	174,1
     31,9032	   0,0908099	174,1	    0,090858	174,0
     31,9052	    0,090581	175,0	   0,0901678	174,7
     31,9071	   0,0903156	174,8	   0,0905423	174,8
     31,9091	   0,0900063	175,6	   0,0906753	175,6
      31,911	   0,0897475	176,4	   0,0903653	176,3
      31,913	   0,0894964	176,9	   0,0900032	176,5
      31,915	   0,0892009	176,5	    0,088718	177,6
     31,9169	   0,0889202	178,4	   0,0896891	178,1
     31,9189	   0,0879378	179,1	   0,0895192	178,1
     31,9208	   0,0882461	179,7	   0,0892604	179,2
     31,9228	   0,0880362	179,3	   0,0888747	179,0
     31,9247	   0,0876944	180,0	   0,0885086	179,6
     31,9267	   0,0873884	180,5	    0,088472	180,6
     31,9286	   0,0871242	180,9	   0,0874015	181,0
     31,9306	   0,0868163	181,7	   0,0878909	181,2
     31,9326	   0,0865364	181,5	   0,0875724	182,5
     31,9345	   0,0861339	182,5	   0,0873741	181,7
     31,9365	   0,0858933	182,8	   0,0871242	182,3
     31,9384	   0,0851036	183,9	   0,0868625	182,1
     31,9404	   0,0848768	183,8	   0,0863875	183,4
     31,9423	   0,0845181	184,6	   0,0861792	183,1
     31,9443	   0,0847296	185,6	   0,0860989	183,9
     31,9462	   0,0836048	185,4	   0,0858152	184,8
     31,9482	   0,0838377	186,0	   0,0855247	185,0
     31,9501	   0,0838977	186,5	   0,0852218	185,9
     31,9521	   0,0832946	186,5	   0,0848735	185,8
     31,9541	   0,0823633	187,6	   0,0847015	187,5
      31,956	   0,0818858	187,7	   0,0844511	187,0
      31,958	    0,082529	187,6	   0,0841345	187,2
     31,9599	    0,081997	188,1	   0,0838683	188,2
     31,9619	   0,0813058	188,0	   0,0835541	187,9
     31,9638	   0,0815074	188,3	   0,0832659	188,1
     31,9658	   0,0807799	190,3	   0,0830007	189,0
     31,9677	    0,081201	189,2	   0,0827166	189,4
     31,9697	   0,0802652	190,1	   0,0824971	190,5
     31,9717	   0,0798708	190,4	   0,0822419	190,3
     31,9736	   0,0801481	190,4	    0,081908	191,1
     31,9756	   0,0801041	191,1	   0,0816018	191,1
     31,9775	   0,0796864	191,7	   0,0812937	191,7
     31,9795	   0,0788403	192,0	   0,0810608	192,1
     31,9814	   0,0784673	192,4	   0,0807033	192,2
     31,9834	   0,0787918	192,7	   0,0804226	193,1
     31,9853	   0,0783936	193,1	   0,0800517	193,6
     31,9873	   0,0768653	193,6	   0,0799217	193,2
     31,9892	   0,0767225	194,1	   0,0796661	193,2
     31,9912	   0,0771066	194,1	   0,0793914	193,7
     31,9932	   0,0768625	195,4	   0,0790271	194,1
     31,9951	   0,0762871	195,3	    0,078724	194,0
     31,9971	   0,0755731	195,8	   0,0782766	194,9
      31,999	   0,0759938	195,8	   0,0781659	194,8
      32,001	   0,0755685	196,2	   0,0778597	195,0
     32,0029	   0,0751853	196,7	   0,0776377	196,2
     32,0049	   0,0753284	196,7	     0,07738	196,4
     32,0068	   0,0748449	197,4	   0,0769731	196,7
     32,0088	   0,0748757	197,7	   0,0766965	197,1
     32,0108	   0,0740285	197,9	   0,0766037	197,5
     32,0127	   0,0736996	198,4	   0,0761383	197,9
     32,0147	   0,0737147	198,6	   0,0759792	198,3
     32,0166	   0,0732128	199,1	    0,075672	198,3
     32,0186	   0,0733367	199,5	   0,0753605	198,8
     32,0205	   0,0724156	199,6	   0,0750768	199,3
     32,0225	   0,0729442	-159,9	   0,0749159	199,5
     32,0244	   0,0719585	-159,7	   0,0742042	199,8
     32,0264	   0,0717359	-159,2	   0,0736849	-159,8
     32,0283	   0,0717082	-159,2	    0,073382	-159,6
     32,0303	   0,0712741	-157,8	   0,0735463	-159,0
     32,0323	   0,0713499	-158,8	   0,0734917	-158,9
     32,0342	   0,0710082	-158,4	   0,0729389	-158,4
     32,0362	   0,0705389	-157,7	   0,0727247	-158,4
     32,0381	    0,070552	-157,4	   0,0726644	-158,0
     32,0401	   0,0703147	-157,2	   0,0724079	-157,7
      32,042	    0,069724	-156,9	   0,0718314	-157,4
      32,044	   0,0694346	-156,3	   0,0716611	-157,1
     32,0459	   0,0694442	-156,3	   0,0713721	-156,8
     32,0479	   0,0690078	-155,7	   0,0711446	-156,4
     32,0499	   0,0684914	-155,8	   0,0710061	-156,1
     32,0518	   0,0682225	-155,2	   0,0706848	-155,9
     32,0538	   0,0680451	-155,0	   0,0704261	-155,8
     32,0557	   0,0674293	-154,3	   0,0699847	-155,3
     32,0577	     0,06748	-154,2	   0,0695266	-154,9
     32,0596	   0,0668624	-153,9	   0,0697499	-154,8
     32,0616	   0,0668879	-153,7	    0,068975	-154,2
     32,0635	   0,0668955	-153,6	    0,069176	-154,1
     32,0655	   0,0661303	-153,3	   0,0686728	-153,8
     32,0674	   0,0663822	-152,8	   0,0683293	-153,4
     32,0694	   0,0659546	-152,9	   0,0679899	-153,2
     32,0714	   0,0658491	-152,4	   0,0673967	-152,8
     32,0733	   0,0655524	-152,2	   0,0676818	-152,5
     32,0753	   0,0650971	-151,9	   0,0667264	-152,0
     32,0772	   0,0650204	-151,6	   0,0668628	-152,0
     32,0792	   0,0644312	-151,2	   0,0665103	-151,6
     32,0811	   0,0644333	-151,1	   0,0661826	-151,4
     32,0831	   0,0637278	-150,7	   0,0659668	-151,1
      32,085	    0,063615	-150,4	   0,0661642	-151,1
      32,087	   0,0635462	-150,1	   0,0656959	-150,7
      32,089	    0,063481	-150,1	   0,0652845	-150,4
     32,0909	   0,0631914	-149,7	   0,0649942	-150,2
     32,0929	   0,0627243	-149,7	   0,0647271	-150,0
     32,0948	   0,0622479	-149,1	     0,06421	-149,4
     32,0968	    0,062334	-149,1	   0,0644628	-149,3
     32,0987	     0,06206	-148,7	   0,0638365	-148,9
     32,1007	   0,0619397	-148,5	   0,0636968	-148,6
     32,1026	   0,0615601	-147,9	   0,0633185	-148,3
     32,1046	   0,0613937	-147,9	   0,0629187	-148,0
     32,1065	   0,0609918	-147,5	   0,0628859	-147,8
     32,1085	   0,0607084	-147,6	   0,0628997	-147,5
     32,1105	   0,0603994	-147,1	   0,0621347	-147,4
     32,1124	   0,0602969	-146,9	   0,0620725	-147,2
     32,1144	   0,0600504	-146,8	   0,0619173	-147,3
     32,1163	   0,0597361	-146,1	   0,0614693	-146,6
     32,1183	   0,0590893	-145,7	   0,0610475	-146,5
     32,1202	   0,0591943	-145,9	   0,0613142	-146,0
     32,1222	   0,0592079	-145,7	   0,0611408	-146,0
     32,1241	    0,058802	-145,5	   0,0610424	-145,8
     32,1261	   0,0585919	-145,4	    0,060373	-145,4
     32,1281	   0,0584921	-144,9	   0,0603196	-145,0
       32,13	   0,0581013	-144,6	   0,0600605	-144,8
      32,132	   0,0579735	-144,5	    0,059942	-144,7
     32,1339	   0,0575948	-144,1	   0,0596554	-144,7
     32,1359	   0,0574178	-143,6	   0,0593469	-144,2
     32,1378	   0,0569816	-143,3	   0,0591253	-143,9
     32,1398	   0,0566785	-143,7	   0,0588197	-143,5
     32,1417	    0,056362	-143,1	    0,058344	-143,6
     32,1437	   0,0564067	-142,7	    0,058275	-143,2
     32,1456	   0,0560939	-143,2	   0,0579495	-142,6
     32,1476	   0,0558772	-143,0	   0,0579035	-142,8
     32,1496	   0,0556713	-142,3	   0,0575732	-142,5
     32,1515	   0,0553791	-142,4	   0,0571429	-142,2
     32,1535	   0,0550822	-142,4	   0,0569565	-142,3
     32,1554	   0,0549642	-142,2	   0,0569005	-141,8
     32,1574	   0,0547294	-141,8	   0,0567035	-141,8
     32,1593	   0,0544989	-141,4	   0,0565257	-141,6
     32,1613	   0,0539462	-141,0	   0,0563111	-141,4
     32,1632	   0,0537072	-141,2	   0,0556527	-141,0
     32,1652	   0,0537889	-141,1	   0,0555764	-140,9
     32,1672	    0,053392	-140,5	    0,055191	-140,6
     32,1691	   0,0530718	-140,6	   0,0545015	-140,0
     32,1711	   0,0532231	-139,8	   0,0546826	-140,2
      32,173	   0,0527396	-139,8	   0,0544532	-139,8
      32,175	   0,0526601	-139,6	   0,0544392	-139,9
     32,1769	   0,0524722	-139,3	   0,0540298	-139,5
     32,1789	   0,0522781	-138,8	    0,053871	-139,3
     32,1808	   0,0517914	-139,4	   0,0536817	-139,2
     32,1828	    0,051861	-138,8	   0,0531157	-138,8
     32,1847	   0,0516753	-138,3	   0,0531866	-138,5
     32,1867	   0,0514265	-138,3	   0,0526315	-138,4
     32,1887	   0,0511763	-138,1	   0,0523763	-138,1
     32,1906	   0,0509343	-137,7	   0,0522554	-137,8
     32,1926	   0,0506968	-137,6	   0,0521384	-137,6
     32,1945	   0,0504016	-137,2	   0,0516283	-137,5
     32,1965	   0,0502526	-136,9	   0,0517255	-137,3
     32,1984	   0,0500327	-137,0	   0,0514226	-136,9
     32,2004	   0,0498504	-136,9	   0,0515369	-137,0
     32,2023	   0,0495753	-136,5	   0,0508321	-136,8
     32,2043	   0,0493842	-136,6	   0,0510942	-136,6
     32,2063	   0,0490649	-136,4	   0,0502098	-136,2
     32,2082	   0,0487863	-135,7	   0,0502105	-136,3
     32,2102	   0,0484706	-135,8	    0,049453	-136,0
     32,2121	   0,0484632	-135,8	   0,0493053	-136,0
     32,2141	   0,0482743	-135,5	   0,0495621	-135,8
      32,216	   0,0480159	-135,5	   0,0491416	-135,9
      32,218	   0,0478158	-135,3	   0,0490229	-135,3
     32,2199	   0,0475601	-134,8	   0,0489956	-135,0
     32,2219	   0,0474157	-134,9	   0,0483864	-134,9
     32,2239	   0,0471671	-134,3	   0,0488444	-134,5
     32,2258	   0,0470043	-134,5	   0,0483142	-134,4
     32,2278	    0,046783	-134,0	   0,0477623	-134,1
     32,2297	   0,0465061	-134,1	   0,0478161	-133,8
     32,2317	   0,0462947	-133,8	   0,0475424	-133,5
     32,2336	   0,0460841	-133,9	   0,0472542	-133,6
     32,2356	   0,0459104	-133,5	   0,0469204	-133,2
     32,2375	   0,0455045	-133,2	   0,0468291	-133,1
     32,2395	   0,0454857	-133,1	   0,0463613	-132,9
     32,2414	   0,0451393	-133,0	   0,0466288	-132,9
     32,2434	   0,0450986	-132,9	   0,0461734	-132,6
     32,2454	   0,0447685	-132,5	   0,0460867	-132,4
     32,2473	   0,0445972	-132,5	   0,0456626	-132,1
     32,2493	    0,044503	-132,1	   0,0455178	-131,9
     32,2512	   0,0442266	-131,9	   0,0452511	-131,9
     32,2532	   0,0440522	-131,8	   0,0453607	-131,9
     32,2551	   0,0438437	-131,7	   0,0449456	-131,8
     32,2571	    0,043619	-131,4	   0,0447648	-131,0
      32,259	   0,0433941	-131,3	   0,0445324	-131,3
      32,261	   0,0431903	-131,3	   0,0443763	-131,1
      32,263	   0,0430228	-131,0	   0,0443134	-130,8
     32,2649	   0,0428421	-131,1	   0,0438539	-130,8
     32,2669	   0,0426406	-130,6	   0,0439105	-130,6
     32,2688	   0,0422137	-130,2	    0,043163	-130,1
     32,2708	     0,04222	-130,5	   0,0429119	-129,9
     32,2727	   0,0419634	-130,2	   0,0428854	-130,3
     32,2747	   0,0417134	-130,2	   0,0427509	-130,0
     32,2766	   0,0416339	-130,2	   0,0424506	-129,7
     32,2786	   0,0414276	-130,0	   0,0422989	-129,6
     32,2805	   0,0412368	-129,8	   0,0425163	-129,6
     32,2825	   0,0409764	-129,3	   0,0421022	-129,2
     32,2845	    0,040861	-129,5	   0,0420651	-129,4
     32,2864	   0,0405553	-129,2	   0,0416099	-128,9
     32,2884	   0,0403533	-129,1	   0,0410018	-128,5
     32,2903	   0,0402067	-128,8	   0,0416352	-128,8
     32,2923	   0,0400775	-128,9	   0,0410691	-128,4
     32,2942	   0,0399402	-128,7	   0,0411538	-128,6
     32,2962	    0,039355	-128,2	   0,0403959	-128,2
     32,2981	    0,039353	-128,5	   0,0403802	-127,9
     32,3001	   0,0392641	-128,2	   0,0402845	-127,9
     32,3021	   0,0391225	-128,0	    0,039907	-127,5
      32,304	   0,0389664	-128,0	   0,0397444	-127,4
      32,306	   0,0387901	-127,7	   0,0397415	-127,5
     32,3079	   0,0385755	-127,6	   0,0395697	-126,9
     32,3099	   0,0384079	-127,6	   0,0392835	-127,3
     32,3118	   0,0381221	-127,4	   0,0389207	-127,0
     32,3138	   0,0380324	-127,2	     0,03856	-126,5
     32,3157	   0,0377174	-126,8	   0,0386556	-126,6
     32,3177	   0,0376864	-127,1	   0,0383563	-126,5
     32,3196	   0,0374951	-126,7	   0,0382323	-126,2
     32,3216	   0,0370733	-126,5	   0,0382197	-126,5
     32,3236	   0,0370111	-126,2	   0,0377004	-126,1
     32,3255	   0,0367919	-126,6	   0,0377805	-126,1
     32,3275	   0,0367452	-126,3	   0,0376134	-125,8
     32,3294	   0,0365956	-126,3	   0,0374132	-125,8
     32,3314	   0,0363624	-126,2	       0,037	-125,5
     32,3333	   0,0361695	-126,1	   0,0369591	-125,3
     32,3353	   0,0360801	-125,7	   0,0365028	-125,3
     32,3372	   0,0358941	-125,6	   0,0365605	-125,0
     32,3392	   0,0356584	-125,6	   0,0364667	-125,3
     32,3412	   0,0354507	-125,5	   0,0362712	-125,2
     32,3431	   0,0353543	-125,5	   0,0358468	-124,7
     32,3451	   0,0350593	-125,3	   0,0357788	-125,0
      32,347	   0,0350518	-125,0	   0,0356076	-124,4
      32,349	   0,0346627	-125,0	   0,0353891	-124,2
     32,3509	   0,0345082	-124,9	    0,035487	-124,4
     32,3529	   0,0342763	-124,9	   0,0352986	-124,3
     32,3548	   0,0342245	-124,8	   0,0350147	-124,0
     32,3568	   0,0339836	-124,7	   0,0349277	-124,1
     32,3587	   0,0339142	-124,6	   0,0345083	-123,6
     32,3607	    0,033734	-124,5	   0,0348306	-124,2
     32,3627	   0,0335537	-124,2	   0,0340669	-123,4
     32,3646	   0,0335318	-124,0	   0,0342546	-123,8
     32,3666	   0,0330916	-123,4	   0,0340006	-123,5
     32,3685	   0,0331403	-123,8	   0,0337832	-123,6
     32,3705	    0,032887	-124,0	   0,0335684	-122,9
     32,3724	   0,0328497	-123,4	   0,0334614	-123,3
     32,3744	   0,0325612	-123,6	   0,0331053	-122,8
     32,3763	   0,0322764	-123,6	    0,033389	-123,4
     32,3783	   0,0321773	-123,7	   0,0330952	-123,2
     32,3803	   0,0320735	-123,4	   0,0325021	-122,3
     32,3822	    0,031921	-123,1	   0,0324844	-122,8
     32,3842	    0,031839	-123,4	   0,0326747	-122,8
     32,3861	   0,0312858	-122,5	   0,0326932	-122,9
     32,3881	   0,0313817	-123,1	   0,0322612	-122,6
       32,39	   0,0312448	-122,9	     0,03189	-121,7
      32,392	   0,0312715	-122,5	   0,0317578	-122,2
     32,3939	   0,0308462	-123,1	   0,0315518	-121,7
     32,3959	   0,0307649	-122,6	   0,0314433	-121,4
     32,3979	   0,0306035	-122,7	   0,0311543	-121,7
     32,3998	   0,0304639	-122,3	   0,0308854	-121,6
     32,4018	   0,0303117	-122,4	   0,0308386	-121,4
     32,4037	   0,0301436	-122,3	   0,0308577	-121,3
     32,4057	   0,0299493	-122,5	   0,0305994	-121,3
     32,4076	   0,0298952	-122,1	   0,0306627	-121,6
     32,4096	   0,0298238	-121,8	   0,0306628	-121,8
     32,4115	   0,0296041	-122,0	   0,0300095	-120,9
     32,4135	   0,0293657	-122,2	   0,0301606	-121,5
     32,4154	   0,0292139	-121,9	   0,0299285	-120,9
     32,4174	   0,0290999	-121,7	   0,0297635	-120,8
     32,4194	   0,0290154	-121,7	   0,0295681	-120,6
     32,4213	   0,0288842	-121,2	   0,0295944	-120,9
     32,4233	    0,028675	-121,4	   0,0291077	-120,1
     32,4252	   0,0286455	-121,3	   0,0289209	-120,2
     32,4272	   0,0286248	-121,4	    0,029044	-120,0
     32,4291	   0,0281149	-120,4	   0,0290865	-120,3
     32,4311	    0,028143	-121,2	   0,0288526	-120,1
      32,433	   0,0279071	-121,4	   0,0286107	-120,0
      32,435	   0,0277116	-120,5	   0,0284259	-119,9
      32,437	   0,0276821	-121,1	   0,0282913	-119,8
     32,4389	   0,0275241	-121,4	   0,0280879	-119,9
     32,4409	   0,0276793	-120,7	   0,0277147	-119,8
     32,4428	   0,0272081	-121,1	   0,0277979	-119,8
     32,4448	   0,0270637	-120,1	   0,0279803	-120,2
     32,4467	   0,0269735	-120,5	   0,0276313	-120,2
     32,4487	   0,0265089	-120,4	   0,0273967	-119,2
     32,4506	   0,0266651	-120,9	   0,0271456	-119,3
     32,4526	   0,0264565	-120,4	   0,0269175	-119,4
     32,4545	    0,026294	-120,0	   0,0269606	-119,5
     32,4565	   0,0260628	-120,7	   0,0268117	-119,5
     32,4585	   0,0260028	-119,8	   0,0264715	-119,0
     32,4604	   0,0261187	-120,3	   0,0265151	-119,2
     32,4624	   0,0261307	-119,7	   0,0262894	-118,8
     32,4643	   0,0258386	-120,0	   0,0260144	-118,7
     32,4663	   0,0256474	-118,9	   0,0259525	-118,6
     32,4682	   0,0254979	-119,1	   0,0260961	-119,5
     32,4702	   0,0254356	-119,8	   0,0257496	-118,6
     32,4721	   0,0256039	-119,8	   0,0257013	-119,0
     32,4741	    0,025464	-119,7	   0,0256152	-119,0
     32,4761	   0,0250701	-119,4	   0,0256433	-119,4
      32,478	   0,0250003	-119,2	    0,025365	-118,9
       32,48	   0,0248491	-119,9	   0,0251961	-118,7
     32,4819	   0,0248371	-119,5	   0,0250819	-118,7
     32,4839	   0,0248712	-119,3	     0,02506	-119,3
     32,4858	   0,0244034	-118,9	   0,0249276	-118,6
     32,4878	   0,0244504	-119,3	   0,0247994	-118,6
     32,4897	   0,0242448	-119,6	   0,0247941	-118,2
     32,4917	   0,0241828	-119,4	   0,0244984	-118,6
     32,4936	   0,0240518	-119,1	   0,0243305	-118,3
     32,4956	   0,0241434	-119,0	    0,024274	-118,1
     32,4976	   0,0240636	-119,1	   0,0241815	-118,7
     32,4995	   0,0238364	-118,9	   0,0240893	-118,2
     32,5015	   0,0237495	-118,8	   0,0239985	-117,9
     32,5034	   0,0236392	-119,1	   0,0237268	-118,4
     32,5054	   0,0233124	-118,7	   0,0237207	-117,3
     32,5073	   0,0228118	-118,0	    0,023766	-118,3
     32,5093	   0,0233148	-118,7	   0,0233237	-117,2
     32,5112	   0,0231992	-118,7	   0,0233784	-117,4
     32,5132	   0,0226415	-118,2	   0,0233577	-118,0
     32,5152	   0,0228756	-117,9	   0,0231483	-118,1
     32,5171	    0,022804	-118,4	   0,0232508	-117,4
     32,5191	   0,0227538	-118,4	   0,0226537	-117,4
      32,521	   0,0226839	-118,2	   0,0228595	-117,0
      32,523	   0,0225508	-118,3	   0,0224894	-116,7
     32,5249	   0,0225361	-118,5	   0,0224796	-117,6
     32,5269	   0,0223799	-117,9	   0,0224299	-116,5
     32,5288	   0,0220327	-118,2	    0,022256	-117,2
     32,5308	    0,022197	-118,2	   0,0221419	-117,7
     32,5327	   0,0218524	-117,0	   0,0221384	-116,7
     32,5347	   0,0218278	-117,5	   0,0222206	-117,2
     32,5367	   0,0214707	-117,4	   0,0220231	-117,5
     32,5386	   0,0213271	-117,1	   0,0218671	-117,3
     32,5406	   0,0213709	-117,4	     0,02176	-117,2
     32,5425	   0,0215703	-118,0	   0,0218804	-117,8
     32,5445	   0,0212427	-117,2	   0,0216968	-118,0
     32,5464	   0,0209911	-117,9	   0,0218253	-116,9
     32,5484	   0,0211396	-117,1	   0,0215019	-117,0
     32,5503	   0,0209736	-117,3	   0,0213193	-117,5
     32,5523	   0,0209993	-117,9	   0,0212856	-118,2
     32,5543	    0,020739	-117,3	   0,0209994	-117,4
     32,5562	     0,02063	-117,9	   0,0209202	-116,4
     32,5582	   0,0207855	-117,9	   0,0208881	-116,0
     32,5601	   0,0205233	-117,3	   0,0204777	-116,9
     32,5621	    0,020524	-117,5	   0,0204157	-116,7
      32,564	   0,0204041	-116,8	   0,0203543	-116,9
      32,566	   0,0202704	-117,5	   0,0203717	-115,7
     32,5679	   0,0202427	-117,3	   0,0204845	-116,8
     32,5699	   0,0201486	-117,7	   0,0201383	-116,0
     32,5718	    0,020101	-117,5	   0,0200651	-117,1
     32,5738	   0,0200226	-117,5	   0,0199645	-117,0
     32,5758	   0,0198304	-116,9	   0,0199497	-115,9
     32,5777	    0,019672	-117,2	   0,0198545	-115,7
     32,5797	   0,0196713	-117,3	   0,0196226	-116,6
     32,5816	    0,019675	-117,4	   0,0196302	-115,3
     32,5836	   0,0195493	-117,1	   0,0195406	-116,3
     32,5855	   0,0194166	-117,3	   0,0193824	-115,6
     32,5875	   0,0193375	-117,3	   0,0193653	-116,8
     32,5894	   0,0191193	-117,2	    0,019276	-115,3
     32,5914	   0,0190209	-117,1	   0,0190762	-116,7
     32,5934	   0,0191227	-117,3	   0,0193471	-115,4
     32,5953	   0,0189182	-116,8	   0,0189602	-115,4
     32,5973	   0,0187424	-116,5	   0,0190005	-115,9
     32,5992	    0,018771	-116,7	   0,0190931	-115,7
     32,6012	   0,0188044	-116,9	   0,0189823	-116,6
     32,6031	   0,0185268	-115,7	   0,0187483	-116,0
     32,6051	   0,0184631	-116,6	   0,0186544	-114,7
      32,607	   0,0184881	-116,7	   0,0184647	-116,6
      32,609	   0,0184487	-117,0	   0,0184987	-116,6
     32,6109	   0,0183747	-116,9	   0,0184653	-115,3
     32,6129	   0,0182296	-116,6	   0,0182955	-115,8
     32,6149	   0,0179699	-116,0	    0,018158	-114,8
     32,6168	   0,0180115	-116,8	   0,0182547	-114,9
     32,6188	   0,0180629	-116,9	   0,0182308	-116,4
     32,6207	    0,017652	-114,5	   0,0179442	-115,5
     32,6227	   0,0177826	-116,6	   0,0179112	-116,3
     32,6246	   0,0176466	-116,2	   0,0178494	-113,7
     32,6266	   0,0176534	-116,8	   0,0179393	-115,7
     32,6285	   0,0176464	-116,8	    0,017608	-115,0
     32,6305	   0,0175775	-116,4	   0,0175817	-115,5
     32,6325	   0,0173334	-115,8	   0,0175941	-114,3
     32,6344	   0,0172913	-116,7	   0,0175316	-114,9
     32,6364	    0,017211	-115,0	   0,0173053	-114,9
     32,6383	   0,0171279	-115,2	   0,0172223	-114,1
     32,6403	   0,0169791	-115,0	    0,017244	-116,6
     32,6422	   0,0171384	-116,9	   0,0173187	-115,3
     32,6442	   0,0170252	-116,0	   0,0170363	-115,5
     32,6461	   0,0168473	-116,6	   0,0169684	-115,0
     32,6481	   0,0168663	-116,9	   0,0171045	-116,2
       32,65	   0,0168257	-116,2	   0,0169335	-115,0
      32,652	   0,0167127	-116,1	   0,0169209	-115,2
      32,654	   0,0165778	-116,2	   0,0168384	-116,7
     32,6559	   0,0165384	-116,5	   0,0166832	-114,8
     32,6579	   0,0165052	-115,6	   0,0166835	-114,5
     32,6598	    0,016379	-116,0	   0,0166488	-113,7
     32,6618	   0,0162377	-116,4	   0,0165485	-115,9
     32,6637	   0,0162637	-116,7	   0,0163768	-115,5
     32,6657	   0,0162445	-116,1	    0,016407	-115,9
     32,6676	   0,0160283	-116,1	   0,0164003	-115,0
     32,6696	   0,0160449	-116,5	   0,0162832	-116,0
     32,6716	   0,0160128	-116,3	   0,0161075	-115,4
     32,6735	   0,0159009	-116,4	   0,0160975	-116,4
     32,6755	   0,0158248	-116,3	    0,016163	-116,1
     32,6774	   0,0157428	-116,4	   0,0159366	-115,8
     32,6794	    0,015694	-116,2	   0,0158831	-116,2
     32,6813	   0,0156072	-116,2	      0,0159	-116,0
     32,6833	   0,0155952	-116,4	   0,0158004	-116,5
     32,6852	   0,0155324	-116,4	   0,0156608	-116,5
     32,6872	   0,0154165	-116,1	    0,015673	-115,8
     32,6891	   0,0153244	-116,2	   0,0155767	-116,2
     32,6911	   0,0152937	-116,2	   0,0155145	-116,1
     32,6931	   0,0152371	-116,1	   0,0154445	-115,9
      32,695	   0,0151975	-116,3	   0,0153638	-116,1
      32,697	   0,0150953	-116,0	   0,0153447	-116,3
     32,6989	   0,0150097	-116,0	   0,0152563	-116,4
     32,7009	   0,0149853	-116,1	   0,0151528	-116,3
     32,7028	   0,0148868	-116,2	   0,0150741	-116,0
     32,7048	   0,0148358	-116,1	   0,0150393	-115,9
     32,7067	   0,0148164	-116,2	   0,0149529	-116,0
     32,7087	   0,0146929	-116,0	   0,0149237	-116,0
     32,7107	   0,0145894	-116,6	   0,0149026	-115,7
     32,7126	   0,0146231	-115,8	   0,0147867	-116,2
     32,7146	   0,0145598	-115,9	   0,0147121	-116,2
     32,7165	   0,0144598	-116,0	   0,0146987	-116,0
     32,7185	    0,014399	-116,1	   0,0146032	-116,5
     32,7204	   0,0143423	-116,2	   0,0145053	-115,8
     32,7224	     0,01428	-115,9	    0,014532	-115,7
     32,7243	   0,0142221	-116,0	   0,0144015	-116,3
     32,7263	   0,0141498	-115,7	   0,0143781	-116,0
     32,7282	   0,0140615	-116,3	   0,0143253	-116,1
     32,7302	   0,0140971	-115,6	   0,0142701	-115,9
     32,7322	   0,0140005	-115,9	   0,0141161	-116,1
     32,7341	   0,0139007	-116,2	   0,0141295	-115,9
     32,7361	   0,0139093	-115,9	   0,0140148	-116,2
      32,738	   0,0138012	-116,0	   0,0139963	-115,8
       32,74	   0,0137483	-115,7	   0,0139689	-116,1
     32,7419	    0,013725	-116,0	   0,0138463	-116,0
     32,7439	   0,0136777	-115,5	   0,0137804	-116,0
     32,7458	   0,0135209	-115,9	   0,0138486	-115,7
     32,7478	   0,0135335	-116,2	    0,013683	-116,2
     32,7498	   0,0135114	-115,8	   0,0136149	-115,9
     32,7517	    0,013377	-115,9	   0,0135737	-115,8
     32,7537	   0,0133824	-116,2	   0,0135539	-116,0
     32,7556	   0,0133347	-116,0	   0,0134418	-116,1
     32,7576	   0,0132345	-115,7	    0,013371	-115,8
     32,7595	   0,0132221	-115,9	   0,0134193	-115,9
     32,7615	   0,0131376	-115,7	   0,0132867	-115,6
     32,7634	   0,0130381	-115,8	   0,0132099	-116,0
     32,7654	   0,0130859	-115,7	   0,0131829	-115,7
     32,7673	   0,0129749	-115,6	    0,013131	-115,6
     32,7693	   0,0128927	-115,8	   0,0131174	-115,9
     32,7713	   0,0128994	-116,1	   0,0130285	-116,0
     32,7732	    0,012854	-115,6	   0,0129512	-115,6
     32,7752	   0,0127482	-115,8	   0,0129067	-115,9
     32,7771	   0,0127251	-115,8	   0,0128478	-115,7
     32,7791	   0,0126583	-115,9	   0,0128451	-115,8
      32,781	   0,0126306	-115,8	    0,012769	-115,9
      32,783	   0,0125245	-115,7	   0,0127196	-115,8
     32,7849	   0,0125166	-115,8	   0,0125949	-115,8
     32,7869	   0,0124878	-115,9	   0,0126353	-115,6
     32,7889	   0,0123875	-115,7	   0,0126266	-115,9
     32,7908	   0,0123386	-115,8	   0,0124181	-116,2
     32,7928	   0,0123381	-115,9	   0,0124234	-115,3
     32,7947	   0,0122653	-115,6	   0,0125188	-116,2
     32,7967	   0,0121665	-116,0	   0,0122316	-116,6
     32,7986	   0,0121875	-115,8	   0,0122131	-115,7
     32,8006	   0,0120956	-115,6	   0,0123659	-115,6
     32,8025	   0,0121033	-115,7	   0,0121425	-116,3
     32,8045	   0,0120397	-115,6	   0,0120679	-115,6
     32,8064	   0,0119174	-115,8	   0,0121757	-115,7
     32,8084	    0,011931	-116,1	   0,0119716	-115,9
     32,8104	   0,0119114	-115,3	   0,0119788	-115,5
     32,8123	    0,011736	-116,0	   0,0120216	-115,7
     32,8143	   0,0118285	-115,8	   0,0118466	-116,2
     32,8162	   0,0116903	-115,6	   0,0118298	-115,2
     32,8182	   0,0116827	-116,1	   0,0118419	-116,1
     32,8201	   0,0116585	-115,9	    0,011709	-115,9
     32,8221	   0,0115509	-115,3	   0,0116755	-115,6
      32,824	   0,0115242	-115,6	    0,011643	-115,7
      32,826	   0,0115261	-115,5	   0,0116853	-115,8
      32,828	   0,0113808	-115,8	   0,0115106	-115,7
     32,8299	   0,0114324	-115,8	   0,0114971	-115,6
     32,8319	    0,011365	-115,9	   0,0114952	-115,8
     32,8338	   0,0113109	-115,8	   0,0113854	-115,5
     32,8358	   0,0112878	-115,6	     0,01138	-115,8
     32,8377	   0,0111838	-115,8	   0,0113357	-116,3
     32,8397	   0,0112002	-115,6	   0,0112607	-115,4
     32,8416	   0,0111444	-115,2	   0,0112269	-115,9
     32,8436	   0,0110895	-115,8	    0,011179	-115,8
     32,8456	    0,011083	-115,6	   0,0111124	-116,2
     32,8475	   0,0109676	-115,5	   0,0111765	-115,9
     32,8495	    0,010912	-115,7	   0,0110144	-115,9
     32,8514	   0,0109538	-115,5	   0,0110371	-115,4
     32,8534	   0,0108636	-115,6	   0,0109847	-115,9
     32,8553	   0,0107865	-115,9	   0,0109189	-115,8
     32,8573	   0,0107795	-115,2	   0,0108552	-115,6
     32,8592	   0,0106921	-116,3	   0,0108445	-115,7
     32,8612	   0,0107684	-115,4	   0,0108163	-115,9
     32,8631	    0,010616	-115,5	   0,0107319	-116,0
     32,8651	   0,0106701	-115,9	   0,0107262	-115,5
     32,8671	   0,0105758	-115,8	   0,0106289	-116,2
      32,869	   0,0105258	-115,9	   0,0105514	-115,6
      32,871	   0,0105386	-115,7	   0,0106656	-115,7
     32,8729	    0,010422	-115,7	   0,0105306	-116,4
     32,8749	   0,0103955	-115,8	   0,0104898	-115,3
     32,8768	    0,010413	-115,7	   0,0104685	-115,8
     32,8788	   0,0102814	-115,7	   0,0103978	-115,7
     32,8807	   0,0102905	-116,1	   0,0104081	-115,8
     32,8827	   0,0102321	-115,6	   0,0102997	-116,1
     32,8847	   0,0102564	-115,9	   0,0102774	-115,3
     32,8866	   0,0101423	-115,7	   0,0102628	-116,4
     32,8886	   0,0101198	-115,9	   0,0101656	-115,9
     32,8905	   0,0101258	-115,2	   0,0101842	-115,7
     32,8925	   0,0100302	-115,6	   0,0101352	-116,1
     32,8944	   0,0100023	-115,6	   0,0100841	-116,1
     32,8964	   0,0099892	-116,0	   0,0100003	-115,6
     32,8983	  0,00994987	-115,6	   0,0100532	-115,9
     32,9003	     0,00985	-116,0	  0,00990217	-116,0
     32,9022	  0,00988856	-116,1	   0,0099302	-115,6
     32,9042	   0,0098518	-115,6	  0,00993526	-116,2
     32,9062	  0,00973646	-116,2	  0,00974567	-115,9
     32,9081	  0,00980011	-115,6	  0,00987241	-115,8
     32,9101	  0,00965405	-115,6	  0,00969735	-116,1
      32,912	  0,00967123	-116,2	  0,00977533	-115,6
      32,914	  0,00968502	-115,2	  0,00968118	-116,4
     32,9159	  0,00952711	-116,2	  0,00958609	-115,2
     32,9179	   0,0095901	-115,7	   0,0097235	-116,2
     32,9198	  0,00949605	-115,7	  0,00949349	-116,8
     32,9218	  0,00946445	-115,8	  0,00955133	-115,2
     32,9238	  0,00946166	-115,5	  0,00958598	-116,5
     32,9257	  0,00940116	-116,0	  0,00935712	-115,8
     32,9277	  0,00940389	-115,7	  0,00952784	-115,6
     32,9296	  0,00937204	-115,7	  0,00934053	-116,6
     32,9316	  0,00925945	-116,3	  0,00934502	-115,5
     32,9335	   0,0093311	-115,7	  0,00936891	-116,3
     32,9355	  0,00918394	-115,7	  0,00923599	-115,5
     32,9374	  0,00925549	-116,2	  0,00924159	-115,9
     32,9394	  0,00915038	-115,5	  0,00919196	-115,9
     32,9413	  0,00913342	-116,1	   0,0091769	-116,3
     32,9433	  0,00911289	-115,8	   0,0091293	-116,0
     32,9453	  0,00902877	-115,6	  0,00914815	-116,3
     32,9472	  0,00899974	-116,3	  0,00905923	-116,2
     32,9492	  0,00905598	-115,6	  0,00899214	-115,9
     32,9511	  0,00889992	-115,8	  0,00900335	-116,4
     32,9531	   0,0089545	-116,0	  0,00896001	-116,0
      32,955	  0,00884964	-115,5	  0,00891488	-116,6
      32,957	  0,00887405	-116,1	  0,00889854	-115,5
     32,9589	  0,00877628	-116,2	  0,00887444	-116,0
     32,9609	   0,0088256	-115,8	  0,00882612	-115,9
     32,9629	  0,00873499	-115,5	   0,0088141	-116,1
     32,9648	  0,00871432	-115,9	  0,00876009	-116,3
     32,9668	  0,00870256	-116,0	  0,00874789	-115,8
     32,9687	  0,00866272	-115,6	  0,00864574	-116,3
     32,9707	   0,0085886	-116,0	  0,00867277	-115,7
     32,9726	  0,00859685	-116,0	  0,00862816	-116,4
     32,9746	  0,00852389	-115,8	  0,00856352	-115,9
     32,9765	  0,00855014	-116,0	  0,00862067	-116,3
     32,9785	  0,00846046	-115,9	  0,00845739	-116,2
     32,9804	  0,00844701	-115,8	  0,00855181	-115,7
     32,9824	  0,00840923	-115,8	   0,0084125	-116,7
     32,9844	   0,0083821	-115,9	  0,00841692	-115,5
     32,9863	  0,00836245	-116,5	  0,00845628	-116,6
     32,9883	  0,00833156	-116,1	  0,00828074	-116,1
     32,9902	  0,00828603	-116,4	  0,00842454	-115,6
     32,9922	  0,00829824	-115,8	   0,0082136	-117,3
     32,9941	  0,00825199	-116,0	  0,00828971	-114,5
     32,9961	  0,00820495	-116,3	  0,00829672	-117,7
      32,998	  0,00810521	-116,3	  0,00795386	-114,9
          33	    0,008177	-116,7	  0,00847269	-117,0

