X-Data [Hz]	Laser (M - Filtered) [m/s]	Phase [Deg]	Laser (M - Filtered) [m/s]	Phase [Deg]	
	002: [06-17-24 16:32]		003: [06-17-24 16:39]	
          31	   0,0112013	75,0	   0,0126334	74,0
      31,002	   0,0109589	76,5	   0,0125004	72,9
     31,0039	   0,0124814	76,0	   0,0125572	72,4
     31,0059	   0,0125827	72,2	   0,0127079	74,9
     31,0078	   0,0120528	74,6	   0,0125137	75,6
     31,0098	   0,0127757	75,1	   0,0126402	74,2
     31,0117	   0,0125878	73,5	   0,0126877	74,5
     31,0137	   0,0124735	76,1	   0,0126405	74,3
     31,0156	   0,0128376	74,5	   0,0127431	74,5
     31,0176	   0,0125536	74,7	   0,0127167	75,0
     31,0196	   0,0126628	74,8	   0,0126563	75,4
     31,0215	   0,0127982	73,9	   0,0128331	74,0
     31,0235	   0,0126558	74,3	   0,0127629	74,8
     31,0254	   0,0128454	76,1	   0,0127568	74,1
     31,0274	   0,0128103	74,3	   0,0129024	74,6
     31,0293	   0,0126867	75,4	   0,0128466	75,0
     31,0313	   0,0128969	74,5	   0,0128175	74,6
     31,0332	   0,0128817	75,4	   0,0129167	74,7
     31,0352	   0,0127949	74,3	   0,0129322	75,1
     31,0371	   0,0128127	75,3	   0,0128415	73,7
     31,0391	   0,0129394	73,4	   0,0129824	74,7
     31,0411	   0,0128521	74,4	   0,0130148	74,0
      31,043	   0,0129178	73,9	   0,0129305	74,4
      31,045	   0,0130073	74,2	   0,0129738	72,4
     31,0469	   0,0129563	74,9	   0,0130003	73,7
     31,0489	   0,0129749	75,2	   0,0130341	74,1
     31,0508	   0,0130871	74,5	   0,0130314	73,3
     31,0528	   0,0130179	74,5	   0,0129911	74,9
     31,0547	   0,0130308	73,7	   0,0130158	73,9
     31,0567	   0,0131045	74,5	   0,0131255	73,9
     31,0587	   0,0130448	74,3	   0,0130761	73,7
     31,0606	   0,0131407	73,9	   0,0131753	73,8
     31,0626	   0,0131352	73,5	   0,0131263	74,7
     31,0645	   0,0131534	73,5	   0,0131183	74,3
     31,0665	   0,0131736	74,7	   0,0132733	75,2
     31,0684	   0,0131501	75,7	   0,0132237	75,3
     31,0704	   0,0131824	74,8	   0,0132384	74,7
     31,0723	   0,0132114	75,8	   0,0132913	74,2
     31,0743	   0,0132612	74,7	   0,0132958	73,9
     31,0762	   0,0132586	75,4	   0,0133321	74,4
     31,0782	   0,0133083	74,9	    0,013266	73,8
     31,0802	   0,0132683	75,3	    0,013389	74,2
     31,0821	   0,0133184	74,8	   0,0133797	73,8
     31,0841	   0,0133813	75,3	   0,0133346	74,0
      31,086	   0,0133136	75,0	   0,0134353	73,2
      31,088	   0,0134005	75,4	   0,0134178	73,6
     31,0899	   0,0134526	74,5	   0,0134172	72,9
     31,0919	   0,0134173	74,8	    0,013492	73,8
     31,0938	   0,0134572	74,4	   0,0135413	73,1
     31,0958	   0,0134938	74,4	   0,0135014	74,3
     31,0978	   0,0134588	75,6	   0,0135012	75,5
     31,0997	   0,0135269	74,1	   0,0136135	74,4
     31,1017	   0,0135836	74,2	   0,0136214	75,1
     31,1036	   0,0135258	74,5	   0,0135301	74,6
     31,1056	   0,0136126	74,8	    0,013696	74,8
     31,1075	   0,0136812	75,2	   0,0136681	74,8
     31,1095	   0,0136835	74,0	   0,0135797	74,1
     31,1114	   0,0136194	73,5	   0,0137696	74,7
     31,1134	   0,0137157	73,8	   0,0137829	74,5
     31,1153	   0,0136833	73,5	   0,0137235	73,5
     31,1173	   0,0136496	74,0	   0,0138202	73,7
     31,1193	   0,0138131	73,7	   0,0138231	73,7
     31,1212	   0,0137507	74,2	   0,0137745	74,0
     31,1232	   0,0137355	73,5	   0,0137945	73,3
     31,1251	   0,0138429	74,5	   0,0139537	74,0
     31,1271	   0,0138435	73,3	   0,0139301	74,1
      31,129	   0,0139161	74,0	   0,0138674	74,3
      31,131	   0,0138964	72,8	   0,0139263	73,6
     31,1329	   0,0139406	74,5	   0,0139608	74,8
     31,1349	   0,0139486	74,5	   0,0139738	74,5
     31,1369	   0,0139632	74,2	   0,0140191	73,9
     31,1388	   0,0140258	75,4	   0,0140271	73,8
     31,1408	   0,0140707	74,7	   0,0140614	72,9
     31,1427	   0,0140361	75,1	   0,0141441	74,0
     31,1447	   0,0140357	75,2	   0,0140878	73,9
     31,1466	   0,0140915	75,6	   0,0141075	73,6
     31,1486	    0,014127	75,0	   0,0141714	72,7
     31,1505	   0,0140993	75,5	   0,0142108	73,5
     31,1525	   0,0141515	76,1	     0,01423	73,8
     31,1544	   0,0142527	75,1	   0,0142499	73,7
     31,1564	   0,0142331	73,7	   0,0142379	73,7
     31,1584	   0,0141788	72,7	   0,0142533	75,2
     31,1603	   0,0142467	73,6	   0,0143181	75,0
     31,1623	   0,0143034	73,3	   0,0143844	74,6
     31,1642	   0,0143565	73,9	   0,0143198	75,0
     31,1662	   0,0143599	72,7	   0,0143855	75,0
     31,1681	   0,0143895	73,9	    0,014465	75,3
     31,1701	   0,0144351	73,0	   0,0144797	76,4
      31,172	   0,0143923	73,9	   0,0144872	75,2
      31,174	    0,014413	74,6	   0,0144797	76,0
      31,176	   0,0145191	74,9	   0,0145422	73,6
     31,1779	   0,0145227	74,9	   0,0145344	73,6
     31,1799	   0,0145026	75,0	    0,014565	73,5
     31,1818	   0,0145363	75,9	   0,0146291	73,7
     31,1838	   0,0146479	75,3	   0,0146382	75,6
     31,1857	   0,0146098	75,3	   0,0146916	74,7
     31,1877	   0,0146071	75,3	    0,014719	75,0
     31,1896	    0,014685	75,9	   0,0147512	74,8
     31,1916	   0,0147595	75,2	   0,0147231	75,2
     31,1935	    0,014721	76,0	    0,014825	74,7
     31,1955	   0,0146957	74,5	   0,0148143	73,9
     31,1975	   0,0148036	73,6	    0,014848	74,2
     31,1994	     0,01484	74,2	   0,0148606	73,2
     31,2014	   0,0148202	73,3	   0,0148462	74,3
     31,2033	   0,0148934	74,7	   0,0148979	74,2
     31,2053	   0,0148867	72,9	   0,0150137	74,6
     31,2072	   0,0148714	74,1	   0,0150144	76,5
     31,2092	    0,015003	73,5	   0,0149864	75,0
     31,2111	   0,0150343	74,3	   0,0151025	75,1
     31,2131	   0,0150116	73,3	    0,015155	75,3
     31,2151	   0,0150043	74,4	   0,0150784	75,4
      31,217	   0,0150678	76,1	   0,0150801	74,3
      31,219	   0,0151079	75,0	   0,0152321	74,7
     31,2209	   0,0151404	75,9	    0,015248	74,8
     31,2229	    0,015155	75,6	    0,015221	74,2
     31,2248	   0,0151942	75,7	   0,0152305	74,2
     31,2268	   0,0152409	75,7	   0,0152453	74,7
     31,2287	   0,0152481	74,6	   0,0152914	76,0
     31,2307	   0,0152886	74,7	   0,0153877	75,0
     31,2326	   0,0153342	73,9	   0,0154601	75,5
     31,2346	   0,0153586	74,7	   0,0154537	74,9
     31,2366	   0,0153769	75,9	   0,0154539	73,4
     31,2385	   0,0154182	75,1	   0,0155445	73,8
     31,2405	   0,0154572	75,4	   0,0156131	73,7
     31,2424	   0,0155084	75,0	   0,0155716	74,3
     31,2444	   0,0155728	76,1	   0,0156336	75,1
     31,2463	   0,0156514	75,7	   0,0156538	74,5
     31,2483	   0,0154855	75,7	   0,0156569	74,9
     31,2502	   0,0155178	75,8	   0,0157216	73,6
     31,2522	   0,0157446	75,3	   0,0157794	73,9
     31,2542	   0,0157415	74,8	   0,0156969	74,0
     31,2561	   0,0156589	73,9	   0,0157683	74,0
     31,2581	   0,0156909	75,7	   0,0158956	73,7
       31,26	   0,0158526	73,1	   0,0157881	74,4
      31,262	   0,0159363	74,9	   0,0158128	74,1
     31,2639	   0,0158277	75,4	   0,0159187	74,7
     31,2659	    0,015838	75,6	   0,0160292	75,6
     31,2678	   0,0159688	76,1	   0,0160279	75,1
     31,2698	   0,0160372	74,8	   0,0160149	74,1
     31,2717	   0,0159236	74,7	   0,0160435	74,1
     31,2737	   0,0159979	76,0	   0,0161264	74,4
     31,2757	   0,0161056	74,0	   0,0161723	73,9
     31,2776	   0,0161462	73,9	   0,0162347	74,1
     31,2796	   0,0161308	73,9	   0,0161893	74,6
     31,2815	   0,0161959	74,6	   0,0162185	74,3
     31,2835	   0,0162131	74,1	   0,0163058	75,6
     31,2854	   0,0162703	75,1	   0,0163444	75,5
     31,2874	   0,0162716	74,2	   0,0164192	74,7
     31,2893	   0,0163401	75,2	   0,0164639	75,2
     31,2913	   0,0163938	74,9	   0,0164654	73,4
     31,2933	   0,0164767	75,6	   0,0165072	74,5
     31,2952	   0,0164682	76,8	   0,0165619	74,1
     31,2972	   0,0164758	74,4	   0,0165822	74,4
     31,2991	   0,0165848	74,1	   0,0166319	75,3
     31,3011	   0,0165756	74,0	   0,0166369	75,5
      31,303	   0,0165892	73,9	   0,0166282	74,3
      31,305	   0,0166583	75,6	   0,0167383	74,0
     31,3069	   0,0167224	75,1	   0,0168012	74,0
     31,3089	    0,016768	76,0	    0,016812	74,8
     31,3109	   0,0167822	76,2	   0,0168484	74,5
     31,3128	   0,0168139	75,6	   0,0168814	75,9
     31,3148	   0,0168851	76,4	   0,0169511	75,8
     31,3167	   0,0168643	74,6	   0,0169984	76,1
     31,3187	   0,0168125	74,8	   0,0170073	75,7
     31,3206	   0,0169502	75,7	   0,0170697	74,4
     31,3226	   0,0170999	76,4	   0,0171701	74,7
     31,3245	   0,0170832	76,0	    0,017146	76,2
     31,3265	   0,0170674	75,8	   0,0170999	75,3
     31,3284	    0,017123	75,3	   0,0171845	75,4
     31,3304	   0,0172243	75,2	   0,0173295	74,8
     31,3324	    0,017278	74,6	   0,0173905	74,3
     31,3343	   0,0173011	73,7	   0,0173618	74,8
     31,3363	   0,0173158	74,3	   0,0173731	74,4
     31,3382	   0,0173926	74,4	   0,0175317	74,6
     31,3402	   0,0174845	75,7	   0,0176087	74,7
     31,3421	    0,017501	74,5	   0,0176053	76,5
     31,3441	   0,0174699	75,0	   0,0175324	75,9
      31,346	   0,0174748	75,4	   0,0176491	73,5
      31,348	   0,0176485	74,6	   0,0178039	73,8
       31,35	   0,0176707	74,2	   0,0178167	75,1
     31,3519	   0,0176505	75,0	   0,0178428	74,9
     31,3539	   0,0176333	75,2	   0,0178198	76,0
     31,3558	   0,0178193	76,3	    0,017865	76,0
     31,3578	   0,0179179	75,6	   0,0179473	75,8
     31,3597	   0,0178636	76,4	   0,0180193	75,2
     31,3617	   0,0178136	75,9	   0,0179486	75,0
     31,3636	   0,0179985	75,4	   0,0180351	75,5
     31,3656	   0,0180666	74,4	   0,0181348	74,7
     31,3675	    0,018132	74,8	   0,0182139	75,8
     31,3695	   0,0181344	74,7	   0,0182199	76,8
     31,3715	   0,0181327	76,1	   0,0182286	75,2
     31,3734	   0,0181467	76,3	   0,0183649	74,7
     31,3754	   0,0183246	77,3	   0,0185092	74,3
     31,3773	   0,0183908	75,8	   0,0184458	75,2
     31,3793	   0,0183942	76,3	   0,0184797	74,8
     31,3812	   0,0183614	75,5	   0,0185585	75,0
     31,3832	    0,018457	75,2	   0,0186783	75,3
     31,3851	   0,0185763	74,9	   0,0186991	75,8
     31,3871	   0,0186248	76,0	   0,0186713	74,0
     31,3891	   0,0185846	75,4	     0,01872	75,5
      31,391	   0,0185918	76,7	   0,0188149	75,5
      31,393	   0,0187516	76,3	     0,01892	75,8
     31,3949	   0,0188973	75,3	   0,0189223	76,3
     31,3969	   0,0188132	75,1	   0,0189344	75,7
     31,3988	   0,0187854	74,5	   0,0190629	76,8
     31,4008	   0,0189137	75,1	   0,0191486	75,0
     31,4027	   0,0191195	75,6	   0,0191416	75,7
     31,4047	   0,0191577	76,3	   0,0192821	76,5
     31,4066	   0,0191076	75,5	   0,0193479	76,6
     31,4086	   0,0190456	75,1	   0,0194041	77,1
     31,4106	   0,0191664	74,5	   0,0193822	76,4
     31,4125	   0,0193628	75,5	   0,0195206	75,3
     31,4145	   0,0194358	75,3	   0,0195631	75,6
     31,4164	   0,0194237	75,5	   0,0196367	74,8
     31,4184	   0,0194867	76,7	   0,0196664	75,7
     31,4203	   0,0195181	75,8	   0,0196867	76,6
     31,4223	    0,019578	75,4	   0,0197425	76,6
     31,4242	    0,019701	75,6	   0,0198418	75,9
     31,4262	   0,0198163	74,3	   0,0198833	74,9
     31,4282	   0,0198288	75,1	   0,0199286	74,2
     31,4301	   0,0198506	75,6	   0,0199631	77,4
     31,4321	   0,0198989	76,4	   0,0201136	76,2
      31,434	   0,0200083	77,1	   0,0202062	76,0
      31,436	   0,0200648	75,9	   0,0202748	75,7
     31,4379	   0,0200716	75,5	   0,0203147	75,2
     31,4399	   0,0201064	75,4	    0,020307	76,0
     31,4418	   0,0202107	74,5	   0,0204374	76,4
     31,4438	   0,0203338	76,0	   0,0205019	76,5
     31,4457	   0,0203825	77,0	   0,0205562	74,9
     31,4477	   0,0204132	76,0	   0,0205816	75,4
     31,4497	   0,0204976	76,0	   0,0206914	76,2
     31,4516	   0,0206032	74,8	   0,0208338	76,3
     31,4536	   0,0206753	76,0	   0,0209238	76,5
     31,4555	    0,020753	75,5	   0,0209737	75,8
     31,4575	   0,0207607	75,1	   0,0209369	75,1
     31,4594	   0,0207881	76,1	   0,0209955	75,9
     31,4614	    0,020924	76,6	   0,0211294	76,4
     31,4633	   0,0210539	75,9	   0,0212577	76,7
     31,4653	   0,0211615	75,1	   0,0213627	76,9
     31,4673	   0,0212322	76,5	   0,0214074	75,3
     31,4692	   0,0213017	76,6	   0,0214175	76,1
     31,4712	   0,0213496	76,8	   0,0215138	77,1
     31,4731	   0,0213667	76,3	   0,0217172	77,3
     31,4751	   0,0213798	75,8	   0,0217554	75,4
      31,477	   0,0214928	75,5	   0,0217687	75,4
      31,479	   0,0216202	76,8	   0,0219032	75,3
     31,4809	   0,0217121	76,5	   0,0219631	76,8
     31,4829	   0,0217715	75,1	   0,0221094	77,8
     31,4848	   0,0218435	75,6	   0,0221849	76,5
     31,4868	   0,0219623	76,6	   0,0222145	76,2
     31,4888	   0,0219922	76,3	    0,022202	75,6
     31,4907	   0,0220745	77,9	   0,0223701	77,2
     31,4927	   0,0222279	77,2	    0,022506	76,0
     31,4946	   0,0223264	76,1	    0,022671	76,4
     31,4966	   0,0223693	76,2	   0,0226881	75,6
     31,4985	   0,0224582	75,9	   0,0227076	75,4
     31,5005	   0,0225743	76,6	   0,0227652	77,0
     31,5024	   0,0226935	77,7	   0,0228939	77,3
     31,5044	    0,022734	76,0	   0,0230517	77,2
     31,5064	   0,0228012	75,4	   0,0231973	76,6
     31,5083	   0,0228612	75,7	    0,023286	75,5
     31,5103	   0,0230352	77,6	   0,0233674	77,4
     31,5122	   0,0231594	77,4	   0,0234591	78,2
     31,5142	    0,023186	78,1	   0,0234861	76,5
     31,5161	   0,0232844	77,7	   0,0235857	75,0
     31,5181	   0,0233281	76,0	   0,0236845	77,3
       31,52	    0,023393	76,8	   0,0238457	77,2
      31,522	   0,0235265	78,5	   0,0240277	77,6
     31,5239	   0,0236565	77,8	   0,0241209	77,9
     31,5259	    0,023772	76,3	   0,0241688	76,5
     31,5279	   0,0238991	77,0	   0,0242845	75,2
     31,5298	   0,0239956	76,4	   0,0243664	78,1
     31,5318	   0,0241466	77,8	   0,0244688	76,7
     31,5337	   0,0242698	78,6	   0,0245806	76,6
     31,5357	   0,0243398	77,5	   0,0247346	77,6
     31,5376	   0,0243762	76,7	   0,0248983	77,9
     31,5396	   0,0244728	76,8	   0,0249822	77,6
     31,5415	   0,0246118	78,4	   0,0250045	76,4
     31,5435	   0,0247552	78,1	   0,0251727	76,7
     31,5455	   0,0248402	77,1	   0,0253103	77,2
     31,5474	   0,0249429	77,0	   0,0254332	78,5
     31,5494	   0,0250545	75,8	   0,0255589	79,2
     31,5513	   0,0252143	78,2	   0,0257003	77,4
     31,5533	   0,0253599	79,4	    0,025791	77,8
     31,5552	    0,025416	77,5	   0,0259665	78,1
     31,5572	   0,0255801	77,2	   0,0261332	78,2
     31,5591	   0,0257437	77,6	   0,0262479	76,7
     31,5611	   0,0258592	77,7	   0,0263371	77,3
      31,563	    0,025919	77,3	   0,0264309	78,6
      31,565	   0,0260448	76,4	   0,0266261	79,1
      31,567	   0,0261491	78,2	   0,0268059	78,8
     31,5689	   0,0262126	78,0	    0,026953	78,3
     31,5709	   0,0263266	79,2	   0,0271071	76,2
     31,5728	    0,026541	78,6	   0,0272541	78,0
     31,5748	   0,0266891	77,1	   0,0273891	77,2
     31,5767	   0,0268513	76,7	   0,0276089	77,9
     31,5787	   0,0269534	78,6	   0,0277451	77,7
     31,5806	    0,027136	79,0	   0,0279483	78,7
     31,5826	   0,0272796	79,2	   0,0281029	80,1
     31,5846	    0,027409	77,7	   0,0282158	79,4
     31,5865	   0,0275505	79,2	   0,0283862	78,4
     31,5885	   0,0277189	79,4	   0,0284932	78,4
     31,5904	    0,027867	78,1	   0,0286425	78,9
     31,5924	   0,0279678	77,3	   0,0288085	78,6
     31,5943	   0,0280321	78,5	   0,0290074	77,6
     31,5963	   0,0283432	80,9	   0,0292173	79,2
     31,5982	   0,0284067	80,7	   0,0293867	79,3
     31,6002	   0,0282899	79,9	   0,0295807	79,4
     31,6021	     0,02878	77,4	   0,0297677	79,0
     31,6041	   0,0288234	77,8	   0,0299937	78,3
     31,6061	   0,0288543	80,3	   0,0301487	79,8
      31,608	   0,0284207	80,9	   0,0303662	81,7
       31,61	   0,0289857	79,2	   0,0306258	79,4
     31,6119	   0,0292901	79,6	   0,0308657	78,5
     31,6139	   0,0295491	81,7	   0,0310028	81,8
     31,6158	   0,0290983	81,9	    0,031267	81,4
     31,6178	   0,0293253	77,9	   0,0314535	82,0
     31,6197	   0,0296412	78,5	   0,0317145	82,3
     31,6217	   0,0297128	82,7	   0,0319998	81,5
     31,6237	   0,0298626	82,8	   0,0320295	81,9
     31,6256	   0,0301454	80,4	   0,0322299	80,4
     31,6276	   0,0305972	77,8	   0,0323137	81,9
     31,6295	   0,0305578	81,9	   0,0325612	83,2
     31,6315	   0,0306395	82,8	   0,0329897	82,0
     31,6334	    0,031008	80,1	   0,0333685	81,0
     31,6354	   0,0307521	79,9	   0,0336815	82,4
     31,6373	   0,0316228	82,2	   0,0341632	83,3
     31,6393	   0,0317503	83,8	   0,0344204	82,2
     31,6413	   0,0316834	82,3	   0,0346047	81,7
     31,6432	   0,0317508	82,2	   0,0345354	84,4
     31,6452	   0,0317119	81,1	   0,0349731	83,9
     31,6471	   0,0321802	82,4	   0,0353284	83,6
     31,6491	   0,0322029	81,9	   0,0356594	82,6
      31,651	   0,0328459	82,6	   0,0359264	84,0
      31,653	   0,0327134	84,2	   0,0364855	85,5
     31,6549	   0,0330925	83,7	    0,037023	84,4
     31,6569	    0,033616	81,6	   0,0377207	83,7
     31,6588	   0,0336004	82,6	   0,0387605	85,1
     31,6608	   0,0340142	84,9	   0,0397306	84,9
     31,6628	   0,0340199	84,5	   0,0409241	84,5
     31,6647	   0,0343278	84,9	   0,0421328	84,4
     31,6667	   0,0350939	83,4	   0,0434107	87,6
     31,6686	   0,0350014	84,1	   0,0452501	88,5
     31,6706	   0,0353715	85,4	   0,0468581	89,2
     31,6725	   0,0359034	85,8	   0,0484195	90,7
     31,6745	   0,0359089	86,7	   0,0499914	91,4
     31,6764	    0,036131	88,5	   0,0512963	94,7
     31,6784	   0,0365576	87,5	   0,0529189	93,5
     31,6804	   0,0370484	86,1	   0,0544836	96,6
     31,6823	   0,0370906	88,5	   0,0563023	100,0
     31,6843	   0,0375595	89,1	   0,0579037	101,2
     31,6862	   0,0378928	89,0	   0,0590635	101,4
     31,6882	   0,0377068	87,7	   0,0601658	105,0
     31,6901	   0,0375675	89,2	   0,0612222	107,6
     31,6921	   0,0388194	89,1	    0,062673	108,8
      31,694	   0,0392203	88,9	   0,0643372	109,6
      31,696	   0,0395054	89,4	   0,0653735	111,0
     31,6979	   0,0401792	90,9	   0,0667705	113,9
     31,6999	   0,0404415	91,3	   0,0672214	114,5
     31,7019	   0,0412683	90,6	   0,0678021	117,4
     31,7038	   0,0421818	89,9	   0,0687795	119,7
     31,7058	   0,0422838	92,7	   0,0700461	120,2
     31,7077	   0,0424196	93,4	    0,069908	120,6
     31,7097	   0,0437467	93,4	     0,07151	124,7
     31,7116	    0,043523	94,4	   0,0714341	127,2
     31,7136	   0,0444607	95,8	   0,0726792	126,9
     31,7155	   0,0451393	96,0	   0,0724564	128,2
     31,7175	   0,0457452	95,8	   0,0727989	130,2
     31,7195	   0,0465894	96,1	    0,073677	132,5
     31,7214	   0,0473882	98,1	   0,0743032	133,1
     31,7234	   0,0472726	98,3	   0,0753969	134,5
     31,7253	   0,0485044	99,0	   0,0752571	135,1
     31,7273	   0,0495636	100,7	    0,075506	136,5
     31,7292	   0,0505084	103,6	   0,0757892	139,1
     31,7312	    0,051421	103,8	   0,0763685	140,1
     31,7331	   0,0515957	103,6	   0,0759313	140,1
     31,7351	   0,0529094	105,2	   0,0765732	141,2
      31,737	   0,0544843	108,2	   0,0771199	143,4
      31,739	   0,0552549	108,3	   0,0770745	145,3
      31,741	   0,0565983	109,8	   0,0772212	145,9
     31,7429	    0,057431	112,0	   0,0774716	146,0
     31,7449	   0,0587072	113,7	    0,077721	148,6
     31,7468	   0,0600261	115,5	    0,077573	148,7
     31,7488	   0,0609224	116,5	   0,0773404	149,0
     31,7507	   0,0625558	118,9	   0,0775574	152,3
     31,7527	   0,0639667	119,3	   0,0775581	154,0
     31,7546	   0,0653488	123,1	   0,0779203	152,5
     31,7566	   0,0671155	127,0	   0,0778979	154,0
     31,7586	   0,0683798	128,3	   0,0781121	155,8
     31,7605	   0,0688945	130,0	   0,0779321	156,5
     31,7625	   0,0702616	133,3	   0,0776583	155,8
     31,7644	   0,0707723	137,4	   0,0774162	158,3
     31,7664	   0,0727572	138,4	   0,0776715	160,4
     31,7683	   0,0732702	139,3	   0,0770137	159,6
     31,7703	   0,0740793	143,8	   0,0771821	163,1
     31,7722	   0,0753701	144,2	    0,077069	162,2
     31,7742	   0,0759489	148,5	   0,0769382	162,0
     31,7761	   0,0763563	151,8	   0,0771561	163,8
     31,7781	   0,0769105	152,3	   0,0771888	166,3
     31,7801	   0,0774289	153,3	   0,0767555	165,5
      31,782	   0,0767848	157,6	   0,0765013	165,5
      31,784	   0,0772516	160,5	    0,076447	168,4
     31,7859	    0,077715	160,1	   0,0760897	168,9
     31,7879	   0,0772633	160,9	    0,076641	169,5
     31,7898	   0,0775069	164,4	   0,0750373	170,8
     31,7918	   0,0771342	166,1	   0,0755135	169,9
     31,7937	    0,077635	166,8	   0,0753994	171,1
     31,7957	   0,0774479	169,6	   0,0752153	172,5
     31,7977	   0,0771167	169,2	   0,0749087	172,9
     31,7996	   0,0767832	168,6	   0,0746918	172,5
     31,8016	   0,0767448	172,0	   0,0746463	174,4
     31,8035	   0,0762805	174,3	   0,0743592	175,3
     31,8055	   0,0762614	173,5	   0,0740452	175,1
     31,8074	   0,0759883	173,1	   0,0736313	174,8
     31,8094	    0,074887	177,0	   0,0737862	177,2
     31,8113	   0,0743744	174,6	   0,0731154	176,4
     31,8133	   0,0742998	176,8	   0,0728237	179,1
     31,8152	   0,0739643	178,2	   0,0725834	180,0
     31,8172	   0,0732592	177,7	   0,0722749	179,3
     31,8192	   0,0734516	177,6	    0,072085	179,0
     31,8211	    0,073432	181,1	   0,0714668	181,7
     31,8231	   0,0732597	181,5	   0,0711979	182,0
      31,825	   0,0730191	180,6	   0,0709719	180,8
      31,827	   0,0721943	180,9	   0,0707981	183,4
     31,8289	   0,0720705	184,1	   0,0704011	183,5
     31,8309	   0,0719496	182,9	   0,0699662	184,4
     31,8328	   0,0715896	185,7	   0,0703882	186,3
     31,8348	   0,0711426	185,7	   0,0697157	184,9
     31,8368	    0,070489	183,7	   0,0696889	184,5
     31,8387	   0,0700706	184,5	   0,0693661	187,3
     31,8407	   0,0695766	188,6	   0,0692654	187,1
     31,8426	   0,0695029	187,5	    0,068623	186,7
     31,8446	   0,0690629	187,8	   0,0685759	189,1
     31,8465	    0,068218	189,4	   0,0682323	188,1
     31,8485	   0,0682042	188,6	   0,0677806	188,2
     31,8504	   0,0682209	189,3	   0,0676644	190,3
     31,8524	    0,067679	191,8	   0,0671169	191,4
     31,8543	   0,0664443	190,5	   0,0669487	190,4
     31,8563	   0,0670161	192,5	   0,0666748	192,1
     31,8583	   0,0666238	192,6	   0,0661782	191,2
     31,8602	   0,0663242	190,7	   0,0659252	192,2
     31,8622	    0,066311	193,8	   0,0655462	194,8
     31,8641	   0,0657565	194,0	   0,0650474	194,3
     31,8661	   0,0658901	193,7	   0,0645552	193,9
      31,868	   0,0649855	194,4	   0,0640612	195,2
       31,87	   0,0647776	195,8	   0,0642456	195,3
     31,8719	   0,0643525	196,1	   0,0639005	194,5
     31,8739	   0,0636707	194,6	   0,0637609	197,9
     31,8759	   0,0637455	197,5	    0,063183	197,5
     31,8778	   0,0637171	196,4	    0,063239	196,7
     31,8798	   0,0631606	197,5	   0,0627785	198,4
     31,8817	   0,0625661	199,0	   0,0623701	197,1
     31,8837	   0,0622959	197,0	   0,0620371	198,2
     31,8856	   0,0622355	199,1	   0,0620859	-159,1
     31,8876	   0,0619509	-158,6	   0,0616806	-161,0
     31,8895	    0,061191	-160,3	   0,0614793	-161,4
     31,8915	   0,0609944	-160,3	   0,0612452	-158,7
     31,8934	    0,060762	-157,9	   0,0604153	-157,7
     31,8954	   0,0605482	-159,0	   0,0600499	-159,7
     31,8974	   0,0603092	-158,3	   0,0601186	-158,7
     31,8993	   0,0597862	-155,8	   0,0595703	-158,5
     31,9013	    0,059511	-158,3	   0,0595423	-157,7
     31,9032	   0,0589961	-155,4	   0,0590682	-155,6
     31,9052	   0,0588868	-157,6	   0,0587443	-157,0
     31,9071	   0,0585767	-155,4	   0,0585154	-154,8
     31,9091	   0,0577014	-155,1	    0,058337	-155,2
      31,911	   0,0576508	-156,2	   0,0578165	-156,7
      31,913	   0,0574871	-153,5	    0,057748	-154,3
      31,915	   0,0568453	-152,5	   0,0573267	-154,2
     31,9169	   0,0562372	-155,9	   0,0570476	-154,2
     31,9189	   0,0561439	-154,1	   0,0567668	-151,5
     31,9208	   0,0565578	-151,3	   0,0563539	-153,7
     31,9228	     0,05608	-153,1	   0,0561274	-154,2
     31,9247	   0,0556982	-151,4	   0,0557319	-152,6
     31,9267	   0,0554827	-151,4	   0,0555049	-153,7
     31,9286	   0,0552491	-153,3	   0,0552637	-151,7
     31,9306	   0,0547193	-150,2	   0,0550832	-149,9
     31,9326	   0,0544212	-150,3	    0,054752	-151,6
     31,9345	   0,0544197	-150,5	    0,054671	-150,3
     31,9365	   0,0536907	-148,7	    0,054338	-148,3
     31,9384	   0,0530794	-149,3	   0,0540856	-149,3
     31,9404	    0,053137	-151,1	    0,053835	-148,5
     31,9423	   0,0527497	-148,2	    0,053508	-148,7
     31,9443	   0,0523386	-150,9	   0,0533406	-148,4
     31,9462	   0,0521516	-148,0	   0,0532444	-146,9
     31,9482	   0,0525013	-146,1	   0,0529762	-147,2
     31,9501	    0,051599	-147,7	   0,0524053	-147,7
     31,9521	    0,050959	-148,9	   0,0521288	-145,9
     31,9541	   0,0501419	-146,6	   0,0519726	-147,2
      31,956	   0,0504557	-147,3	   0,0514507	-147,7
      31,958	    0,050537	-145,8	   0,0512846	-145,2
     31,9599	   0,0494805	-144,5	   0,0509348	-147,8
     31,9619	   0,0495842	-145,3	   0,0509105	-144,3
     31,9638	   0,0491704	-143,7	   0,0503019	-143,7
     31,9658	   0,0491268	-144,8	   0,0501625	-144,7
     31,9677	   0,0484285	-144,6	   0,0497172	-143,1
     31,9697	   0,0482813	-143,5	   0,0495512	-144,3
     31,9717	   0,0481853	-144,2	   0,0493849	-144,5
     31,9736	   0,0482722	-144,6	   0,0492953	-141,4
     31,9756	   0,0481799	-141,8	   0,0490591	-141,9
     31,9775	   0,0478134	-143,7	   0,0486003	-143,1
     31,9795	   0,0473603	-143,4	    0,048391	-141,3
     31,9814	   0,0468623	-142,4	   0,0476318	-143,0
     31,9834	   0,0468666	-143,3	   0,0477386	-140,8
     31,9853	   0,0465478	-141,8	   0,0474394	-142,8
     31,9873	   0,0456341	-140,0	   0,0471062	-139,7
     31,9892	   0,0453161	-142,6	   0,0470365	-140,1
     31,9912	   0,0455047	-141,1	   0,0468338	-140,8
     31,9932	   0,0448134	-140,2	   0,0463687	-139,6
     31,9951	   0,0448937	-141,2	    0,046251	-139,5
     31,9971	   0,0443363	-139,1	   0,0459093	-140,1
      31,999	   0,0442936	-139,6	   0,0457248	-137,8
      32,001	   0,0442937	-139,1	   0,0452246	-137,8
     32,0029	    0,043727	-138,6	   0,0451026	-137,9
     32,0049	   0,0433583	-138,7	   0,0448666	-137,5
     32,0068	   0,0433309	-139,0	   0,0447523	-137,5
     32,0088	   0,0429466	-138,2	    0,044249	-137,1
     32,0108	   0,0428479	-138,2	   0,0439003	-137,2
     32,0127	   0,0425035	-137,8	   0,0437952	-136,7
     32,0147	   0,0423998	-137,4	   0,0434402	-135,9
     32,0166	   0,0420077	-136,9	   0,0432675	-136,2
     32,0186	    0,042022	-136,7	   0,0429646	-135,9
     32,0205	   0,0416278	-136,5	   0,0428525	-135,5
     32,0225	   0,0414842	-136,6	   0,0424896	-135,5
     32,0244	   0,0412327	-136,2	   0,0423331	-134,9
     32,0264	   0,0408209	-136,0	   0,0419974	-135,2
     32,0283	   0,0404942	-136,2	   0,0418633	-134,6
     32,0303	   0,0402398	-135,5	   0,0415604	-134,2
     32,0323	   0,0398557	-135,5	   0,0411751	-134,0
     32,0342	   0,0397506	-134,8	   0,0409888	-133,4
     32,0362	   0,0396133	-134,8	    0,040746	-133,2
     32,0381	   0,0394618	-134,0	   0,0405155	-133,3
     32,0401	   0,0389304	-134,7	    0,040175	-132,8
      32,042	   0,0389557	-134,1	   0,0399291	-132,2
      32,044	   0,0386532	-133,6	   0,0395853	-132,6
     32,0459	   0,0384782	-133,4	   0,0394732	-132,3
     32,0479	   0,0381865	-133,4	   0,0391636	-131,5
     32,0499	   0,0380588	-133,3	   0,0389351	-131,7
     32,0518	   0,0379066	-132,5	   0,0387506	-131,2
     32,0538	   0,0375592	-132,4	   0,0385749	-130,9
     32,0557	   0,0376291	-132,1	   0,0382878	-130,9
     32,0577	   0,0368877	-132,2	   0,0379686	-130,8
     32,0596	   0,0369934	-131,6	   0,0376542	-130,5
     32,0616	    0,036444	-131,8	   0,0373511	-129,9
     32,0635	   0,0364916	-130,7	    0,037222	-129,6
     32,0655	   0,0360757	-131,1	   0,0368021	-130,0
     32,0674	    0,035615	-131,2	   0,0367586	-129,3
     32,0694	   0,0354344	-129,4	   0,0366035	-129,0
     32,0714	   0,0355252	-130,0	   0,0363939	-129,0
     32,0733	   0,0354752	-130,1	   0,0359839	-129,1
     32,0753	   0,0345782	-129,5	   0,0360211	-128,4
     32,0772	   0,0350035	-129,8	   0,0357357	-128,2
     32,0792	    0,034419	-129,4	   0,0355032	-127,8
     32,0811	   0,0343261	-129,1	   0,0353436	-128,2
     32,0831	   0,0342511	-129,4	   0,0347041	-127,8
      32,085	   0,0337909	-128,6	   0,0347946	-127,2
      32,087	   0,0338815	-129,0	    0,034486	-127,2
      32,089	    0,033406	-128,5	   0,0342294	-127,1
     32,0909	   0,0334562	-128,4	   0,0340139	-127,0
     32,0929	   0,0330893	-127,5	   0,0338526	-126,6
     32,0948	   0,0329924	-128,0	   0,0336985	-126,3
     32,0968	   0,0326823	-127,9	   0,0333284	-126,1
     32,0987	   0,0324753	-127,7	   0,0330719	-126,2
     32,1007	   0,0324633	-127,7	   0,0328671	-125,6
     32,1026	   0,0318975	-127,3	   0,0325963	-125,8
     32,1046	   0,0319101	-127,2	   0,0323677	-125,3
     32,1065	   0,0315608	-126,7	   0,0322845	-125,1
     32,1085	   0,0315928	-126,5	   0,0319484	-125,2
     32,1105	   0,0313289	-126,8	   0,0318182	-125,1
     32,1124	   0,0309363	-127,1	   0,0318054	-125,2
     32,1144	   0,0308477	-126,7	   0,0313832	-124,6
     32,1163	   0,0306314	-125,9	   0,0311361	-124,6
     32,1183	   0,0304458	-126,5	   0,0308721	-124,6
     32,1202	    0,030115	-124,9	   0,0307763	-124,4
     32,1222	   0,0299771	-126,1	   0,0303856	-124,7
     32,1241	   0,0299234	-126,0	   0,0303597	-123,7
     32,1261	   0,0294844	-124,5	   0,0300834	-123,9
     32,1281	   0,0293668	-125,0	   0,0297889	-123,9
       32,13	   0,0293435	-125,4	   0,0295972	-124,0
      32,132	   0,0291063	-124,3	   0,0294522	-123,4
     32,1339	   0,0290874	-125,4	    0,029121	-123,9
     32,1359	   0,0289017	-124,5	   0,0290919	-123,2
     32,1378	   0,0285458	-125,2	   0,0287141	-124,0
     32,1398	    0,028482	-124,9	   0,0286806	-123,0
     32,1417	   0,0284125	-124,4	    0,028512	-123,0
     32,1437	   0,0279008	-123,9	   0,0283147	-122,8
     32,1456	   0,0279275	-123,4	   0,0281264	-121,9
     32,1476	   0,0278337	-124,0	   0,0279566	-122,4
     32,1496	   0,0275529	-123,9	   0,0278914	-121,9
     32,1515	   0,0275812	-124,2	   0,0275933	-122,1
     32,1535	   0,0273805	-123,7	   0,0274789	-121,8
     32,1554	   0,0271229	-124,2	   0,0271458	-122,3
     32,1574	   0,0270161	-123,5	   0,0269644	-122,2
     32,1593	   0,0268315	-123,3	   0,0268796	-121,6
     32,1613	   0,0266458	-123,5	   0,0268087	-121,3
     32,1632	   0,0264842	-123,0	   0,0264945	-121,6
     32,1652	   0,0261983	-122,7	   0,0262171	-121,6
     32,1672	   0,0260795	-123,1	   0,0260563	-121,2
     32,1691	   0,0259722	-123,2	   0,0259032	-121,0
     32,1711	   0,0258093	-122,9	   0,0257823	-120,9
      32,173	   0,0256536	-122,8	   0,0257478	-120,9
      32,175	   0,0254816	-122,8	   0,0255271	-120,3
     32,1769	   0,0252073	-121,9	    0,025213	-120,4
     32,1789	   0,0251453	-122,6	   0,0251673	-120,6
     32,1808	   0,0249632	-121,7	   0,0250249	-120,4
     32,1828	    0,024774	-122,1	   0,0247776	-120,7
     32,1847	   0,0245078	-121,5	   0,0246294	-120,4
     32,1867	   0,0245573	-121,1	   0,0245002	-119,9
     32,1887	   0,0241911	-121,2	   0,0242813	-120,0
     32,1906	   0,0238137	-120,4	   0,0241728	-120,1
     32,1926	   0,0240581	-121,3	   0,0239438	-119,7
     32,1945	   0,0239989	-121,7	   0,0238549	-119,9
     32,1965	   0,0237658	-121,4	   0,0237228	-119,4
     32,1984	   0,0236964	-121,1	   0,0235948	-119,6
     32,2004	   0,0236403	-120,7	   0,0235804	-119,0
     32,2023	   0,0233478	-120,8	   0,0234181	-118,8
     32,2043	    0,023233	-120,9	   0,0231846	-119,3
     32,2063	   0,0231773	-121,0	    0,023097	-118,7
     32,2082	   0,0230362	-120,3	   0,0229259	-119,0
     32,2102	    0,022862	-120,8	   0,0228379	-118,9
     32,2121	    0,022711	-119,5	   0,0226751	-118,3
     32,2141	   0,0226175	-119,6	   0,0225044	-118,7
      32,216	   0,0224479	-120,4	   0,0224456	-117,3
      32,218	   0,0222513	-120,0	   0,0223154	-119,0
     32,2199	   0,0221195	-119,5	   0,0221521	-118,0
     32,2219	   0,0221632	-120,1	   0,0219725	-118,6
     32,2239	   0,0219846	-120,1	   0,0218657	-118,5
     32,2258	   0,0220137	-119,4	   0,0216372	-117,5
     32,2278	    0,021782	-119,3	   0,0216034	-117,3
     32,2297	    0,021619	-119,5	   0,0216387	-117,3
     32,2317	   0,0215529	-118,6	   0,0214717	-118,0
     32,2336	    0,021366	-118,8	   0,0213327	-117,5
     32,2356	    0,021154	-119,7	    0,021307	-118,3
     32,2375	    0,021153	-119,3	   0,0211724	-117,0
     32,2395	   0,0210522	-119,1	   0,0210464	-116,9
     32,2414	    0,020852	-119,0	   0,0208773	-116,5
     32,2434	   0,0206311	-118,9	   0,0209063	-116,9
     32,2454	   0,0205825	-118,5	   0,0209147	-116,9
     32,2473	   0,0203894	-119,0	   0,0205207	-116,9
     32,2493	   0,0203238	-118,3	   0,0206303	-116,7
     32,2512	   0,0201326	-118,6	   0,0205379	-117,1
     32,2532	   0,0201804	-119,1	   0,0204274	-116,5
     32,2551	   0,0200897	-118,4	   0,0202813	-116,2
     32,2571	   0,0198812	-118,0	   0,0201486	-116,5
      32,259	   0,0198131	-118,8	   0,0201086	-116,7
      32,261	   0,0197156	-118,1	   0,0200165	-117,0
      32,263	   0,0196814	-118,0	   0,0199147	-117,1
     32,2649	   0,0194892	-118,0	   0,0198795	-117,9
     32,2669	   0,0193294	-118,1	   0,0197787	-117,4
     32,2688	   0,0192393	-117,5	   0,0196638	-117,5
     32,2708	   0,0191623	-117,5	    0,019562	-117,7
     32,2727	   0,0190844	-117,5	   0,0194054	-118,0
     32,2747	   0,0189452	-116,8	   0,0192405	-117,5
     32,2766	   0,0188768	-117,2	   0,0191547	-117,1
     32,2786	   0,0187817	-117,0	   0,0190526	-117,6
     32,2805	   0,0185727	-117,0	   0,0189603	-117,3
     32,2825	    0,018509	-116,7	    0,018889	-117,4
     32,2845	   0,0184536	-117,2	   0,0187935	-117,3
     32,2864	    0,018387	-117,0	   0,0186741	-117,2
     32,2884	   0,0182781	-116,9	    0,018547	-117,2
     32,2903	   0,0181154	-117,1	   0,0184027	-117,0
     32,2923	   0,0179762	-116,7	   0,0183132	-117,0
     32,2942	   0,0179222	-116,9	   0,0181949	-117,3
     32,2962	     0,01788	-116,5	   0,0181128	-117,1
     32,2981	   0,0177829	-116,5	   0,0180336	-117,3
     32,3001	   0,0176064	-116,7	   0,0179307	-117,3
     32,3021	   0,0174527	-116,7	   0,0177652	-117,7
      32,304	   0,0173557	-116,9	   0,0176916	-117,0
      32,306	     0,01733	-116,6	   0,0175206	-117,1
     32,3079	   0,0172733	-116,6	   0,0174415	-117,1
     32,3099	   0,0171357	-116,7	   0,0173638	-116,9
     32,3118	   0,0170387	-116,1	   0,0172852	-116,7
     32,3138	   0,0168768	-116,4	   0,0171843	-117,1
     32,3157	   0,0167926	-116,5	   0,0170658	-116,3
     32,3177	   0,0167363	-116,2	   0,0169869	-116,9
     32,3196	   0,0166189	-116,6	   0,0169301	-116,9
     32,3216	   0,0165326	-116,4	   0,0167886	-116,9
     32,3236	   0,0164918	-115,7	   0,0167108	-116,2
     32,3255	   0,0163556	-116,5	     0,01665	-116,8
     32,3275	   0,0163133	-116,2	   0,0165252	-116,5
     32,3294	   0,0162069	-116,0	   0,0164147	-116,4
     32,3314	    0,016135	-116,3	    0,016309	-116,4
     32,3333	   0,0160443	-115,7	   0,0162666	-115,6
     32,3353	   0,0159325	-115,7	     0,01624	-116,2
     32,3372	    0,015848	-115,9	   0,0161204	-116,3
     32,3392	   0,0157742	-115,9	   0,0159797	-116,5
     32,3412	   0,0156701	-115,8	   0,0158711	-116,1
     32,3431	   0,0155554	-116,0	   0,0157722	-115,9
     32,3451	   0,0154905	-116,0	   0,0157432	-115,8
      32,347	   0,0154454	-115,9	   0,0156461	-116,3
      32,349	   0,0153791	-115,9	   0,0155372	-116,2
     32,3509	    0,015291	-115,7	   0,0154869	-116,0
     32,3529	   0,0151084	-115,8	   0,0153958	-116,0
     32,3548	   0,0150472	-116,0	   0,0152761	-116,2
     32,3568	   0,0150104	-116,1	    0,015175	-116,4
     32,3587	   0,0149539	-115,8	   0,0150975	-116,0
     32,3607	   0,0148654	-115,5	   0,0150557	-115,8
     32,3627	   0,0147336	-115,4	   0,0149744	-116,2
     32,3646	   0,0146445	-116,2	    0,014888	-115,7
     32,3666	    0,014595	-115,5	    0,014811	-116,0
     32,3685	   0,0145227	-115,5	   0,0146956	-116,1
     32,3705	   0,0144859	-115,5	   0,0146229	-116,1
     32,3724	   0,0144502	-115,3	   0,0146319	-115,7
     32,3744	   0,0143136	-115,7	   0,0145037	-115,9
     32,3763	   0,0142467	-115,5	    0,014396	-115,8
     32,3783	   0,0141659	-115,8	   0,0143454	-115,5
     32,3803	   0,0141205	-115,5	   0,0142996	-115,6
     32,3822	   0,0139972	-115,7	   0,0142293	-116,0
     32,3842	   0,0139604	-115,4	   0,0140909	-116,0
     32,3861	   0,0139003	-115,0	   0,0139931	-115,6
     32,3881	   0,0138371	-115,0	   0,0140208	-115,1
       32,39	   0,0137174	-115,3	   0,0140047	-115,9
      32,392	   0,0136467	-115,5	   0,0138137	-115,4
     32,3939	   0,0135679	-115,2	   0,0137334	-115,5
     32,3959	   0,0135615	-115,4	   0,0136654	-115,7
     32,3979	   0,0134968	-115,2	   0,0136233	-115,4
     32,3998	   0,0133802	-115,5	   0,0135071	-115,5
     32,4018	   0,0132968	-115,1	   0,0135013	-115,6
     32,4037	   0,0131913	-114,8	   0,0134494	-115,6
     32,4057	   0,0131743	-115,6	   0,0133465	-115,5
     32,4076	   0,0131551	-115,1	   0,0132426	-115,7
     32,4096	   0,0130751	-114,8	   0,0131815	-115,2
     32,4115	   0,0130106	-115,0	   0,0131573	-115,6
     32,4135	   0,0128982	-114,5	   0,0131281	-115,1
     32,4154	   0,0128693	-115,3	   0,0130168	-115,7
     32,4174	   0,0128041	-115,3	   0,0129076	-115,3
     32,4194	   0,0127625	-115,0	   0,0128687	-115,3
     32,4213	   0,0127134	-114,8	   0,0128423	-115,7
     32,4233	   0,0125676	-114,7	   0,0127675	-115,9
     32,4252	   0,0125228	-115,0	   0,0126291	-115,5
     32,4272	   0,0125182	-115,1	   0,0125945	-115,2
     32,4291	   0,0124549	-115,1	   0,0125809	-115,1
     32,4311	   0,0123513	-114,8	   0,0125419	-115,3
      32,433	   0,0122734	-114,8	   0,0124754	-115,2
      32,435	   0,0122024	-115,4	   0,0123623	-115,4
      32,437	   0,0121753	-115,4	   0,0122724	-115,1
     32,4389	   0,0121545	-114,6	   0,0122337	-115,5
     32,4409	   0,0120259	-114,8	   0,0121932	-115,0
     32,4428	   0,0119224	-114,8	   0,0120835	-115,3
     32,4448	   0,0119419	-114,9	    0,012096	-115,2
     32,4467	   0,0119177	-114,5	   0,0120589	-115,3
     32,4487	   0,0117985	-114,4	   0,0119621	-115,4
     32,4506	   0,0117517	-114,9	   0,0118644	-115,0
     32,4526	   0,0117558	-115,0	   0,0118052	-114,9
     32,4545	   0,0116726	-114,7	   0,0118577	-114,8
     32,4565	    0,011607	-115,1	   0,0117946	-115,4
     32,4585	   0,0115258	-115,1	   0,0116214	-115,5
     32,4604	   0,0114814	-114,7	   0,0115633	-114,7
     32,4624	   0,0114227	-114,4	   0,0115968	-114,4
     32,4643	   0,0113279	-114,8	   0,0115821	-114,9
     32,4663	   0,0113326	-115,0	   0,0114445	-115,9
     32,4682	   0,0113281	-115,1	   0,0113127	-114,8
     32,4702	   0,0112497	-114,5	   0,0113257	-114,9
     32,4721	   0,0110873	-114,9	   0,0113182	-115,0
     32,4741	   0,0111172	-114,9	   0,0112031	-115,2
     32,4761	   0,0110338	-114,9	   0,0111502	-115,0
      32,478	   0,0110033	-114,7	   0,0111313	-115,0
       32,48	    0,010967	-114,7	   0,0111249	-114,7
     32,4819	   0,0109485	-114,7	   0,0110191	-115,1
     32,4839	   0,0108444	-114,7	   0,0109863	-114,8
     32,4858	   0,0107934	-114,5	   0,0109309	-114,9
     32,4878	   0,0107564	-114,9	   0,0108797	-115,0
     32,4897	   0,0107748	-114,8	   0,0108205	-115,1
     32,4917	   0,0106991	-114,1	   0,0107616	-114,7
     32,4936	   0,0106275	-114,3	   0,0107159	-114,7
     32,4956	    0,010582	-114,5	   0,0107179	-114,6
     32,4976	   0,0104923	-114,4	   0,0106395	-114,8
     32,4995	   0,0104666	-114,6	   0,0106099	-114,8
     32,5015	   0,0104742	-114,9	   0,0105636	-115,0
     32,5034	   0,0104121	-114,2	   0,0104446	-114,9
     32,5054	   0,0102696	-114,5	   0,0104502	-114,4
     32,5073	   0,0102857	-114,9	   0,0104236	-115,0
     32,5093	   0,0102682	-114,3	   0,0103043	-115,3
     32,5112	   0,0101713	-114,5	    0,010262	-115,1
     32,5132	   0,0101697	-114,4	   0,0102198	-114,3
     32,5152	   0,0102067	-114,6	   0,0101885	-114,9
     32,5171	   0,0100688	-114,0	   0,0101788	-114,9
     32,5191	  0,00995725	-114,1	   0,0101045	-115,2
      32,521	   0,0100022	-114,9	  0,00999227	-114,5
      32,523	  0,00995743	-114,5	   0,0100515	-114,1
     32,5249	  0,00986411	-114,0	   0,0100239	-114,5
     32,5269	  0,00983076	-113,9	   0,0099295	-114,7
     32,5288	  0,00976151	-114,5	  0,00981127	-114,4
     32,5308	  0,00976125	-114,4	  0,00987337	-114,1
     32,5327	  0,00969391	-114,2	  0,00979982	-115,2
     32,5347	  0,00968915	-114,7	  0,00976189	-115,2
     32,5367	  0,00957556	-114,3	  0,00970645	-114,2
     32,5386	  0,00955151	-114,8	  0,00964462	-114,5
     32,5406	  0,00957394	-114,1	  0,00962945	-114,5
     32,5425	  0,00948759	-113,9	  0,00952753	-114,7
     32,5445	  0,00942031	-114,7	  0,00951861	-114,2
     32,5464	  0,00943464	-114,6	  0,00952931	-114,0
     32,5484	  0,00938598	-114,3	  0,00947336	-114,6
     32,5503	  0,00929248	-114,2	   0,0093704	-114,8
     32,5523	  0,00930023	-114,4	   0,0093173	-114,2
     32,5543	   0,0092156	-114,1	  0,00933675	-113,9
     32,5562	  0,00921085	-114,4	  0,00930019	-114,9
     32,5582	   0,0091622	-114,2	   0,0091762	-115,0
     32,5601	  0,00915318	-114,1	  0,00913455	-114,7
     32,5621	  0,00907403	-114,0	  0,00920876	-114,6
      32,564	  0,00904167	-114,5	  0,00913774	-114,6
      32,566	  0,00898216	-113,8	  0,00906403	-114,3
     32,5679	   0,0089394	-114,7	  0,00904113	-114,6
     32,5699	  0,00895922	-114,4	  0,00907073	-114,1
     32,5718	  0,00889825	-114,2	  0,00897608	-114,8
     32,5738	  0,00885405	-114,6	  0,00893209	-114,6
     32,5758	  0,00878847	-114,2	  0,00886996	-114,7
     32,5777	   0,0087632	-114,6	  0,00882052	-114,7
     32,5797	  0,00876147	-113,9	  0,00885588	-114,3
     32,5816	  0,00869561	-114,6	  0,00880048	-114,4
     32,5836	  0,00865028	-114,2	  0,00872564	-114,8
     32,5855	  0,00862804	-114,8	   0,0087052	-114,7
     32,5875	    0,008601	-114,4	  0,00864239	-114,5
     32,5894	  0,00856432	-114,0	  0,00861123	-114,3
     32,5914	  0,00845622	-114,3	  0,00860173	-114,2
     32,5934	  0,00849363	-114,9	  0,00857537	-115,3
     32,5953	  0,00850098	-114,1	  0,00846739	-114,6
     32,5973	  0,00837993	-113,9	  0,00843816	-113,9
     32,5992	  0,00833882	-114,6	  0,00850884	-114,0
     32,6012	  0,00839552	-114,8	  0,00845577	-115,2
     32,6031	  0,00833968	-113,7	  0,00832163	-114,4
     32,6051	  0,00815849	-113,6	  0,00835417	-114,1
      32,607	  0,00823413	-115,1	  0,00834176	-115,0
      32,609	  0,00828136	-113,9	  0,00824633	-115,0
     32,6109	  0,00816918	-114,0	  0,00820945	-114,5
     32,6129	  0,00807011	-114,2	  0,00818553	-114,3
     32,6149	  0,00810218	-114,3	    0,008157	-114,3
     32,6168	  0,00806775	-114,8	  0,00805754	-114,5
     32,6188	  0,00800832	-114,5	   0,0080823	-114,4
     32,6207	  0,00800858	-114,3	  0,00813402	-114,4
     32,6227	  0,00796017	-114,0	  0,00802361	-114,9
     32,6246	   0,0079494	-113,6	  0,00791501	-114,8
     32,6266	  0,00789478	-114,3	  0,00797404	-113,8
     32,6285	  0,00786097	-114,5	  0,00794591	-114,9
     32,6305	  0,00780899	-114,6	  0,00786205	-114,7
     32,6325	  0,00783564	-114,0	  0,00782916	-114,1
     32,6344	  0,00773803	-113,9	  0,00783351	-114,5
     32,6364	  0,00767591	-114,3	  0,00779279	-114,1
     32,6383	  0,00770625	-114,8	  0,00777703	-114,4
     32,6403	  0,00770314	-114,1	   0,0076917	-114,7
     32,6422	  0,00762018	-113,6	  0,00766999	-114,1
     32,6442	  0,00761249	-114,2	  0,00772307	-114,0
     32,6461	   0,0076271	-114,1	  0,00769666	-115,1
     32,6481	  0,00753212	-114,7	  0,00753882	-114,8
       32,65	   0,0074885	-114,4	  0,00751212	-113,7
      32,652	  0,00749324	-114,2	  0,00760994	-113,4
      32,654	  0,00752211	-114,5	  0,00756182	-114,7
     32,6559	  0,00740872	-113,7	  0,00736985	-114,9
     32,6579	  0,00735848	-114,9	   0,0074495	-113,5
     32,6598	  0,00742244	-114,8	  0,00750535	-114,4
     32,6618	  0,00735839	-113,8	   0,0073451	-115,3
     32,6637	  0,00725338	-114,3	  0,00731622	-114,3
     32,6657	  0,00726589	-114,4	  0,00735249	-114,1
     32,6676	  0,00728084	-114,2	  0,00730492	-114,4
     32,6696	   0,0071985	-114,2	  0,00721297	-114,2
     32,6716	  0,00722851	-114,2	  0,00727397	-113,7
     32,6735	  0,00714235	-114,5	  0,00726546	-115,0
     32,6755	  0,00714837	-114,5	  0,00717508	-114,8
     32,6774	  0,00706386	-114,8	  0,00709686	-114,7
     32,6794	  0,00707667	-114,7	  0,00710269	-114,3
     32,6813	  0,00704793	-114,0	  0,00712453	-114,4
     32,6833	  0,00701877	-114,4	   0,0070307	-114,1
     32,6852	  0,00697097	-114,4	  0,00697247	-114,5
     32,6872	  0,00694333	-114,2	   0,0070314	-114,1
     32,6891	  0,00695947	-114,0	  0,00697383	-115,0
     32,6911	  0,00689562	-114,4	  0,00694372	-114,4
     32,6931	  0,00692924	-114,3	  0,00695482	-114,8
      32,695	  0,00684023	-114,0	  0,00686976	-115,0
      32,697	  0,00678397	-114,3	  0,00690043	-114,1
     32,6989	  0,00686256	-114,4	  0,00684169	-115,0
     32,7009	  0,00675876	-113,7	  0,00676799	-113,6
     32,7028	  0,00669578	-114,7	  0,00679963	-114,5
     32,7048	  0,00676203	-114,9	  0,00676597	-114,5
     32,7067	  0,00678719	-114,1	  0,00671711	-114,4
     32,7087	  0,00659841	-113,6	  0,00673595	-114,6
     32,7107	  0,00660666	-115,5	  0,00665415	-114,5
     32,7126	  0,00668229	-114,4	  0,00662758	-114,1
     32,7146	  0,00658586	-113,8	  0,00668637	-114,5
     32,7165	  0,00651255	-114,3	  0,00662634	-114,9
     32,7185	  0,00657807	-114,8	  0,00646386	-114,4
     32,7204	  0,00649854	-113,7	  0,00658762	-114,0
     32,7224	  0,00644385	-114,3	  0,00659377	-115,1
     32,7243	  0,00647896	-114,6	  0,00642397	-114,7
     32,7263	  0,00646035	-114,6	  0,00647106	-114,2
     32,7282	  0,00638491	-114,8	  0,00648909	-114,9
     32,7302	  0,00641687	-113,8	  0,00639493	-114,6
     32,7322	  0,00636292	-114,8	  0,00633572	-114,4
     32,7341	   0,0063473	-114,6	   0,0064307	-114,2
     32,7361	  0,00629575	-114,6	  0,00631509	-115,0
      32,738	  0,00629851	-114,7	  0,00632673	-114,7
       32,74	  0,00625162	-114,1	  0,00625298	-114,6
     32,7419	  0,00621957	-115,1	  0,00630118	-114,4
     32,7439	  0,00625115	-114,6	  0,00623416	-114,8
     32,7458	  0,00620497	-114,1	  0,00616238	-114,4
     32,7478	  0,00609301	-114,4	   0,0062261	-114,5
     32,7498	  0,00612974	-115,2	   0,0061629	-115,3
     32,7517	  0,00615176	-114,8	  0,00612141	-114,0
     32,7537	  0,00610593	-114,3	  0,00622348	-114,9
     32,7556	  0,00607553	-114,6	  0,00605802	-115,0
     32,7576	  0,00603697	-114,5	  0,00607477	-114,0
     32,7595	  0,00610046	-113,7	  0,00608283	-114,9
     32,7615	    0,005965	-113,9	  0,00599877	-114,8
     32,7634	  0,00592625	-115,9	  0,00604088	-113,9
     32,7654	  0,00605435	-114,5	  0,00599247	-115,6
     32,7673	  0,00588305	-113,3	  0,00587918	-114,5
     32,7693	  0,00585739	-115,1	  0,00593867	-114,0
     32,7713	  0,00595545	-114,2	  0,00595159	-115,1
     32,7732	  0,00582642	-114,3	  0,00584223	-115,1
     32,7752	  0,00584584	-114,9	   0,0059054	-113,8
     32,7771	  0,00585308	-113,7	  0,00588316	-114,5
     32,7791	  0,00575636	-114,7	  0,00580387	-114,5
      32,781	  0,00582926	-114,8	  0,00579486	-114,2
      32,783	  0,00579144	-114,2	  0,00580859	-114,5
     32,7849	  0,00563643	-114,5	  0,00574044	-115,4
     32,7869	  0,00575519	-115,5	   0,0057481	-114,3
     32,7889	    0,005744	-113,6	   0,0057478	-115,0
     32,7908	  0,00559017	-114,7	  0,00561821	-115,5
     32,7928	  0,00569659	-114,4	  0,00564918	-114,0
     32,7947	  0,00560649	-113,2	   0,0057265	-114,3
     32,7967	  0,00554896	-115,3	  0,00559314	-115,4
     32,7986	  0,00563154	-114,2	  0,00555719	-113,9
     32,8006	  0,00554182	-114,6	  0,00565253	-115,0
     32,8025	  0,00552072	-114,4	   0,0055606	-115,1
     32,8045	  0,00549896	-115,2	  0,00549881	-114,2
     32,8064	   0,0055405	-114,2	   0,0055821	-113,9
     32,8084	  0,00545433	-114,3	  0,00553517	-115,4
     32,8104	  0,00545334	-114,9	  0,00543314	-114,4
     32,8123	  0,00544799	-114,4	  0,00554203	-114,2
     32,8143	  0,00539031	-114,9	   0,0054235	-115,7
     32,8162	  0,00541194	-114,2	  0,00533935	-114,4
     32,8182	  0,00531135	-114,9	  0,00549274	-114,6
     32,8201	  0,00536105	-114,2	  0,00538472	-114,9
     32,8221	   0,0053378	-114,8	   0,0053183	-114,9
      32,824	  0,00529311	-115,3	   0,0053796	-114,9
      32,826	  0,00536963	-114,4	  0,00526809	-115,2
      32,828	  0,00520302	-114,4	  0,00530188	-114,5
     32,8299	  0,00524376	-115,2	  0,00528657	-115,6
     32,8319	  0,00529611	-114,0	  0,00523113	-114,8
     32,8338	  0,00518873	-114,6	  0,00522346	-114,4
     32,8358	  0,00520192	-115,3	  0,00529264	-114,3
     32,8377	  0,00519773	-114,3	  0,00516072	-115,7
     32,8397	  0,00514496	-114,9	  0,00517857	-114,5
     32,8416	  0,00511126	-115,0	  0,00518299	-115,5
     32,8436	  0,00517406	-114,8	  0,00514986	-114,6
     32,8456	  0,00503956	-115,1	   0,0051336	-115,4
     32,8475	  0,00512184	-115,9	  0,00508833	-114,9
     32,8495	  0,00507254	-114,1	  0,00509463	-114,9
     32,8514	  0,00499889	-114,4	  0,00504714	-115,9
     32,8534	  0,00506187	-115,2	   0,0050407	-114,5
     32,8553	  0,00497351	-114,6	  0,00507124	-114,9
     32,8573	  0,00498718	-114,8	  0,00492429	-115,6
     32,8592	  0,00498857	-114,5	  0,00504408	-114,3
     32,8612	  0,00492921	-114,5	  0,00494363	-115,6
     32,8631	  0,00495342	-114,6	  0,00490685	-115,4
     32,8651	  0,00486817	-114,2	  0,00493724	-115,1
     32,8671	  0,00484533	-115,0	  0,00490927	-115,5
      32,869	  0,00491548	-114,6	  0,00485683	-115,3
      32,871	  0,00479659	-115,5	  0,00487493	-114,9
     32,8729	  0,00485492	-114,7	   0,0048878	-114,5
     32,8749	  0,00479746	-114,7	  0,00480898	-115,7
     32,8768	  0,00482555	-114,9	  0,00482669	-113,9
     32,8788	  0,00477815	-114,8	  0,00482288	-114,9
     32,8807	  0,00474555	-115,1	  0,00474108	-115,5
     32,8827	  0,00473829	-114,9	  0,00478946	-114,7
     32,8847	  0,00472097	-114,8	  0,00476167	-115,4
     32,8866	  0,00470457	-115,0	  0,00473679	-115,7
     32,8886	  0,00472324	-114,6	  0,00474516	-115,1
     32,8905	  0,00465077	-115,0	  0,00467964	-114,6
     32,8925	  0,00466758	-115,7	  0,00467363	-115,1
     32,8944	  0,00466851	-114,4	  0,00468543	-114,9
     32,8964	   0,0045484	-115,0	  0,00466917	-115,3
     32,8983	  0,00464515	-115,7	  0,00456287	-115,5
     32,9003	   0,0046091	-114,5	  0,00459148	-115,1
     32,9022	  0,00454117	-114,5	  0,00461185	-115,0
     32,9042	  0,00456798	-115,6	   0,0045393	-115,6
     32,9062	  0,00455313	-114,7	  0,00456723	-115,1
     32,9081	  0,00446838	-115,5	  0,00453992	-116,1
     32,9101	  0,00453879	-115,6	  0,00450488	-114,5
      32,912	  0,00447496	-114,7	  0,00451713	-115,5
      32,914	   0,0044418	-115,5	  0,00447379	-115,6
     32,9159	  0,00445423	-115,5	  0,00444547	-114,9
     32,9179	  0,00444674	-114,8	  0,00447735	-115,0
     32,9198	  0,00440376	-115,7	  0,00443742	-116,1
     32,9218	  0,00442358	-115,1	  0,00436224	-115,2
     32,9238	  0,00434309	-116,5	  0,00448724	-115,7
     32,9257	  0,00439239	-114,3	  0,00433972	-115,6
     32,9277	  0,00431025	-116,3	  0,00437304	-115,0
     32,9296	  0,00435183	-113,7	  0,00435495	-116,2
     32,9316	  0,00435329	-114,8	  0,00429816	-115,5
     32,9335	  0,00433406	-114,7	  0,00436083	-114,6
     32,9355	  0,00426886	-115,6	  0,00435104	-115,7
     32,9374	  0,00428877	-114,2	  0,00424095	-115,9
     32,9394	  0,00422187	-115,4	  0,00429686	-113,9
     32,9413	  0,00428331	-115,5	  0,00427747	-116,5
     32,9433	  0,00425796	-114,0	  0,00416366	-115,1
     32,9453	  0,00411008	-116,6	  0,00430558	-115,2
     32,9472	  0,00424538	-115,2	  0,00415419	-116,1
     32,9492	  0,00413975	-115,8	  0,00421206	-114,2
     32,9511	  0,00418613	-116,3	  0,00421026	-116,1
     32,9531	  0,00412893	-115,1	  0,00411229	-115,3
      32,955	  0,00410881	-115,8	  0,00420085	-114,5
      32,957	  0,00414487	-115,5	  0,00408362	-116,8
     32,9589	  0,00409182	-115,9	  0,00411199	-115,3
     32,9609	  0,00407498	-115,9	  0,00414939	-116,6
     32,9629	  0,00409963	-114,9	  0,00404627	-114,5
     32,9648	   0,0040192	-115,7	  0,00409946	-115,6
     32,9668	  0,00410004	-115,6	   0,0039772	-115,8
     32,9687	   0,0039839	-114,8	  0,00411223	-115,4
     32,9707	  0,00404443	-116,4	  0,00398803	-116,2
     32,9726	  0,00394933	-114,5	  0,00399764	-114,3
     32,9746	  0,00400235	-116,4	  0,00402869	-116,5
     32,9765	  0,00402457	-114,5	  0,00392773	-115,8
     32,9785	  0,00389999	-116,4	  0,00406442	-115,3
     32,9804	   0,0039987	-114,7	  0,00389093	-117,1
     32,9824	  0,00389617	-114,6	  0,00392038	-115,3
     32,9844	  0,00394264	-116,6	  0,00395879	-116,5
     32,9863	   0,0040199	-113,7	  0,00387549	-115,9
     32,9883	  0,00377061	-116,4	  0,00396222	-115,5
     32,9902	  0,00397525	-116,5	  0,00375036	-115,6
     32,9922	  0,00379515	-114,7	  0,00403053	-114,9
     32,9941	  0,00382225	-117,5	   0,0038134	-118,7
     32,9961	  0,00388206	-115,2	  0,00379476	-113,6
      32,998	  0,00372806	-115,4	    0,003983	-117,5
          33	  0,00377409	-117,7	  0,00349277	-116,0

