X-Data [Hz]	Laser (M - Filtered) [m/s]	Phase [Deg]	Laser (M - Filtered) [m/s]	Phase [Deg]	
	002: [06-17-24 17:12]		003: [06-17-24 17:21]	
        30,5	  0,00860573	75,8	   0,0100872	74,5
     30,5024	  0,00933023	73,3	    0,010182	75,0
     30,5049	   0,0101888	72,3	   0,0101466	73,9
     30,5073	  0,00990437	76,7	   0,0101005	73,3
     30,5098	  0,00999704	73,1	   0,0102511	73,6
     30,5122	   0,0103452	74,6	   0,0101421	74,3
     30,5147	   0,0100114	73,7	   0,0101228	75,1
     30,5171	   0,0102822	72,3	   0,0103067	72,8
     30,5196	   0,0103037	75,8	   0,0102031	74,3
      30,522	    0,010129	73,5	    0,010164	75,1
     30,5244	   0,0103314	72,9	   0,0103145	73,0
     30,5269	    0,010235	74,2	   0,0102018	74,1
     30,5293	   0,0102177	73,0	   0,0101497	74,7
     30,5318	   0,0103454	73,9	   0,0103149	74,9
     30,5342	   0,0102084	75,6	   0,0103167	73,0
     30,5367	   0,0103117	73,4	   0,0102768	74,2
     30,5391	   0,0103608	73,5	   0,0103551	73,7
     30,5415	   0,0102291	74,9	    0,010267	72,8
      30,544	   0,0103735	73,6	   0,0103421	75,1
     30,5464	   0,0103103	74,7	   0,0103861	73,6
     30,5489	   0,0103864	73,7	   0,0103473	73,1
     30,5513	   0,0102942	74,2	    0,010366	74,5
     30,5538	   0,0104269	75,6	    0,010432	74,4
     30,5562	    0,010386	74,0	   0,0103941	74,2
     30,5587	   0,0104046	73,6	   0,0104131	73,4
     30,5611	   0,0104334	74,4	    0,010404	74,2
     30,5635	    0,010421	74,4	   0,0104693	74,8
      30,566	   0,0104202	74,6	   0,0104729	72,8
     30,5684	   0,0104786	72,6	   0,0104284	73,8
     30,5709	   0,0105091	74,0	   0,0105021	75,5
     30,5733	   0,0104803	75,4	      0,0105	73,3
     30,5758	   0,0104597	73,9	   0,0104547	73,0
     30,5782	   0,0105507	73,7	   0,0105227	73,5
     30,5806	   0,0104024	74,7	   0,0105134	74,9
     30,5831	   0,0105804	74,4	   0,0105355	73,5
     30,5855	   0,0104936	74,7	   0,0105451	73,5
      30,588	   0,0105185	72,6	   0,0105675	74,7
     30,5904	   0,0105623	75,4	    0,010587	73,4
     30,5929	   0,0105753	74,7	   0,0105737	74,4
     30,5953	   0,0106607	73,1	   0,0105297	74,7
     30,5978	   0,0105315	74,7	   0,0106658	72,9
     30,6002	   0,0106892	74,2	   0,0106092	74,3
     30,6026	   0,0106604	74,6	   0,0106803	74,2
     30,6051	   0,0106298	73,7	   0,0106439	73,9
     30,6075	   0,0106945	74,3	   0,0106301	75,0
       30,61	    0,010613	74,3	   0,0107281	75,1
     30,6124	    0,010754	73,2	   0,0106717	72,8
     30,6149	   0,0107022	73,3	   0,0107222	75,1
     30,6173	   0,0106845	73,5	   0,0107646	74,3
     30,6197	   0,0107697	75,3	   0,0106578	73,3
     30,6222	   0,0107226	72,9	    0,010785	75,5
     30,6246	   0,0107953	74,1	   0,0107511	73,2
     30,6271	   0,0107558	74,2	   0,0107677	74,6
     30,6295	   0,0107545	74,5	   0,0107839	74,7
      30,632	   0,0107986	72,9	   0,0108791	74,8
     30,6344	   0,0108622	74,3	   0,0107448	73,4
     30,6369	   0,0107903	74,6	    0,010937	74,3
     30,6393	   0,0109114	73,3	   0,0107373	73,9
     30,6417	   0,0108123	74,8	    0,010867	73,4
     30,6442	   0,0108773	73,2	   0,0108264	75,3
     30,6466	   0,0108415	73,4	   0,0109267	73,8
     30,6491	   0,0109043	74,9	   0,0109119	73,1
     30,6515	   0,0109029	74,8	   0,0109028	74,9
      30,654	   0,0109106	74,3	   0,0109885	74,2
     30,6564	    0,010934	72,6	   0,0108207	72,5
     30,6588	   0,0109531	74,6	   0,0110246	74,6
     30,6613	   0,0109571	73,5	   0,0109229	73,3
     30,6637	    0,011026	74,4	   0,0110644	74,5
     30,6662	   0,0110176	74,6	   0,0110277	74,2
     30,6686	   0,0109609	75,0	   0,0110286	73,5
     30,6711	   0,0110128	73,6	   0,0110134	74,3
     30,6735	   0,0110372	73,9	   0,0110665	75,0
      30,676	    0,011086	75,2	   0,0110295	73,6
     30,6784	   0,0110037	73,6	   0,0111229	74,7
     30,6808	   0,0111185	72,8	   0,0110559	73,8
     30,6833	   0,0110985	74,7	   0,0111173	73,7
     30,6857	   0,0111553	73,9	   0,0111565	74,3
     30,6882	   0,0111139	73,4	   0,0111021	74,7
     30,6906	   0,0111464	73,1	   0,0111886	74,6
     30,6931	   0,0111533	75,1	   0,0111135	73,7
     30,6955	   0,0111823	74,5	   0,0112029	75,1
     30,6979	   0,0111544	74,2	   0,0111376	73,1
     30,7004	   0,0112471	73,9	   0,0112218	75,5
     30,7028	   0,0112363	73,1	    0,011262	74,1
     30,7053	   0,0112172	75,3	   0,0112355	73,3
     30,7077	   0,0112775	74,1	   0,0112694	75,4
     30,7102	     0,01128	74,9	   0,0112691	73,6
     30,7126	   0,0112955	73,7	   0,0113116	73,9
     30,7151	   0,0112975	74,3	   0,0112579	74,8
     30,7175	   0,0113117	74,7	   0,0113312	74,4
     30,7199	   0,0112895	73,4	   0,0113469	72,2
     30,7224	   0,0113784	74,6	   0,0113087	76,0
     30,7248	   0,0113096	73,3	   0,0113995	73,5
     30,7273	   0,0114121	74,1	   0,0113591	75,0
     30,7297	    0,011368	73,5	   0,0114857	72,7
     30,7322	   0,0114373	74,9	   0,0113269	73,4
     30,7346	    0,011448	73,3	   0,0114992	74,8
      30,737	   0,0114256	75,6	   0,0113789	73,2
     30,7395	   0,0114671	73,0	   0,0115729	74,8
     30,7419	   0,0114486	73,7	   0,0113994	73,8
     30,7444	   0,0115464	75,3	   0,0115927	73,6
     30,7468	   0,0114965	75,5	   0,0114159	74,7
     30,7493	   0,0115599	73,5	   0,0115853	73,1
     30,7517	   0,0115161	75,3	   0,0114945	73,7
     30,7542	   0,0116149	73,6	    0,011665	74,9
     30,7566	   0,0115571	72,9	   0,0115306	73,0
      30,759	   0,0115715	75,0	   0,0117032	75,4
     30,7615	    0,011617	73,2	   0,0115739	73,3
     30,7639	     0,01166	74,5	   0,0116908	75,7
     30,7664	   0,0116183	75,2	   0,0116904	74,5
     30,7688	   0,0117375	74,5	   0,0116771	73,7
     30,7713	   0,0116458	73,4	   0,0117438	74,8
     30,7737	   0,0117451	74,9	   0,0117678	73,8
     30,7761	    0,011693	73,9	   0,0117357	74,8
     30,7786	   0,0118376	74,3	   0,0117863	72,5
      30,781	   0,0117146	73,5	   0,0117484	74,8
     30,7835	   0,0117885	73,0	   0,0118275	73,8
     30,7859	   0,0117532	73,7	   0,0117798	73,1
     30,7884	   0,0118938	74,6	   0,0118924	75,2
     30,7908	   0,0118021	73,8	   0,0118565	73,5
     30,7933	    0,011868	75,6	    0,011934	73,9
     30,7957	   0,0118805	73,9	    0,011874	74,6
     30,7981	   0,0118889	73,8	   0,0118491	74,0
     30,8006	   0,0119166	74,5	   0,0119371	75,0
      30,803	   0,0120248	73,4	   0,0119759	73,3
     30,8055	   0,0118811	75,7	   0,0119585	75,1
     30,8079	   0,0120764	75,2	   0,0119592	73,3
     30,8104	   0,0119217	73,8	   0,0119694	73,5
     30,8128	    0,012088	73,2	   0,0120659	74,1
     30,8152	    0,011949	74,7	   0,0120483	73,1
     30,8177	   0,0120853	73,2	   0,0120609	75,0
     30,8201	   0,0120159	75,7	   0,0120673	73,8
     30,8226	   0,0121382	73,6	   0,0121495	75,1
      30,825	   0,0120749	73,7	   0,0120784	73,0
     30,8275	   0,0120993	73,4	     0,01217	74,1
     30,8299	   0,0121501	73,7	   0,0120891	75,3
     30,8324	   0,0121653	74,5	   0,0122595	73,8
     30,8348	   0,0122167	73,7	    0,012147	74,0
     30,8372	   0,0121883	74,0	   0,0123173	73,2
     30,8397	   0,0122163	74,9	   0,0121983	74,4
     30,8421	    0,012202	73,8	   0,0123072	73,5
     30,8446	   0,0122804	75,1	   0,0122014	74,6
      30,847	   0,0122527	74,4	   0,0123561	72,7
     30,8495	   0,0123866	74,4	    0,012283	74,9
     30,8519	   0,0122705	75,9	   0,0123781	74,5
     30,8543	   0,0124412	73,1	   0,0123892	74,0
     30,8568	   0,0122922	75,0	    0,012408	74,5
     30,8592	   0,0124402	73,7	    0,012344	72,9
     30,8617	    0,012426	74,5	   0,0124716	74,9
     30,8641	    0,012359	75,7	   0,0124098	73,3
     30,8666	   0,0124886	73,0	   0,0125072	74,2
      30,869	   0,0124453	75,6	   0,0125111	72,9
     30,8715	   0,0125554	73,4	   0,0125204	75,3
     30,8739	   0,0124863	75,1	   0,0125671	73,4
     30,8763	   0,0125231	73,4	   0,0125338	74,7
     30,8788	   0,0126022	74,6	   0,0125502	73,2
     30,8812	   0,0125612	74,2	   0,0125717	75,4
     30,8837	   0,0126232	73,9	   0,0126302	73,1
     30,8861	    0,012622	75,0	   0,0125943	75,0
     30,8886	   0,0126512	72,9	   0,0126919	74,2
      30,891	   0,0127183	74,9	   0,0126978	75,0
     30,8934	   0,0127325	73,6	   0,0127698	73,5
     30,8959	   0,0127376	74,6	    0,012681	74,6
     30,8983	    0,012842	73,4	   0,0128352	73,1
     30,9008	   0,0127285	74,0	   0,0127948	75,4
     30,9032	     0,01293	73,9	   0,0127886	73,7
     30,9057	   0,0127422	74,2	   0,0128293	75,2
     30,9081	   0,0129349	73,8	   0,0128891	74,2
     30,9106	   0,0127781	74,4	   0,0128882	74,4
      30,913	   0,0129249	75,4	   0,0128798	72,4
     30,9154	    0,012854	73,5	   0,0128812	75,4
     30,9179	   0,0129253	74,9	   0,0129901	73,5
     30,9203	   0,0129423	74,5	   0,0129612	75,5
     30,9228	   0,0129771	74,0	   0,0130098	74,1
     30,9252	   0,0130451	73,8	    0,013055	73,6
     30,9277	   0,0130031	73,5	   0,0130102	76,0
     30,9301	   0,0130589	73,9	   0,0131333	73,4
     30,9326	   0,0131132	74,2	   0,0131199	75,3
      30,935	   0,0131755	74,4	   0,0131115	72,7
     30,9374	    0,013117	72,9	    0,013124	74,3
     30,9399	   0,0131485	74,4	   0,0132249	73,0
     30,9423	   0,0131434	73,3	   0,0131766	74,2
     30,9448	   0,0132328	75,2	   0,0132488	73,3
     30,9472	   0,0132276	75,0	   0,0132969	75,0
     30,9497	   0,0133058	73,3	   0,0132452	73,3
     30,9521	   0,0133209	74,5	   0,0133266	75,1
     30,9545	   0,0132447	74,0	   0,0132422	73,7
      30,957	   0,0133653	74,7	   0,0133852	75,0
     30,9594	   0,0133555	73,9	    0,013417	74,0
     30,9619	   0,0134642	75,1	   0,0133715	75,4
     30,9643	   0,0133827	73,5	   0,0134497	73,4
     30,9668	   0,0134822	76,2	   0,0134311	74,6
     30,9692	   0,0135263	74,2	   0,0135439	73,5
     30,9717	   0,0134263	75,2	   0,0135338	75,4
     30,9741	    0,013667	74,0	   0,0135629	74,6
     30,9765	   0,0134807	74,6	   0,0135681	74,9
      30,979	   0,0136222	73,9	   0,0135682	75,1
     30,9814	   0,0136963	74,3	   0,0137503	75,3
     30,9839	   0,0135983	73,4	   0,0135964	73,5
     30,9863	   0,0137279	73,8	   0,0137007	75,1
     30,9888	   0,0137229	75,4	   0,0137494	73,6
     30,9912	   0,0137553	73,1	   0,0137437	74,9
     30,9936	   0,0137523	74,9	   0,0138285	73,0
     30,9961	   0,0137991	73,7	    0,013869	73,9
     30,9985	   0,0139074	75,8	    0,013776	74,0
      31,001	   0,0137594	73,2	   0,0139159	75,3
     31,0034	   0,0139029	75,7	   0,0138788	74,2
     31,0059	   0,0139236	72,7	   0,0139684	74,6
     31,0083	   0,0138701	74,6	   0,0139678	74,1
     31,0108	   0,0139686	75,2	   0,0139665	74,2
     31,0132	   0,0140875	75,7	   0,0141104	74,1
     31,0156	   0,0140807	74,4	   0,0140176	74,2
     31,0181	   0,0140548	74,4	   0,0140945	75,1
     31,0205	   0,0140766	73,9	   0,0141689	74,1
      31,023	   0,0141287	75,2	   0,0140717	75,2
     31,0254	   0,0141629	75,9	    0,014175	75,2
     31,0279	   0,0141878	74,9	   0,0142433	73,5
     31,0303	   0,0142487	74,5	   0,0142712	76,5
     31,0327	   0,0142544	75,8	   0,0143014	74,4
     31,0352	   0,0142734	73,7	   0,0143263	75,3
     31,0376	   0,0143143	75,1	    0,014358	75,4
     31,0401	   0,0144105	73,9	   0,0143591	73,6
     31,0425	   0,0143618	74,8	    0,014415	74,1
      31,045	   0,0144524	75,2	   0,0144296	74,1
     31,0474	   0,0144714	73,7	   0,0145373	75,6
     31,0499	     0,01442	74,6	   0,0144993	74,3
     31,0523	   0,0146146	74,9	   0,0145293	74,5
     31,0547	    0,014488	73,6	   0,0146016	75,1
     31,0572	   0,0146809	75,8	   0,0146134	74,3
     31,0596	   0,0146048	73,1	   0,0146101	73,5
     31,0621	   0,0145521	76,0	   0,0147071	73,8
     31,0645	   0,0148134	74,6	   0,0146708	74,3
      31,067	   0,0146777	73,8	   0,0148056	74,2
     31,0694	   0,0147337	75,3	   0,0147886	75,2
     31,0718	   0,0149026	74,7	    0,014827	73,4
     31,0743	   0,0148035	73,3	   0,0147763	75,6
     31,0767	   0,0148327	75,4	   0,0148675	74,4
     31,0792	   0,0149778	73,9	   0,0149559	75,2
     31,0816	   0,0150043	75,5	   0,0149074	73,1
     31,0841	   0,0149386	74,4	   0,0150277	74,8
     31,0865	   0,0150415	75,4	   0,0150641	73,8
      31,089	   0,0151096	73,2	   0,0150449	75,3
     31,0914	   0,0150228	75,0	   0,0151644	75,0
     31,0938	   0,0151679	74,2	   0,0152219	74,6
     31,0963	     0,01518	73,6	   0,0151607	75,5
     31,0987	    0,015135	75,1	   0,0153027	74,8
     31,1012	   0,0152524	74,8	   0,0153475	75,0
     31,1036	   0,0152806	73,1	   0,0153035	73,3
     31,1061	   0,0152988	75,6	     0,01537	75,4
     31,1085	   0,0153889	73,7	   0,0153619	74,2
     31,1109	   0,0154023	74,9	   0,0154796	73,4
     31,1134	   0,0154126	74,5	    0,015532	75,7
     31,1158	    0,015489	74,3	   0,0154812	74,4
     31,1183	   0,0155442	75,1	   0,0156219	75,6
     31,1207	   0,0155056	74,6	   0,0155371	74,2
     31,1232	   0,0156158	73,7	   0,0156275	75,1
     31,1256	   0,0156189	74,2	   0,0156711	75,7
     31,1281	   0,0156615	75,3	   0,0157372	73,9
     31,1305	   0,0157771	74,0	   0,0157777	76,4
     31,1329	   0,0157931	75,1	   0,0158215	75,3
     31,1354	   0,0158068	75,0	   0,0159323	75,3
     31,1378	   0,0158506	74,5	   0,0159579	73,9
     31,1403	    0,016008	74,0	    0,015909	75,4
     31,1427	   0,0159207	74,6	   0,0160563	74,9
     31,1452	   0,0159877	75,8	   0,0161357	74,6
     31,1476	   0,0160403	74,2	   0,0159976	76,2
       31,15	    0,016051	76,4	    0,016065	74,4
     31,1525	   0,0161259	74,9	   0,0162888	75,5
     31,1549	   0,0161712	76,2	   0,0162005	73,9
     31,1574	   0,0162242	74,2	   0,0162352	75,3
     31,1598	   0,0161684	75,8	    0,016353	73,9
     31,1623	   0,0163489	74,9	   0,0163599	73,9
     31,1647	   0,0163994	74,8	   0,0163765	75,1
     31,1672	   0,0163197	75,3	   0,0164852	74,6
     31,1696	    0,016439	74,0	   0,0165621	76,8
      31,172	   0,0166221	74,9	    0,016555	73,9
     31,1745	   0,0165121	74,8	   0,0166212	76,4
     31,1769	    0,016556	75,6	   0,0166702	75,7
     31,1794	   0,0167092	74,6	   0,0166716	74,6
     31,1818	   0,0166173	75,2	   0,0167728	75,2
     31,1843	   0,0167638	75,8	   0,0168657	75,9
     31,1867	      0,0168	73,9	   0,0168854	74,6
     31,1891	   0,0167807	75,6	   0,0168638	75,0
     31,1916	   0,0168947	75,7	   0,0170224	74,5
      31,194	   0,0170151	75,5	   0,0170117	75,9
     31,1965	   0,0169581	74,4	   0,0170394	75,5
     31,1989	   0,0170692	75,3	   0,0171521	73,8
     31,2014	   0,0172081	76,2	   0,0171991	74,9
     31,2038	   0,0171464	74,1	   0,0171806	74,0
     31,2063	   0,0171584	74,4	   0,0173484	75,8
     31,2087	   0,0172201	76,3	   0,0173224	75,5
     31,2111	   0,0173606	74,7	   0,0174099	75,9
     31,2136	   0,0173924	75,9	   0,0174156	76,2
      31,216	   0,0174395	74,9	   0,0174921	74,4
     31,2185	   0,0175092	75,7	   0,0176287	75,3
     31,2209	   0,0176474	76,2	   0,0176408	76,0
     31,2234	   0,0176038	74,1	   0,0176106	74,7
     31,2258	    0,017615	76,1	   0,0178279	75,4
     31,2283	   0,0177536	74,7	   0,0178806	73,9
     31,2307	   0,0177898	75,9	   0,0178525	75,1
     31,2331	   0,0178339	75,2	   0,0178401	76,1
     31,2356	    0,017951	74,9	   0,0180622	74,4
      31,238	   0,0180531	76,0	   0,0181387	75,4
     31,2405	   0,0180416	74,6	   0,0180103	75,1
     31,2429	   0,0180721	75,2	   0,0181681	74,0
     31,2454	   0,0181401	76,0	   0,0183899	75,9
     31,2478	   0,0182437	74,4	   0,0182679	74,4
     31,2502	   0,0183122	76,2	   0,0182951	74,7
     31,2527	    0,018277	74,9	   0,0184455	76,0
     31,2551	    0,018355	75,1	   0,0185375	74,6
     31,2576	   0,0183881	75,7	   0,0185231	73,7
       31,26	   0,0185184	75,3	   0,0186324	76,0
     31,2625	    0,018604	73,7	   0,0187103	74,6
     31,2649	   0,0186599	75,3	    0,018794	77,1
     31,2674	   0,0187176	76,0	    0,018811	75,2
     31,2698	   0,0187842	76,7	    0,018914	74,8
     31,2722	   0,0188692	74,9	    0,019071	76,1
     31,2747	   0,0189698	76,1	    0,019086	76,1
     31,2771	   0,0190351	76,4	   0,0190762	75,9
     31,2796	   0,0190576	75,0	   0,0191019	76,7
      31,282	   0,0191294	75,1	   0,0192891	75,4
     31,2845	    0,019167	76,2	   0,0193629	75,5
     31,2869	   0,0193359	75,5	   0,0194529	76,3
     31,2893	   0,0194298	76,7	   0,0195095	76,6
     31,2918	   0,0194075	75,8	   0,0195352	74,4
     31,2942	    0,019564	74,7	   0,0197192	75,9
     31,2967	   0,0196955	76,1	   0,0198023	75,2
     31,2991	   0,0197758	76,5	   0,0197845	76,6
     31,3016	   0,0197583	74,6	   0,0198336	75,9
      31,304	   0,0198145	76,8	   0,0199375	74,7
     31,3065	     0,01999	75,2	   0,0200067	76,4
     31,3089	   0,0199917	75,7	   0,0201485	77,8
     31,3113	   0,0200309	77,5	   0,0201363	75,1
     31,3138	   0,0201144	75,7	   0,0202243	76,1
     31,3162	   0,0202443	75,9	   0,0204079	74,6
     31,3187	    0,020391	77,3	    0,020512	75,3
     31,3211	   0,0204138	75,5	   0,0205303	77,1
     31,3236	   0,0204784	77,8	   0,0206163	76,2
      31,326	   0,0206397	76,8	   0,0207385	75,8
     31,3284	   0,0207381	75,4	    0,020814	77,1
     31,3309	   0,0207066	76,0	   0,0208713	76,5
     31,3333	    0,020818	77,4	   0,0210032	75,5
     31,3358	   0,0209826	76,0	   0,0211262	76,0
     31,3382	   0,0210675	77,3	   0,0212922	74,7
     31,3407	   0,0211433	77,1	   0,0213829	76,8
     31,3431	   0,0212103	75,6	   0,0213794	76,8
     31,3456	   0,0213268	75,5	    0,021492	75,5
      31,348	   0,0214218	76,9	   0,0216465	75,6
     31,3504	   0,0214499	77,6	   0,0216363	78,1
     31,3529	   0,0216132	76,1	    0,021667	77,0
     31,3553	   0,0217759	76,8	   0,0218282	76,2
     31,3578	   0,0217495	75,5	    0,022037	77,3
     31,3602	   0,0218298	76,1	   0,0221289	75,7
     31,3627	   0,0220106	77,4	   0,0221677	76,4
     31,3651	   0,0221246	76,7	   0,0222505	77,3
     31,3675	   0,0222061	75,8	   0,0223615	76,9
       31,37	   0,0222206	76,8	   0,0225992	75,5
     31,3724	   0,0223711	78,2	   0,0227204	77,9
     31,3749	   0,0225328	76,2	    0,022751	75,6
     31,3773	   0,0227125	76,9	   0,0228564	76,8
     31,3798	   0,0227799	78,0	   0,0230392	77,6
     31,3822	   0,0228139	77,4	   0,0231481	77,4
     31,3847	   0,0229533	76,3	   0,0232271	76,1
     31,3871	   0,0230918	76,6	   0,0233367	76,8
     31,3895	    0,023202	76,8	   0,0234659	77,6
      31,392	   0,0232747	76,5	    0,023647	76,5
     31,3944	   0,0234122	77,7	    0,023751	77,8
     31,3969	   0,0236266	77,7	   0,0238573	78,7
     31,3993	   0,0237619	76,8	    0,023995	77,1
     31,4018	    0,023771	76,3	   0,0241334	76,6
     31,4042	   0,0238597	78,2	   0,0243317	75,7
     31,4066	    0,024036	76,6	   0,0244667	77,3
     31,4091	   0,0242043	76,0	   0,0245351	76,6
     31,4115	   0,0243849	78,3	   0,0246451	77,8
      31,414	   0,0245088	77,5	   0,0247647	77,7
     31,4164	   0,0246101	77,3	   0,0249632	76,6
     31,4189	    0,024774	78,3	   0,0251591	76,1
     31,4213	   0,0249624	78,3	   0,0253678	77,5
     31,4238	   0,0250457	77,3	   0,0255281	78,9
     31,4262	   0,0251076	77,8	   0,0256398	76,4
     31,4286	   0,0253539	76,7	   0,0257708	78,0
     31,4311	   0,0254737	77,5	   0,0259019	78,9
     31,4335	   0,0256588	78,9	   0,0260689	78,7
      31,436	   0,0257498	79,0	   0,0262391	77,2
     31,4384	   0,0258877	77,7	    0,026403	77,5
     31,4409	   0,0260074	76,3	    0,026597	77,9
     31,4433	   0,0261918	77,5	   0,0267875	78,1
     31,4457	   0,0264395	78,4	   0,0269822	77,8
     31,4482	   0,0266429	77,8	   0,0271533	78,6
     31,4506	   0,0268459	78,8	   0,0272635	78,7
     31,4531	   0,0270166	79,2	   0,0274667	77,9
     31,4555	    0,027167	78,9	    0,027641	78,3
      31,458	   0,0272802	77,7	   0,0278433	78,2
     31,4604	   0,0274141	78,5	   0,0280936	79,3
     31,4629	   0,0276623	80,0	   0,0283273	77,4
     31,4653	   0,0278794	78,8	   0,0285362	78,5
     31,4677	   0,0280882	78,4	   0,0287757	79,7
     31,4702	   0,0282813	79,6	   0,0290345	79,7
     31,4726	   0,0284703	79,8	   0,0292173	79,9
     31,4751	   0,0286721	79,1	    0,029442	79,2
     31,4775	   0,0288513	78,4	   0,0296975	79,6
       31,48	   0,0290636	79,1	   0,0298648	80,2
     31,4824	   0,0292949	79,4	   0,0300905	79,5
     31,4848	   0,0294324	78,3	   0,0303567	78,6
     31,4873	   0,0296452	79,1	   0,0306069	79,6
     31,4897	   0,0299504	81,3	   0,0308641	80,2
     31,4922	   0,0302414	81,3	   0,0312154	80,5
     31,4946	   0,0304638	80,6	    0,031555	79,7
     31,4971	   0,0305848	79,7	   0,0318983	80,0
     31,4995	   0,0309417	81,1	   0,0321496	81,3
      31,502	   0,0310127	81,1	   0,0323938	81,2
     31,5044	   0,0312835	80,2	   0,0326607	81,9
     31,5068	   0,0316833	79,7	    0,033021	80,6
     31,5093	   0,0318778	82,4	   0,0333993	81,5
     31,5117	   0,0322421	82,2	   0,0336706	82,3
     31,5142	   0,0324971	82,7	   0,0341255	81,1
     31,5166	    0,032704	80,5	    0,034521	81,5
     31,5191	   0,0330632	83,3	   0,0349421	82,4
     31,5215	   0,0333953	83,4	   0,0353224	84,1
     31,5239	   0,0337969	81,5	   0,0356414	84,1
     31,5264	   0,0340626	81,3	   0,0360262	84,5
     31,5288	   0,0341199	83,1	   0,0365792	82,6
     31,5313	   0,0344149	84,7	   0,0372238	83,9
     31,5337	   0,0347746	83,5	    0,037801	85,8
     31,5362	   0,0351431	83,3	   0,0387191	84,9
     31,5386	   0,0355301	85,7	   0,0399898	84,4
     31,5411	   0,0358344	86,7	    0,041233	84,1
     31,5435	   0,0362366	84,6	   0,0426766	86,7
     31,5459	   0,0368608	84,3	   0,0445713	88,5
     31,5484	   0,0371436	84,5	   0,0464922	88,3
     31,5508	   0,0373872	85,5	   0,0484177	90,8
     31,5533	   0,0377677	87,5	   0,0502668	93,4
     31,5557	   0,0382695	87,7	   0,0521237	97,5
     31,5582	   0,0388325	86,8	   0,0538163	97,5
     31,5606	   0,0393353	84,8	   0,0558796	98,2
      31,563	   0,0396201	86,4	   0,0569473	100,8
     31,5655	   0,0400368	88,5	   0,0589687	103,2
     31,5679	   0,0403058	89,4	   0,0604699	107,3
     31,5704	   0,0413272	87,7	   0,0624149	107,4
     31,5728	    0,041908	89,2	   0,0635848	110,1
     31,5753	   0,0420105	90,9	    0,064916	113,4
     31,5777	   0,0426489	92,4	   0,0660331	116,6
     31,5802	   0,0434983	91,7	   0,0671473	117,8
     31,5826	   0,0442671	92,9	   0,0682977	118,8
      31,585	   0,0446892	93,2	   0,0694896	119,8
     31,5875	   0,0459478	94,9	   0,0703963	124,4
     31,5899	   0,0459759	98,1	   0,0711531	125,8
     31,5924	   0,0471421	97,9	    0,071909	126,9
     31,5948	   0,0482826	96,5	   0,0730056	128,0
     31,5973	   0,0491554	97,7	   0,0734952	130,3
     31,5997	   0,0497832	98,5	   0,0744326	132,8
     31,6021	   0,0511458	100,6	   0,0747997	135,7
     31,6046	   0,0521473	103,1	   0,0751517	136,8
      31,607	   0,0538103	103,6	   0,0753821	137,5
     31,6095	   0,0546097	104,2	   0,0761231	138,8
     31,6119	    0,055454	105,8	   0,0768003	141,6
     31,6144	   0,0565257	108,8	   0,0771146	143,5
     31,6168	   0,0577687	112,1	   0,0772793	144,6
     31,6193	   0,0592754	114,8	   0,0771056	145,2
     31,6217	   0,0604677	114,8	   0,0775812	146,5
     31,6241	   0,0613834	119,3	   0,0774931	148,3
     31,6266	   0,0627986	120,8	   0,0778063	150,6
      31,629	   0,0644886	123,7	   0,0778895	152,1
     31,6315	   0,0655354	126,5	    0,078079	153,6
     31,6339	   0,0669436	128,7	   0,0779789	153,6
     31,6364	   0,0683419	130,8	    0,078063	154,9
     31,6388	   0,0695669	133,6	   0,0779699	156,2
     31,6413	   0,0708434	139,3	   0,0779153	158,3
     31,6437	   0,0721713	141,3	    0,078027	159,9
     31,6461	   0,0729449	144,0	   0,0779677	160,9
     31,6486	   0,0735999	147,1	   0,0778019	161,4
      31,651	    0,074734	148,8	   0,0774204	162,8
     31,6535	   0,0756722	149,6	   0,0775399	163,5
     31,6559	   0,0759697	155,9	   0,0770227	163,2
     31,6584	   0,0764049	157,7	   0,0767278	163,7
     31,6608	   0,0763821	160,5	   0,0769166	167,3
     31,6632	   0,0762093	162,3	   0,0765445	167,8
     31,6657	    0,075966	163,6	   0,0761189	168,7
     31,6681	   0,0759336	164,8	   0,0759477	169,5
     31,6706	   0,0771451	167,0	   0,0762733	169,9
      31,673	   0,0762653	169,5	    0,075732	170,0
     31,6755	   0,0759393	170,6	   0,0758047	172,3
     31,6779	   0,0759187	172,0	   0,0752052	174,4
     31,6804	   0,0751785	172,7	   0,0750479	175,9
     31,6828	   0,0748997	173,6	   0,0749781	175,9
     31,6852	   0,0748476	174,8	   0,0744397	176,2
     31,6877	   0,0743286	176,4	   0,0743098	176,8
     31,6901	   0,0739544	179,2	   0,0735978	177,9
     31,6926	   0,0740737	178,2	   0,0732091	177,0
      31,695	   0,0730497	180,5	   0,0726233	180,1
     31,6975	   0,0729941	182,0	   0,0726009	180,4
     31,6999	   0,0726587	181,0	   0,0716102	182,4
     31,7023	   0,0721093	180,6	   0,0716355	183,4
     31,7048	   0,0718524	184,2	   0,0713289	183,3
     31,7072	    0,071127	184,4	   0,0711262	183,7
     31,7097	   0,0701724	185,6	   0,0709259	182,4
     31,7121	   0,0703655	186,4	   0,0705179	185,2
     31,7146	   0,0696332	185,9	   0,0700435	186,8
      31,717	   0,0693851	186,0	   0,0696409	187,7
     31,7195	   0,0690685	187,1	   0,0690405	188,0
     31,7219	   0,0688466	188,1	   0,0693305	188,5
     31,7243	   0,0682746	190,4	   0,0684263	189,1
     31,7268	   0,0680628	190,8	   0,0673009	189,9
     31,7292	   0,0676678	191,1	   0,0678613	189,3
     31,7317	   0,0670355	190,3	   0,0674585	189,4
     31,7341	   0,0666851	191,8	   0,0672238	191,3
     31,7366	   0,0664385	193,1	   0,0666001	192,6
      31,739	   0,0658407	193,1	    0,066251	193,7
     31,7414	   0,0653318	195,4	   0,0657421	193,9
     31,7439	   0,0647238	195,9	   0,0652227	195,3
     31,7463	   0,0644353	196,0	   0,0650548	193,5
     31,7488	   0,0639568	195,6	   0,0647482	194,5
     31,7512	   0,0635618	196,3	   0,0644388	195,3
     31,7537	   0,0636174	195,9	   0,0640789	195,5
     31,7561	   0,0630045	197,0	   0,0636899	196,9
     31,7586	   0,0625208	198,3	   0,0631041	198,7
      31,761	   0,0619761	-158,7	   0,0626889	199,0
     31,7634	    0,061502	-158,7	   0,0624691	199,9
     31,7659	   0,0611943	-158,6	   0,0620959	-158,5
     31,7683	   0,0608098	-158,0	   0,0615592	-161,1
     31,7708	   0,0603164	-158,3	    0,061095	-159,9
     31,7732	    0,059853	-158,4	   0,0608295	-159,5
     31,7757	   0,0596093	-158,3	   0,0603009	-159,6
     31,7781	   0,0589278	-156,8	   0,0601741	-157,8
     31,7805	   0,0589193	-154,8	   0,0599938	-155,8
      31,783	    0,058644	-153,7	   0,0594992	-156,0
     31,7854	     0,05789	-154,3	    0,058899	-155,4
     31,7879	   0,0573049	-154,8	   0,0584827	-155,9
     31,7903	   0,0568697	-153,4	    0,058431	-153,9
     31,7928	   0,0565978	-153,6	   0,0580767	-154,4
     31,7952	   0,0563437	-153,7	   0,0577847	-154,4
     31,7977	   0,0559725	-153,9	   0,0573373	-152,6
     31,8001	   0,0552972	-151,6	   0,0569267	-152,8
     31,8025	    0,054892	-150,1	   0,0564664	-152,7
      31,805	   0,0544426	-150,0	   0,0560276	-152,1
     31,8074	   0,0541879	-149,3	   0,0559299	-152,0
     31,8099	   0,0539316	-149,9	   0,0554276	-151,0
     31,8123	   0,0535514	-149,6	   0,0548148	-150,0
     31,8148	   0,0530114	-149,6	    0,054634	-149,6
     31,8172	   0,0525551	-147,5	   0,0537207	-149,2
     31,8196	    0,052413	-149,2	   0,0535592	-148,7
     31,8221	   0,0517922	-147,7	   0,0536717	-147,5
     31,8245	   0,0519161	-148,4	   0,0532791	-146,5
      31,827	   0,0515786	-147,0	   0,0529002	-147,6
     31,8294	    0,050676	-146,8	   0,0522819	-146,2
     31,8319	   0,0506459	-144,2	   0,0520414	-145,4
     31,8343	   0,0499073	-145,0	   0,0516283	-144,4
     31,8368	   0,0497252	-144,9	   0,0515597	-145,3
     31,8392	    0,049422	-144,6	   0,0511424	-143,5
     31,8416	   0,0490058	-143,3	   0,0506274	-144,1
     31,8441	    0,048529	-143,3	   0,0506622	-144,1
     31,8465	   0,0482535	-141,1	   0,0502487	-144,8
      31,849	   0,0479496	-141,3	   0,0493946	-144,4
     31,8514	   0,0476755	-142,3	   0,0493173	-142,9
     31,8539	   0,0472828	-143,2	   0,0490128	-142,9
     31,8563	    0,046827	-141,6	    0,048749	-141,4
     31,8587	    0,046343	-141,8	   0,0484333	-142,7
     31,8612	   0,0463669	-141,9	   0,0479163	-142,1
     31,8636	   0,0462374	-140,9	    0,047774	-142,0
     31,8661	   0,0456099	-140,4	   0,0475724	-140,3
     31,8685	   0,0448962	-138,7	    0,046631	-137,8
      31,871	   0,0446924	-139,0	   0,0459155	-138,1
     31,8734	   0,0443886	-137,8	   0,0459445	-138,2
     31,8759	   0,0442414	-138,8	   0,0458863	-137,5
     31,8783	   0,0438108	-137,8	   0,0448862	-137,7
     31,8807	   0,0433848	-137,3	   0,0451854	-138,6
     31,8832	   0,0432316	-136,2	   0,0451169	-139,0
     31,8856	   0,0427644	-136,3	   0,0445628	-137,2
     31,8881	   0,0424693	-136,3	   0,0443414	-137,6
     31,8905	   0,0422225	-135,1	   0,0440201	-137,1
      31,893	   0,0419329	-135,6	   0,0434711	-137,6
     31,8954	   0,0413771	-134,2	   0,0430855	-135,8
     31,8979	   0,0410913	-133,6	   0,0426301	-137,3
     31,9003	   0,0410578	-134,5	    0,042513	-135,6
     31,9027	   0,0407806	-134,8	    0,042303	-135,6
     31,9052	   0,0400708	-134,4	   0,0418218	-134,9
     31,9076	   0,0399974	-133,3	   0,0416438	-134,5
     31,9101	   0,0397736	-132,9	   0,0411847	-133,3
     31,9125	   0,0391148	-133,6	   0,0405908	-134,0
      31,915	   0,0388084	-132,4	   0,0405391	-133,4
     31,9174	   0,0390447	-131,6	   0,0403925	-132,4
     31,9198	   0,0383952	-131,8	   0,0401113	-133,2
     31,9223	   0,0380475	-131,2	   0,0394581	-133,3
     31,9247	   0,0377536	-129,9	   0,0392574	-130,4
     31,9272	   0,0375302	-129,9	   0,0383889	-130,0
     31,9296	   0,0373046	-129,0	   0,0383706	-129,7
     31,9321	   0,0371179	-128,1	   0,0381845	-130,6
     31,9345	   0,0365974	-129,0	   0,0375784	-129,8
      31,937	   0,0362821	-128,6	   0,0372626	-129,1
     31,9394	   0,0361457	-128,4	   0,0372743	-130,5
     31,9418	   0,0359097	-128,8	   0,0367926	-129,1
     31,9443	   0,0355716	-128,1	   0,0366151	-129,0
     31,9467	   0,0352271	-127,5	   0,0364954	-127,8
     31,9492	   0,0350271	-128,7	   0,0360565	-130,0
     31,9516	   0,0343486	-127,4	   0,0357333	-129,1
     31,9541	   0,0342481	-126,9	   0,0355396	-129,5
     31,9565	   0,0341331	-127,0	   0,0350533	-129,2
     31,9589	   0,0335777	-127,4	   0,0347022	-128,0
     31,9614	   0,0337133	-128,8	   0,0347258	-129,3
     31,9638	   0,0333616	-127,0	   0,0342135	-128,0
     31,9663	    0,032872	-127,4	   0,0340216	-126,9
     31,9687	   0,0326085	-125,7	   0,0336938	-127,6
     31,9712	   0,0324261	-125,7	   0,0333061	-128,4
     31,9736	   0,0316579	-125,2	   0,0330878	-127,6
     31,9761	   0,0317644	-124,5	   0,0328035	-127,4
     31,9785	   0,0315292	-124,8	    0,032723	-127,3
     31,9809	   0,0309652	-124,6	   0,0321359	-126,0
     31,9834	   0,0310848	-123,8	   0,0320673	-126,5
     31,9858	   0,0308671	-124,5	   0,0319194	-126,5
     31,9883	   0,0303446	-123,9	   0,0316714	-126,2
     31,9907	   0,0302298	-123,4	   0,0312024	-126,0
     31,9932	   0,0298466	-124,4	   0,0308258	-124,9
     31,9956	   0,0296343	-125,5	   0,0306858	-124,6
      31,998	   0,0295886	-124,4	   0,0304141	-125,2
     32,0005	   0,0291554	-125,0	   0,0301421	-123,3
     32,0029	   0,0290188	-124,2	   0,0299881	-123,6
     32,0054	   0,0287833	-123,6	    0,029633	-123,9
     32,0078	   0,0285452	-123,9	   0,0293917	-124,1
     32,0103	   0,0284026	-123,4	   0,0291069	-124,0
     32,0127	   0,0280215	-123,1	    0,028835	-123,5
     32,0152	   0,0281524	-123,7	   0,0286126	-123,2
     32,0176	   0,0276624	-122,8	   0,0283539	-123,4
       32,02	   0,0273543	-123,0	   0,0281767	-122,9
     32,0225	   0,0272751	-122,4	   0,0279405	-123,0
     32,0249	   0,0268906	-122,3	   0,0277264	-122,8
     32,0274	   0,0268034	-123,1	   0,0274943	-122,6
     32,0298	    0,026529	-122,0	   0,0271261	-122,3
     32,0323	   0,0262972	-121,8	   0,0270525	-122,2
     32,0347	   0,0260811	-121,6	   0,0266786	-122,1
     32,0371	   0,0258346	-121,4	   0,0266501	-122,2
     32,0396	   0,0256615	-121,5	   0,0262289	-121,1
      32,042	   0,0255202	-121,6	   0,0261626	-121,1
     32,0445	   0,0253488	-120,8	   0,0259437	-121,1
     32,0469	   0,0250867	-120,5	   0,0257077	-121,2
     32,0494	   0,0248947	-121,3	   0,0255817	-120,5
     32,0518	   0,0247224	-121,1	   0,0253048	-120,5
     32,0543	   0,0245141	-120,6	   0,0251144	-120,0
     32,0567	   0,0243123	-120,7	   0,0249125	-120,4
     32,0591	   0,0241436	-120,3	     0,02472	-120,7
     32,0616	   0,0239624	-120,2	    0,024579	-120,0
      32,064	   0,0238292	-119,5	    0,024344	-120,4
     32,0665	   0,0235872	-120,2	   0,0241107	-119,9
     32,0689	   0,0234705	-119,5	   0,0239484	-120,3
     32,0714	   0,0233111	-119,4	   0,0238509	-119,3
     32,0738	   0,0231703	-119,0	   0,0236174	-119,7
     32,0762	     0,02287	-119,0	   0,0235285	-119,1
     32,0787	   0,0227342	-118,9	   0,0232372	-120,0
     32,0811	   0,0226325	-119,2	   0,0231955	-119,8
     32,0836	   0,0224965	-118,8	     0,02311	-120,1
      32,086	   0,0223289	-119,4	    0,022883	-119,4
     32,0885	    0,022212	-118,2	   0,0226487	-119,2
     32,0909	   0,0220601	-119,5	   0,0224497	-118,4
     32,0934	   0,0218409	-118,7	   0,0223569	-117,8
     32,0958	   0,0217181	-118,5	   0,0221119	-118,2
     32,0982	   0,0216264	-118,4	   0,0220121	-118,0
     32,1007	   0,0214006	-118,2	   0,0218378	-117,5
     32,1031	    0,021292	-116,9	   0,0217046	-117,4
     32,1056	   0,0211233	-118,4	   0,0216685	-117,6
      32,108	   0,0209662	-117,8	   0,0214742	-117,2
     32,1105	   0,0207812	-116,7	    0,021356	-117,0
     32,1129	   0,0207458	-116,7	   0,0211708	-117,0
     32,1153	   0,0206119	-117,1	   0,0210092	-117,5
     32,1178	   0,0205621	-117,3	   0,0209709	-115,8
     32,1202	   0,0205226	-117,8	   0,0206942	-117,3
     32,1227	   0,0202844	-116,4	   0,0206635	-116,9
     32,1251	   0,0202431	-116,2	   0,0206117	-116,0
     32,1276	   0,0202988	-116,4	   0,0205196	-116,9
       32,13	   0,0199724	-116,3	   0,0204473	-116,8
     32,1325	   0,0198323	-116,6	   0,0203651	-116,6
     32,1349	    0,019853	-117,5	   0,0201361	-116,2
     32,1373	   0,0197052	-116,4	    0,020114	-116,7
     32,1398	   0,0195692	-115,9	   0,0198459	-116,7
     32,1422	   0,0193718	-115,9	   0,0197904	-117,0
     32,1447	   0,0192927	-116,5	   0,0197949	-117,3
     32,1471	   0,0192104	-116,4	   0,0196069	-116,9
     32,1496	   0,0191043	-116,8	    0,019463	-116,8
      32,152	   0,0189756	-117,1	   0,0192484	-117,9
     32,1544	   0,0188274	-116,8	   0,0190901	-117,1
     32,1569	   0,0187159	-116,9	   0,0190441	-116,3
     32,1593	   0,0185847	-116,9	   0,0189979	-117,5
     32,1618	   0,0184235	-116,8	   0,0188017	-117,8
     32,1642	   0,0182949	-117,4	   0,0185732	-117,4
     32,1667	   0,0182615	-116,9	   0,0184264	-116,9
     32,1691	   0,0180463	-116,1	   0,0183495	-116,9
     32,1716	   0,0178637	-116,4	    0,018307	-116,6
      32,174	   0,0177627	-116,3	   0,0181567	-117,4
     32,1764	    0,017699	-116,8	   0,0179424	-117,1
     32,1789	   0,0175797	-116,5	   0,0178111	-116,9
     32,1813	   0,0174668	-116,2	   0,0177086	-116,7
     32,1838	   0,0172964	-116,0	   0,0176159	-117,0
     32,1862	   0,0171203	-116,5	    0,017447	-116,6
     32,1887	   0,0170541	-116,5	   0,0173419	-116,6
     32,1911	   0,0169784	-115,7	   0,0172123	-116,7
     32,1936	    0,016779	-116,5	   0,0171117	-116,6
      32,196	   0,0167212	-116,1	   0,0170259	-116,6
     32,1984	   0,0165864	-116,0	   0,0168254	-116,7
     32,2009	   0,0164248	-116,6	   0,0166877	-116,3
     32,2033	   0,0163974	-116,1	   0,0166672	-115,9
     32,2058	   0,0162447	-115,7	   0,0165478	-116,4
     32,2082	   0,0161067	-115,8	   0,0164133	-116,4
     32,2107	     0,01599	-115,6	   0,0162902	-116,5
     32,2131	   0,0158939	-115,9	   0,0161301	-115,8
     32,2155	   0,0158618	-116,2	   0,0160683	-115,9
      32,218	   0,0157099	-115,8	   0,0159906	-115,8
     32,2204	   0,0155768	-115,5	   0,0158271	-116,2
     32,2229	   0,0154439	-115,4	   0,0157084	-116,2
     32,2253	   0,0153503	-116,1	   0,0155916	-116,1
     32,2278	   0,0153096	-115,4	   0,0154804	-115,6
     32,2302	   0,0151431	-115,8	     0,01546	-115,8
     32,2327	   0,0150632	-115,3	   0,0153523	-116,1
     32,2351	   0,0149768	-115,5	   0,0151078	-116,0
     32,2375	   0,0148956	-115,3	   0,0149762	-115,5
       32,24	   0,0147774	-115,5	   0,0150171	-115,2
     32,2424	   0,0146532	-115,3	   0,0149731	-115,7
     32,2449	   0,0146195	-115,2	    0,014834	-115,7
     32,2473	    0,014513	-115,4	   0,0146332	-116,0
     32,2498	   0,0143904	-115,7	   0,0145847	-115,2
     32,2522	    0,014276	-115,0	   0,0145486	-115,4
     32,2546	   0,0141642	-115,4	   0,0144368	-115,7
     32,2571	   0,0141211	-115,7	   0,0143159	-115,7
     32,2595	   0,0140711	-115,2	   0,0141637	-115,6
      32,262	    0,013912	-115,2	   0,0142032	-115,0
     32,2644	   0,0138408	-115,5	   0,0140802	-115,4
     32,2669	   0,0137985	-115,0	   0,0138802	-115,7
     32,2693	   0,0136437	-115,0	   0,0138046	-115,1
     32,2718	   0,0135154	-115,1	   0,0137774	-115,0
     32,2742	   0,0134524	-114,8	   0,0136954	-115,2
     32,2766	   0,0134116	-115,4	   0,0136194	-115,4
     32,2791	   0,0133702	-115,0	   0,0135016	-115,8
     32,2815	   0,0132306	-114,8	   0,0133929	-115,7
      32,284	   0,0131554	-115,0	    0,013264	-115,2
     32,2864	   0,0129913	-114,5	   0,0132719	-114,9
     32,2889	   0,0129703	-116,1	   0,0132102	-115,4
     32,2913	    0,012946	-115,1	   0,0130821	-114,9
     32,2937	   0,0128738	-114,8	   0,0129971	-115,2
     32,2962	   0,0127048	-114,6	   0,0129357	-115,2
     32,2986	   0,0126416	-115,0	   0,0128733	-115,2
     32,3011	   0,0126084	-114,6	   0,0127614	-115,2
     32,3035	    0,012569	-114,7	    0,012629	-115,3
      32,306	   0,0124454	-114,1	   0,0125861	-114,6
     32,3084	   0,0122903	-114,7	   0,0125247	-115,3
     32,3109	   0,0123691	-115,2	     0,01248	-115,1
     32,3133	    0,012263	-114,4	   0,0123551	-115,1
     32,3157	   0,0120638	-114,6	   0,0122785	-114,9
     32,3182	   0,0120064	-114,9	   0,0121834	-115,0
     32,3206	   0,0120617	-114,7	   0,0121921	-114,6
     32,3231	   0,0119453	-114,4	   0,0121007	-115,1
     32,3255	   0,0118269	-114,3	   0,0119535	-115,3
      32,328	   0,0117266	-114,7	   0,0119107	-114,7
     32,3304	   0,0117204	-115,1	   0,0119013	-114,7
     32,3328	    0,011701	-114,6	    0,011799	-114,7
     32,3353	   0,0115599	-114,6	   0,0117198	-114,8
     32,3377	   0,0114645	-114,7	   0,0116423	-114,8
     32,3402	   0,0114918	-114,5	   0,0116255	-114,9
     32,3426	   0,0113385	-114,3	   0,0115254	-115,3
     32,3451	   0,0112506	-114,5	   0,0113882	-114,7
     32,3475	   0,0112973	-114,8	   0,0113787	-114,8
       32,35	   0,0111715	-114,3	   0,0112533	-114,6
     32,3524	    0,011094	-114,8	   0,0112861	-114,5
     32,3548	    0,011051	-114,3	   0,0111764	-114,8
     32,3573	    0,010942	-114,4	   0,0110846	-114,7
     32,3597	   0,0109357	-114,5	   0,0110688	-114,3
     32,3622	   0,0108828	-114,5	   0,0110155	-115,1
     32,3646	   0,0108226	-114,0	   0,0108745	-114,4
     32,3671	    0,010713	-114,7	   0,0108829	-114,1
     32,3695	   0,0106147	-114,3	   0,0108258	-115,1
     32,3719	   0,0106157	-114,9	   0,0106492	-114,7
     32,3744	   0,0105594	-113,8	   0,0106512	-114,1
     32,3768	   0,0104669	-114,6	   0,0106542	-114,3
     32,3793	   0,0104597	-114,5	   0,0105228	-115,1
     32,3817	   0,0103167	-113,9	   0,0104278	-114,3
     32,3842	   0,0102614	-114,7	   0,0104961	-114,0
     32,3866	   0,0102866	-114,2	   0,0103589	-114,9
     32,3891	   0,0101481	-114,5	   0,0102081	-114,8
     32,3915	    0,010107	-114,6	   0,0102592	-113,9
     32,3939	   0,0100958	-114,3	   0,0102092	-114,6
     32,3964	   0,0100241	-114,0	   0,0100613	-114,2
     32,3988	  0,00990059	-114,5	   0,0101405	-114,4
     32,4013	  0,00990795	-114,2	   0,0100014	-115,0
     32,4037	  0,00981733	-114,1	  0,00993363	-114,2
     32,4062	  0,00977987	-114,6	  0,00995532	-114,2
     32,4086	   0,0097854	-114,2	  0,00984824	-114,4
      32,411	  0,00964545	-113,7	  0,00979046	-114,4
     32,4135	  0,00962917	-114,2	   0,0097121	-114,4
     32,4159	  0,00960533	-113,8	  0,00959648	-114,5
     32,4184	  0,00949891	-113,9	  0,00963882	-113,8
     32,4208	  0,00952283	-114,2	  0,00962129	-114,2
     32,4233	  0,00943566	-113,8	  0,00952383	-114,4
     32,4257	  0,00936627	-114,4	  0,00947415	-113,7
     32,4282	  0,00931909	-114,5	  0,00947894	-114,6
     32,4306	  0,00926356	-114,1	  0,00933283	-114,6
      32,433	   0,0092439	-113,7	  0,00928866	-114,3
     32,4355	  0,00914212	-114,0	  0,00925727	-114,4
     32,4379	  0,00913271	-114,2	  0,00921008	-114,9
     32,4404	  0,00912911	-113,9	  0,00913271	-114,2
     32,4428	  0,00900451	-114,3	  0,00916797	-114,6
     32,4453	  0,00894573	-113,8	  0,00906015	-114,4
     32,4477	  0,00896704	-114,3	  0,00900005	-114,3
     32,4501	   0,0088722	-114,1	  0,00894166	-114,4
     32,4526	  0,00885002	-114,3	  0,00889944	-114,4
      32,455	  0,00870827	-114,2	  0,00889671	-113,8
     32,4575	   0,0087024	-114,8	  0,00885455	-114,2
     32,4599	  0,00875351	-114,0	  0,00876987	-114,1
     32,4624	  0,00863798	-113,3	  0,00865642	-114,6
     32,4648	  0,00857112	-113,8	  0,00872993	-114,0
     32,4673	  0,00861154	-113,9	  0,00871443	-114,8
     32,4697	  0,00851368	-113,8	  0,00850174	-114,2
     32,4721	   0,0084608	-114,3	  0,00857577	-114,0
     32,4746	  0,00846569	-113,3	  0,00855097	-114,5
      32,477	  0,00832464	-114,1	   0,0084123	-114,6
     32,4795	  0,00840846	-114,5	  0,00843348	-113,8
     32,4819	  0,00835291	-114,0	  0,00843634	-114,8
     32,4844	  0,00818996	-113,9	  0,00828061	-114,5
     32,4868	   0,0081761	-114,5	  0,00829184	-114,1
     32,4892	  0,00818611	-114,0	  0,00823733	-114,3
     32,4917	   0,0081087	-114,2	  0,00816992	-114,4
     32,4941	  0,00805186	-114,0	  0,00816343	-114,2
     32,4966	  0,00804325	-114,7	   0,0081361	-113,9
      32,499	  0,00800745	-113,2	  0,00804612	-114,4
     32,5015	  0,00788742	-114,8	  0,00799084	-114,2
     32,5039	  0,00800192	-114,0	  0,00797497	-114,1
     32,5064	  0,00784537	-113,5	  0,00799447	-114,6
     32,5088	  0,00776121	-114,2	   0,0078726	-114,9
     32,5112	  0,00778311	-114,1	  0,00783769	-113,7
     32,5137	  0,00771528	-114,1	  0,00784883	-114,4
     32,5161	  0,00773668	-114,0	  0,00774866	-114,9
     32,5186	  0,00769327	-114,0	  0,00773156	-114,0
      32,521	  0,00759646	-113,5	   0,0077397	-114,6
     32,5235	  0,00760736	-113,7	  0,00756638	-114,4
     32,5259	  0,00757793	-113,8	  0,00766307	-113,5
     32,5283	  0,00751492	-114,1	  0,00764424	-114,2
     32,5308	  0,00746967	-114,7	  0,00741477	-114,5
     32,5332	  0,00747323	-113,7	  0,00752462	-113,6
     32,5357	  0,00735158	-113,8	   0,0075006	-114,3
     32,5381	  0,00739614	-114,8	  0,00739085	-114,6
     32,5406	  0,00733507	-113,2	  0,00737313	-113,8
      32,543	   0,0072435	-114,4	  0,00742381	-114,5
     32,5455	  0,00729638	-114,7	  0,00725289	-114,5
     32,5479	  0,00721403	-113,6	  0,00729901	-113,6
     32,5503	  0,00712121	-114,7	  0,00726229	-114,6
     32,5528	  0,00723153	-113,7	   0,0072291	-114,2
     32,5552	  0,00704554	-113,7	  0,00712503	-114,8
     32,5577	  0,00709106	-114,1	  0,00717311	-113,6
     32,5601	  0,00701114	-113,9	  0,00711377	-114,8
     32,5626	  0,00699681	-114,3	  0,00698301	-114,0
      32,565	  0,00697042	-114,4	  0,00711331	-113,8
     32,5674	  0,00692534	-114,2	  0,00701589	-114,5
     32,5699	  0,00688465	-113,8	  0,00685853	-113,2
     32,5723	      0,0069	-114,7	  0,00700046	-114,1
     32,5748	  0,00684749	-113,6	  0,00686016	-115,2
     32,5772	  0,00678288	-113,9	   0,0067873	-113,4
     32,5797	  0,00678302	-113,8	  0,00690443	-114,0
     32,5821	  0,00670935	-114,0	  0,00675035	-114,8
     32,5846	  0,00669795	-114,1	  0,00680803	-113,6
      32,587	  0,00669254	-114,0	  0,00669368	-114,4
     32,5894	  0,00658367	-113,9	  0,00671576	-114,2
     32,5919	  0,00661038	-114,5	  0,00668145	-114,6
     32,5943	  0,00660189	-113,7	   0,0065511	-115,1
     32,5968	  0,00650923	-114,4	  0,00663126	-113,5
     32,5992	  0,00653793	-114,1	  0,00655565	-114,7
     32,6017	  0,00645617	-113,4	  0,00651944	-113,9
     32,6041	  0,00641606	-114,8	  0,00649871	-113,7
     32,6065	  0,00641946	-113,3	  0,00641807	-114,7
      32,609	  0,00634825	-114,6	  0,00645847	-113,3
     32,6114	  0,00639937	-113,7	  0,00640726	-114,6
     32,6139	  0,00630293	-113,4	  0,00634785	-114,5
     32,6163	  0,00628551	-114,4	  0,00631141	-114,4
     32,6188	  0,00631722	-113,4	  0,00629617	-114,2
     32,6212	  0,00611225	-114,6	  0,00629093	-114,6
     32,6237	   0,0062879	-114,5	  0,00620874	-114,5
     32,6261	  0,00606929	-113,7	  0,00619993	-114,3
     32,6285	  0,00613803	-115,1	    0,006164	-114,3
      32,631	  0,00614541	-113,3	  0,00615454	-113,8
     32,6334	  0,00602156	-114,1	  0,00609751	-114,8
     32,6359	  0,00606761	-114,9	  0,00610276	-114,3
     32,6383	  0,00603145	-113,6	  0,00601304	-114,4
     32,6408	  0,00598181	-114,6	  0,00607972	-113,9
     32,6432	  0,00596817	-114,2	  0,00597474	-114,5
     32,6456	  0,00587466	-114,1	  0,00597817	-114,6
     32,6481	  0,00593824	-114,8	  0,00593725	-113,9
     32,6505	  0,00584735	-113,3	  0,00593992	-114,7
      32,653	  0,00585889	-114,8	  0,00585603	-113,4
     32,6554	   0,0058514	-113,2	  0,00586635	-115,0
     32,6579	   0,0057092	-115,3	  0,00577276	-114,5
     32,6603	  0,00587453	-114,0	  0,00589133	-113,8
     32,6628	  0,00566875	-114,3	  0,00574331	-115,1
     32,6652	  0,00574957	-114,7	  0,00580294	-113,3
     32,6676	  0,00563329	-114,0	  0,00568909	-114,4
     32,6701	  0,00568717	-114,8	  0,00568836	-113,8
     32,6725	  0,00561101	-113,4	   0,0056611	-114,9
      32,675	  0,00561365	-114,6	  0,00559744	-113,5
     32,6774	  0,00557457	-113,9	  0,00562781	-114,8
     32,6799	  0,00556148	-114,4	  0,00553576	-114,3
     32,6823	  0,00548344	-113,7	  0,00559497	-114,1
     32,6847	  0,00551826	-114,8	  0,00552128	-114,7
     32,6872	  0,00547583	-113,5	    0,005557	-114,3
     32,6896	  0,00543575	-114,9	  0,00539388	-114,4
     32,6921	  0,00546435	-113,1	  0,00552605	-114,7
     32,6945	  0,00536832	-115,1	  0,00542435	-114,8
      32,697	  0,00538558	-114,5	  0,00537668	-114,0
     32,6994	  0,00531177	-113,6	   0,0053977	-114,7
     32,7019	  0,00533775	-115,4	  0,00536594	-114,0
     32,7043	  0,00531311	-113,2	  0,00526614	-114,7
     32,7067	  0,00523575	-114,8	  0,00534548	-114,5
     32,7092	  0,00530553	-113,8	  0,00526461	-115,0
     32,7116	  0,00519205	-114,7	  0,00521816	-114,3
     32,7141	  0,00520185	-114,7	  0,00522165	-114,9
     32,7165	  0,00521135	-113,3	  0,00523917	-114,5
      32,719	  0,00508326	-114,4	  0,00512198	-114,8
     32,7214	  0,00521164	-113,9	  0,00513165	-113,9
     32,7239	  0,00501667	-113,7	  0,00519321	-114,2
     32,7263	  0,00515533	-114,0	  0,00500813	-114,7
     32,7287	  0,00500505	-113,3	  0,00514109	-114,2
     32,7312	  0,00506895	-114,7	  0,00503023	-114,9
     32,7336	  0,00499829	-113,8	  0,00502957	-113,9
     32,7361	  0,00494022	-115,6	  0,00504842	-115,3
     32,7385	  0,00503629	-113,9	  0,00490228	-113,9
      32,741	  0,00484579	-115,6	  0,00501405	-114,8
     32,7434	  0,00495344	-114,0	  0,00490972	-114,5
     32,7458	  0,00483488	-114,9	  0,00492767	-114,7
     32,7483	  0,00488828	-114,5	   0,0048558	-115,3
     32,7507	  0,00486051	-114,1	  0,00489895	-114,0
     32,7532	  0,00478347	-115,0	  0,00482787	-115,0
     32,7556	  0,00482696	-114,2	  0,00482094	-114,3
     32,7581	  0,00474551	-114,2	  0,00480625	-114,0
     32,7605	  0,00474366	-114,3	  0,00478341	-114,5
      32,763	  0,00475535	-114,7	  0,00477316	-114,6
     32,7654	  0,00469038	-113,9	  0,00472027	-114,2
     32,7678	  0,00467765	-115,1	  0,00474935	-114,9
     32,7703	  0,00465877	-115,0	  0,00465302	-114,8
     32,7727	  0,00465673	-114,6	  0,00469885	-114,2
     32,7752	  0,00459675	-114,1	  0,00460333	-114,9
     32,7776	  0,00462342	-114,2	  0,00465175	-114,8
     32,7801	  0,00454702	-114,8	  0,00456876	-115,1
     32,7825	  0,00462467	-114,3	  0,00463367	-114,1
     32,7849	  0,00449981	-115,4	  0,00457787	-115,3
     32,7874	  0,00459122	-114,8	  0,00450177	-113,7
     32,7898	  0,00443102	-114,6	  0,00459117	-114,7
     32,7923	  0,00450881	-115,3	  0,00443804	-114,0
     32,7947	  0,00446195	-114,2	  0,00452245	-114,6
     32,7972	  0,00447305	-115,8	  0,00442056	-114,5
     32,7996	  0,00438177	-114,1	  0,00446924	-115,4
     32,8021	  0,00438545	-114,9	  0,00440006	-114,4
     32,8045	  0,00434756	-114,6	  0,00437755	-115,7
     32,8069	  0,00438491	-114,5	  0,00440764	-114,7
     32,8094	  0,00429124	-114,7	  0,00428399	-114,9
     32,8118	  0,00435888	-114,6	  0,00438653	-114,4
     32,8143	  0,00424106	-115,2	  0,00425791	-114,2
     32,8167	   0,0043172	-114,2	  0,00435168	-114,8
     32,8192	  0,00419989	-115,5	  0,00423099	-114,5
     32,8216	  0,00424558	-114,8	  0,00425333	-114,5
      32,824	  0,00423349	-115,3	  0,00425252	-114,5
     32,8265	  0,00414906	-114,8	  0,00412805	-115,5
     32,8289	  0,00414597	-114,8	  0,00427487	-113,8
     32,8314	  0,00416879	-114,7	  0,00409733	-116,1
     32,8338	  0,00413695	-115,2	  0,00422343	-114,1
     32,8363	  0,00409216	-115,6	  0,00406962	-115,7
     32,8387	  0,00412006	-115,9	  0,00418028	-114,4
     32,8412	  0,00410479	-113,8	  0,00404252	-115,1
     32,8436	  0,00407404	-115,7	  0,00409805	-115,2
      32,846	  0,00405715	-113,9	  0,00405072	-115,1
     32,8485	  0,00402811	-115,9	  0,00401019	-115,7
     32,8509	  0,00401587	-114,3	  0,00404137	-115,0
     32,8534	  0,00398452	-116,6	  0,00404367	-114,7
     32,8558	  0,00395645	-114,1	  0,00396268	-114,7
     32,8583	  0,00396361	-115,6	  0,00398752	-115,2
     32,8607	  0,00389275	-114,4	  0,00393035	-115,6
     32,8631	  0,00395471	-115,1	  0,00394295	-113,9
     32,8656	  0,00382433	-114,8	  0,00389023	-116,0
      32,868	  0,00393061	-114,2	  0,00388366	-114,5
     32,8705	  0,00383389	-115,6	  0,00385518	-115,9
     32,8729	  0,00386217	-114,1	  0,00389655	-115,7
     32,8754	  0,00380026	-115,9	  0,00382072	-115,4
     32,8778	  0,00383187	-114,7	  0,00383076	-114,4
     32,8803	  0,00374312	-115,6	   0,0037699	-115,6
     32,8827	  0,00379004	-115,8	  0,00377595	-115,7
     32,8851	  0,00371896	-115,6	  0,00376994	-115,3
     32,8876	  0,00374889	-114,6	  0,00375601	-114,9
       32,89	  0,00373132	-114,9	  0,00370517	-116,2
     32,8925	  0,00370897	-115,5	  0,00378097	-115,9
     32,8949	  0,00366509	-115,5	  0,00365883	-114,4
     32,8974	  0,00366156	-114,8	  0,00372207	-116,3
     32,8998	   0,0036296	-115,7	  0,00367192	-115,4
     32,9022	  0,00362666	-114,6	  0,00362774	-115,6
     32,9047	  0,00366027	-114,9	  0,00368744	-116,0
     32,9071	  0,00358855	-116,8	  0,00356061	-115,7
     32,9096	  0,00354617	-114,0	  0,00365568	-115,0
      32,912	  0,00356763	-116,8	  0,00351059	-115,0
     32,9145	  0,00350938	-114,7	  0,00359069	-115,9
     32,9169	  0,00355208	-115,9	  0,00356264	-115,1
     32,9194	  0,00344323	-114,4	   0,0035532	-116,8
     32,9218	  0,00355378	-115,2	  0,00351459	-115,5
     32,9242	   0,0034301	-116,1	  0,00352109	-116,4
     32,9267	  0,00351643	-115,5	  0,00350983	-114,9
     32,9291	   0,0033871	-115,7	  0,00341424	-116,3
     32,9316	  0,00344888	-114,8	  0,00351489	-114,5
      32,934	   0,0034104	-117,0	  0,00335086	-116,8
     32,9365	  0,00341782	-115,7	  0,00349701	-115,4
     32,9389	   0,0033308	-115,4	  0,00335994	-114,8
     32,9413	  0,00342021	-115,9	  0,00343564	-116,5
     32,9438	  0,00334228	-115,7	  0,00335885	-114,9
     32,9462	  0,00336129	-115,5	  0,00339874	-115,9
     32,9487	  0,00331729	-115,2	  0,00337326	-115,0
     32,9511	  0,00332384	-116,1	  0,00330488	-115,4
     32,9536	  0,00327311	-115,6	    0,003342	-115,9
      32,956	  0,00325323	-116,6	  0,00330767	-114,8
     32,9585	  0,00322535	-115,2	  0,00331002	-116,3
     32,9609	  0,00328988	-116,4	  0,00326305	-115,2
     32,9633	  0,00316177	-115,6	  0,00327467	-116,4
     32,9658	  0,00323284	-115,3	  0,00328758	-114,9
     32,9682	  0,00316729	-115,6	   0,0031803	-117,0
     32,9707	  0,00325362	-116,2	  0,00323578	-116,4
     32,9731	  0,00312542	-116,1	  0,00318753	-116,6
     32,9756	  0,00322266	-114,4	  0,00321457	-116,2
      32,978	  0,00306949	-118,0	  0,00314796	-115,5
     32,9804	  0,00318441	-113,7	  0,00308259	-116,7
     32,9829	  0,00311941	-116,9	  0,00319576	-115,6
     32,9853	  0,00298416	-115,5	  0,00308988	-116,3
     32,9878	  0,00321956	-116,0	  0,00310873	-117,4
     32,9902	  0,00292022	-117,4	  0,00309009	-113,5
     32,9927	  0,00316166	-114,5	   0,0029894	-119,6
     32,9951	  0,00296984	-118,3	  0,00323845	-113,3
     32,9976	  0,00305911	-113,8	   0,0028338	-119,7
          33	   0,0028951	-116,7	  0,00327053	-118,2

