X-Data [Hz]	Laser (M - Filtered) [m/s]	Phase [Deg]	Laser (M - Filtered) [m/s]	Phase [Deg]	
	002: [07-10-24 12:49]		003: [07-10-24 12:52]	
        41,5	   0,0371293	82,8	    0,048809	79,6
      41,502	   0,0370144	75,9	   0,0488456	79,5
     41,5039	   0,0371367	75,3	   0,0489541	79,3
     41,5059	   0,0379746	79,4	    0,049106	80,2
     41,5078	   0,0387621	80,1	   0,0492789	79,7
     41,5098	   0,0381738	78,5	   0,0489883	79,9
     41,5117	   0,0385595	76,9	   0,0491235	79,2
     41,5137	   0,0386728	75,7	   0,0495277	79,3
     41,5156	   0,0393951	77,0	   0,0495316	80,6
     41,5176	    0,039464	81,1	   0,0497451	80,0
     41,5196	   0,0396067	78,2	   0,0498793	80,0
     41,5215	   0,0392381	76,3	   0,0498361	79,7
     41,5235	   0,0393974	75,3	   0,0494562	81,3
     41,5254	   0,0392288	77,0	   0,0500648	80,6
     41,5274	   0,0402412	80,0	    0,050207	80,1
     41,5293	   0,0397641	81,1	   0,0502469	80,3
     41,5313	   0,0396904	73,5	   0,0503743	79,7
     41,5332	   0,0397579	75,0	    0,050363	80,5
     41,5352	   0,0405429	78,2	   0,0505439	79,8
     41,5371	   0,0408482	79,4	   0,0506866	80,3
     41,5391	   0,0403242	75,5	   0,0504386	79,9
     41,5411	   0,0405109	73,3	   0,0508345	79,9
      41,543	   0,0402881	73,7	   0,0509655	80,5
      41,545	    0,041563	78,3	   0,0510374	80,1
     41,5469	   0,0416087	78,4	   0,0512845	80,7
     41,5489	   0,0412903	77,1	   0,0513449	80,5
     41,5508	    0,040502	74,1	   0,0514415	80,0
     41,5528	   0,0413725	74,0	   0,0515574	80,4
     41,5547	   0,0414993	80,2	   0,0516852	80,9
     41,5567	   0,0419369	80,4	   0,0517797	81,3
     41,5587	   0,0419393	76,1	   0,0517733	80,3
     41,5606	   0,0414359	76,2	   0,0519166	80,4
     41,5626	   0,0421281	77,6	    0,052107	80,5
     41,5645	   0,0418442	77,5	    0,052261	80,5
     41,5665	    0,042742	78,9	   0,0524945	81,4
     41,5684	   0,0430314	78,9	   0,0525371	80,9
     41,5704	   0,0422833	74,4	   0,0525708	81,1
     41,5723	   0,0423775	74,8	   0,0526207	80,8
     41,5743	   0,0429061	80,0	   0,0527753	81,2
     41,5762	   0,0430276	79,8	   0,0528553	81,8
     41,5782	    0,042336	75,7	    0,052979	81,0
     41,5802	   0,0430727	75,4	    0,053061	81,3
     41,5821	   0,0439114	78,0	   0,0531871	80,6
     41,5841	   0,0438843	78,0	   0,0533354	81,2
      41,586	   0,0444553	79,3	   0,0529024	80,5
      41,588	   0,0439497	78,6	   0,0529696	80,6
     41,5899	   0,0438087	77,8	   0,0534212	82,1
     41,5919	   0,0440815	76,0	   0,0537925	80,9
     41,5938	   0,0440164	77,8	   0,0539116	81,3
     41,5958	   0,0449025	79,8	   0,0540652	81,4
     41,5978	   0,0452087	79,4	   0,0541661	81,4
     41,5997	   0,0442754	75,6	   0,0542287	81,7
     41,6017	   0,0444247	75,4	   0,0543478	81,4
     41,6036	   0,0442721	75,6	   0,0540579	81,9
     41,6056	   0,0450818	79,7	   0,0545413	81,4
     41,6075	    0,045731	80,3	   0,0545631	81,8
     41,6095	   0,0457523	77,4	    0,054753	82,3
     41,6114	   0,0457029	75,8	   0,0550309	81,5
     41,6134	   0,0459285	79,4	   0,0551225	82,0
     41,6153	   0,0459008	78,7	   0,0553518	81,6
     41,6173	   0,0463428	79,3	   0,0554949	82,1
     41,6193	   0,0465888	80,3	   0,0551833	81,4
     41,6212	   0,0469722	78,7	   0,0552938	81,6
     41,6232	   0,0463279	78,1	    0,055718	82,0
     41,6251	   0,0464373	78,5	   0,0558947	81,6
     41,6271	    0,046943	81,7	   0,0560461	82,7
      41,629	   0,0474847	81,8	   0,0562104	82,5
      41,631	    0,047018	77,4	   0,0563959	82,5
     41,6329	   0,0469582	77,5	   0,0565009	82,9
     41,6349	   0,0481492	81,3	   0,0565709	82,4
     41,6369	    0,047727	81,5	   0,0561901	82,6
     41,6388	   0,0480394	80,5	   0,0563083	81,5
     41,6408	   0,0484947	80,4	   0,0566911	82,1
     41,6427	    0,047567	77,4	   0,0566312	82,1
     41,6447	   0,0480988	77,6	   0,0574166	82,7
     41,6466	   0,0487011	81,9	   0,0575275	82,5
     41,6486	   0,0488221	82,1	   0,0576328	82,7
     41,6505	   0,0490547	77,9	   0,0577809	82,6
     41,6525	   0,0487889	78,5	    0,058002	83,3
     41,6544	   0,0487577	77,6	   0,0581581	83,2
     41,6564	   0,0494412	81,1	   0,0583102	83,2
     41,6584	   0,0494536	80,9	   0,0583642	83,2
     41,6603	   0,0502817	81,7	   0,0582639	83,8
     41,6623	   0,0503114	81,6	   0,0584502	84,1
     41,6642	   0,0497168	78,3	   0,0584797	82,6
     41,6662	   0,0494173	78,3	   0,0586408	83,3
     41,6681	    0,050418	81,6	   0,0590427	82,8
     41,6701	   0,0511491	82,6	   0,0589487	83,0
      41,672	   0,0509657	80,1	    0,059036	84,1
      41,674	   0,0513504	79,2	   0,0594344	83,6
      41,676	   0,0509746	81,5	   0,0596138	84,2
     41,6779	   0,0517443	81,1	   0,0592551	82,6
     41,6799	   0,0518523	83,5	   0,0590277	82,3
     41,6818	   0,0519728	83,3	    0,059518	84,0
     41,6838	   0,0522356	83,4	   0,0593856	83,1
     41,6857	   0,0523803	80,2	   0,0598253	83,9
     41,6877	   0,0524748	80,4	   0,0606493	84,3
     41,6896	   0,0527043	82,6	   0,0609499	83,9
     41,6916	   0,0529078	83,0	   0,0610498	84,2
     41,6936	   0,0541922	82,5	    0,060949	83,9
     41,6955	   0,0539301	83,2	   0,0612107	84,6
     41,6975	   0,0528301	79,8	    0,061189	84,0
     41,6994	   0,0536344	80,2	   0,0612157	83,8
     41,7014	   0,0538693	83,9	   0,0618922	84,4
     41,7033	   0,0536303	84,2	   0,0620535	84,4
     41,7053	   0,0546973	83,5	   0,0620215	85,3
     41,7072	   0,0550778	84,0	    0,062123	85,3
     41,7092	   0,0542004	81,0	   0,0623425	84,7
     41,7111	   0,0538673	80,7	   0,0627737	85,3
     41,7131	   0,0551028	83,8	    0,062931	84,4
     41,7151	   0,0559508	84,5	   0,0631081	84,7
      41,717	   0,0557931	82,3	   0,0633224	85,3
      41,719	   0,0563956	81,8	   0,0629298	85,2
     41,7209	   0,0560113	83,8	    0,063191	85,9
     41,7229	    0,055691	82,4	   0,0634857	85,0
     41,7248	   0,0564564	82,8	   0,0631753	85,0
     41,7268	   0,0572624	85,3	   0,0638838	85,6
     41,7287	   0,0572124	84,6	   0,0641692	86,1
     41,7307	   0,0571632	82,6	   0,0642168	85,9
     41,7327	   0,0572971	83,1	    0,063581	85,9
     41,7346	   0,0573027	84,5	   0,0649181	86,3
     41,7366	   0,0577905	85,0	   0,0650065	86,3
     41,7385	   0,0582783	85,9	   0,0649407	85,5
     41,7405	   0,0587808	85,1	   0,0651909	86,2
     41,7424	   0,0588801	83,0	   0,0653543	86,2
     41,7444	   0,0583254	82,7	   0,0646589	85,7
     41,7463	   0,0586577	85,8	   0,0652738	86,2
     41,7483	   0,0585718	84,9	    0,065911	87,1
     41,7502	   0,0603669	86,0	   0,0658863	87,8
     41,7522	   0,0607499	87,0	   0,0664053	87,6
     41,7542	   0,0600367	83,1	   0,0666327	87,5
     41,7561	   0,0606446	83,8	   0,0663157	87,0
     41,7581	   0,0600686	85,2	    0,066641	87,3
       41,76	   0,0600265	84,4	   0,0671693	87,5
      41,762	   0,0613344	87,2	   0,0670693	88,0
     41,7639	   0,0617433	86,8	   0,0671988	87,7
     41,7659	   0,0614357	84,9	   0,0674012	87,7
     41,7678	   0,0619593	84,9	    0,067999	87,8
     41,7698	    0,061353	84,1	   0,0679774	87,2
     41,7718	   0,0615996	86,2	   0,0680518	87,7
     41,7737	   0,0623302	86,9	   0,0687396	88,1
     41,7757	   0,0616156	86,7	   0,0691381	88,2
     41,7776	   0,0623226	85,4	   0,0693319	88,6
     41,7796	   0,0632453	85,5	   0,0695251	88,3
     41,7815	   0,0625616	86,8	   0,0691175	88,8
     41,7835	   0,0625369	87,1	   0,0696097	89,3
     41,7854	    0,064119	88,0	   0,0703479	89,0
     41,7874	   0,0638644	88,5	   0,0701645	89,1
     41,7893	   0,0647882	86,4	   0,0709501	88,7
     41,7913	   0,0646267	86,0	   0,0708536	89,7
     41,7933	    0,064152	88,0	   0,0710287	89,5
     41,7952	   0,0639033	86,9	   0,0707702	89,2
     41,7972	   0,0641101	87,3	   0,0710949	89,4
     41,7991	   0,0662527	89,1	   0,0721412	89,6
     41,8011	   0,0664644	88,7	   0,0722802	89,6
      41,803	   0,0668372	87,5	   0,0725116	90,2
      41,805	   0,0662603	86,7	    0,072135	89,5
     41,8069	   0,0651519	89,0	   0,0721196	90,9
     41,8089	   0,0660802	88,6	   0,0728242	90,3
     41,8109	   0,0666253	89,4	   0,0739913	89,9
     41,8128	   0,0674769	88,9	   0,0736726	90,9
     41,8148	   0,0680008	89,4	   0,0738702	91,0
     41,8167	   0,0672667	88,2	   0,0741122	90,6
     41,8187	   0,0673537	88,7	   0,0746441	91,4
     41,8206	   0,0671843	89,6	   0,0748809	90,6
     41,8226	   0,0680537	89,9	   0,0758963	91,2
     41,8245	   0,0682113	90,4	   0,0755385	91,7
     41,8265	   0,0690533	89,7	   0,0756351	91,1
     41,8284	   0,0693907	90,1	   0,0761293	91,7
     41,8304	   0,0682278	88,7	   0,0760626	92,2
     41,8324	   0,0691553	88,8	   0,0758542	91,7
     41,8343	   0,0690166	91,2	   0,0768716	91,6
     41,8363	   0,0691628	91,0	   0,0771219	91,8
     41,8382	   0,0702863	91,2	   0,0777887	92,4
     41,8402	   0,0706887	91,7	   0,0779393	92,4
     41,8421	   0,0704477	90,5	   0,0782598	92,3
     41,8441	   0,0707058	90,5	   0,0787235	92,8
      41,846	   0,0713389	91,6	   0,0790163	93,0
      41,848	   0,0702774	91,0	   0,0791783	92,7
       41,85	    0,071964	92,6	   0,0803282	93,7
     41,8519	   0,0719747	92,6	   0,0809279	92,9
     41,8539	   0,0732342	92,2	   0,0809053	93,2
     41,8558	   0,0727445	91,8	   0,0809539	94,7
     41,8578	   0,0719926	90,9	   0,0819862	94,1
     41,8597	   0,0729703	91,3	   0,0823645	94,4
     41,8617	   0,0738275	92,8	   0,0819297	94,5
     41,8636	    0,073382	92,6	   0,0822048	93,6
     41,8656	   0,0745186	93,6	   0,0825744	94,1
     41,8675	   0,0748894	93,4	   0,0841749	95,0
     41,8695	   0,0753432	93,6	   0,0848404	95,0
     41,8715	   0,0749633	92,5	   0,0840141	96,3
     41,8734	   0,0756363	93,1	   0,0853123	95,4
     41,8754	    0,075318	93,5	   0,0852524	96,0
     41,8773	   0,0751353	93,9	   0,0851404	95,9
     41,8793	   0,0764669	94,4	   0,0873035	96,1
     41,8812	   0,0774868	94,7	   0,0878228	96,7
     41,8832	   0,0770895	94,6	   0,0880998	96,6
     41,8851	   0,0778957	94,0	   0,0882551	96,9
     41,8871	   0,0779497	95,0	   0,0881675	97,7
     41,8891	   0,0781631	95,1	   0,0898296	97,8
      41,891	   0,0795098	95,6	   0,0905178	97,7
      41,893	    0,079195	95,5	   0,0906252	98,0
     41,8949	   0,0799973	95,5	   0,0925154	98,7
     41,8969	   0,0807082	95,7	   0,0930527	98,7
     41,8988	   0,0803308	95,4	   0,0930453	100,3
     41,9008	   0,0805224	95,7	   0,0938446	100,2
     41,9027	   0,0815093	96,7	   0,0955181	100,5
     41,9047	   0,0811894	97,4	   0,0950977	100,5
     41,9066	   0,0822654	97,2	   0,0976227	99,9
     41,9086	   0,0818246	97,5	   0,0984706	101,3
     41,9106	   0,0832964	98,1	   0,0987421	101,7
     41,9125	   0,0833657	97,1	   0,0999836	101,6
     41,9145	   0,0826349	97,7	    0,101036	103,5
     41,9164	   0,0841952	98,0	    0,101448	103,5
     41,9184	   0,0841248	98,8	    0,101242	103,6
     41,9203	   0,0845268	99,7	    0,103585	104,5
     41,9223	   0,0853695	99,5	    0,105023	104,5
     41,9242	   0,0859034	98,9	    0,106123	105,1
     41,9262	   0,0863234	100,0	    0,105345	106,2
     41,9282	   0,0866718	98,4	    0,106345	106,5
     41,9301	   0,0867647	98,4	    0,107821	107,7
     41,9321	   0,0875787	100,6	    0,108758	107,9
      41,934	   0,0871593	100,4	    0,110232	107,8
      41,936	   0,0885768	102,1	     0,11054	108,8
     41,9379	   0,0890213	101,2	    0,112796	109,1
     41,9399	   0,0897669	99,3	    0,113191	111,0
     41,9418	   0,0900974	100,1	    0,114759	111,6
     41,9438	   0,0896821	100,8	     0,11578	112,3
     41,9457	   0,0899366	100,6	    0,115827	112,9
     41,9477	   0,0908988	101,9	    0,115787	113,4
     41,9497	   0,0924134	103,0	    0,118726	113,3
     41,9516	   0,0922758	102,8	     0,11939	113,7
     41,9536	   0,0935535	102,7	    0,119644	114,9
     41,9555	   0,0938873	103,8	    0,120422	115,2
     41,9575	   0,0940655	101,9	    0,121405	117,6
     41,9594	    0,094406	104,5	    0,122634	118,0
     41,9614	   0,0960801	104,3	     0,12251	118,5
     41,9633	   0,0970685	105,9	    0,124281	119,2
     41,9653	   0,0975633	106,4	    0,124625	120,1
     41,9673	   0,0982442	106,5	    0,125613	119,9
     41,9692	   0,0988716	105,0	    0,126954	120,7
     41,9712	   0,0994623	105,8	     0,12664	121,3
     41,9731	    0,100252	105,4	     0,12711	121,6
     41,9751	    0,101256	106,0	    0,128903	123,8
      41,977	    0,101047	107,7	     0,12905	124,0
      41,979	    0,102082	107,8	    0,129381	125,0
     41,9809	     0,10308	109,3	    0,129493	126,0
     41,9829	    0,103952	110,1	    0,131756	125,2
     41,9848	    0,104892	109,1	    0,132481	126,1
     41,9868	    0,105242	109,9	    0,131381	127,0
     41,9888	    0,106361	110,7	    0,131677	127,1
     41,9907	    0,106538	110,5	    0,133315	128,9
     41,9927	    0,108122	113,1	    0,133442	129,2
     41,9946	    0,108576	113,2	    0,133295	129,4
     41,9966	    0,110005	113,6	    0,133894	129,9
     41,9985	    0,110788	114,3	    0,134328	130,4
     42,0005	    0,111697	113,8	    0,134777	130,5
     42,0024	    0,111885	113,8	     0,13495	132,1
     42,0044	    0,112915	115,8	    0,135661	132,2
     42,0064	     0,11376	116,1	    0,136763	133,1
     42,0083	    0,114971	117,7	    0,136846	134,0
     42,0103	    0,115832	118,5	    0,136457	134,3
     42,0122	    0,117317	119,7	     0,13655	134,8
     42,0142	    0,118022	120,1	    0,136944	135,3
     42,0161	    0,118852	120,6	    0,136861	135,4
     42,0181	    0,118665	120,6	    0,138265	136,2
       42,02	    0,119854	122,5	    0,138168	136,9
      42,022	    0,120663	123,2	    0,138826	137,7
     42,0239	    0,121982	124,8	    0,138338	137,7
     42,0259	    0,122305	125,3	    0,139096	139,0
     42,0279	    0,124391	126,6	    0,140127	139,4
     42,0298	    0,125083	127,0	    0,140003	139,6
     42,0318	    0,124556	127,4	    0,140117	140,2
     42,0337	    0,126051	128,6	    0,138321	139,6
     42,0357	    0,126354	129,4	    0,139029	140,0
     42,0376	    0,126709	130,3	    0,139416	141,1
     42,0396	    0,127623	131,2	    0,139512	141,5
     42,0415	    0,128945	132,3	    0,140815	142,9
     42,0435	    0,127957	133,5	    0,140444	143,7
     42,0455	    0,130393	134,6	     0,14027	143,2
     42,0474	    0,130224	134,1	    0,140972	143,8
     42,0494	    0,131365	135,6	    0,140967	143,7
     42,0513	    0,130973	136,6	    0,141454	144,2
     42,0533	    0,131892	136,7	    0,140911	145,1
     42,0552	    0,132299	139,2	    0,140307	145,4
     42,0572	    0,133106	139,6	    0,140817	145,5
     42,0591	    0,132887	140,0	    0,140398	146,2
     42,0611	    0,134234	141,3	    0,142247	147,0
      42,063	    0,134125	142,2	    0,141863	147,1
      42,065	    0,134835	142,2	    0,142067	147,2
      42,067	    0,134668	142,6	    0,142181	147,5
     42,0689	    0,134911	143,5	    0,142036	147,4
     42,0709	     0,13428	143,7	    0,140753	148,4
     42,0728	    0,134709	145,3	    0,140647	148,6
     42,0748	    0,134953	146,0	    0,141527	149,1
     42,0767	    0,135823	146,2	    0,141251	149,7
     42,0787	    0,135805	146,9	    0,142265	150,2
     42,0806	    0,136008	147,8	    0,142273	150,0
     42,0826	    0,135752	147,1	    0,142081	150,5
     42,0846	     0,13606	147,9	    0,141173	151,2
     42,0865	    0,135883	149,1	    0,140444	150,6
     42,0885	    0,136172	149,2	    0,140707	150,8
     42,0904	    0,136105	149,6	    0,140978	152,0
     42,0924	    0,136836	150,3	    0,140894	152,0
     42,0943	    0,136208	150,5	    0,142199	153,1
     42,0963	    0,136018	151,0	    0,141917	153,8
     42,0982	    0,136965	152,1	    0,141743	153,1
     42,1002	    0,136343	151,9	    0,141985	153,6
     42,1021	    0,136368	152,2	    0,141282	154,6
     42,1041	    0,136404	152,6	    0,141169	153,8
     42,1061	     0,13644	153,1	    0,140628	154,1
      42,108	    0,136495	153,2	    0,140449	154,8
       42,11	    0,136787	153,9	    0,139986	154,8
     42,1119	    0,136248	154,6	     0,14106	155,7
     42,1139	    0,136148	154,5	    0,140414	156,3
     42,1158	    0,136467	155,8	    0,141525	156,7
     42,1178	    0,136575	155,9	    0,140488	157,0
     42,1197	    0,136313	155,8	    0,140399	157,3
     42,1217	    0,136857	156,4	    0,141005	157,9
     42,1237	    0,136806	156,2	    0,139964	157,0
     42,1256	    0,136613	156,3	    0,139589	157,4
     42,1276	    0,136447	157,7	    0,139611	157,7
     42,1295	    0,136301	158,0	    0,140027	157,5
     42,1315	    0,135876	158,0	     0,14067	159,6
     42,1334	    0,136235	158,7	    0,139876	159,3
     42,1354	    0,136791	159,1	    0,140637	159,2
     42,1373	    0,136366	158,9	    0,139683	159,6
     42,1393	    0,135956	159,5	    0,139965	160,0
     42,1413	     0,13577	159,9	    0,139853	159,7
     42,1432	    0,136052	159,6	    0,139557	159,9
     42,1452	    0,135621	159,9	    0,139148	160,4
     42,1471	    0,135439	160,9	    0,139308	160,4
     42,1491	    0,136145	160,8	    0,139542	161,9
      42,151	    0,135936	161,7	    0,139065	161,7
      42,153	    0,135529	161,9	    0,138644	161,3
     42,1549	    0,135678	161,8	    0,138848	162,2
     42,1569	    0,135169	161,9	    0,139211	163,2
     42,1588	    0,135263	162,9	    0,138472	162,3
     42,1608	    0,135903	162,5	    0,139034	162,7
     42,1628	    0,134628	162,2	    0,138707	163,2
     42,1647	    0,135319	163,3	    0,138867	163,3
     42,1667	    0,134746	163,6	    0,138593	163,2
     42,1686	    0,134606	164,0	    0,138435	164,2
     42,1706	    0,134171	164,4	    0,138152	163,9
     42,1725	    0,133865	164,8	     0,13823	164,7
     42,1745	     0,13457	165,1	    0,138029	164,9
     42,1764	       0,134	164,9	    0,137504	164,8
     42,1784	    0,133686	165,5	    0,137408	165,6
     42,1804	    0,134064	165,8	    0,136792	165,5
     42,1823	    0,134285	165,9	    0,137373	165,7
     42,1843	    0,133683	166,5	    0,137056	165,6
     42,1862	      0,1335	166,2	    0,137285	166,0
     42,1882	    0,133093	166,1	    0,136911	166,5
     42,1901	    0,133119	167,2	    0,136515	166,3
     42,1921	    0,133531	167,3	    0,136777	166,4
      42,194	    0,133112	167,6	    0,136556	167,2
      42,196	    0,132935	168,2	    0,136325	167,2
     42,1979	    0,132997	168,0	    0,136273	167,8
     42,1999	    0,132389	168,0	     0,13613	168,0
     42,2019	    0,131898	168,8	    0,135774	167,9
     42,2038	    0,131707	168,8	      0,1359	168,1
     42,2058	    0,132171	168,1	     0,13524	168,5
     42,2077	     0,13242	168,6	    0,135268	168,8
     42,2097	    0,132251	169,6	    0,135231	168,6
     42,2116	    0,131825	169,2	    0,135372	168,8
     42,2136	    0,130922	169,9	    0,133974	169,6
     42,2155	    0,131646	170,3	    0,134344	169,3
     42,2175	    0,131336	170,4	    0,133985	170,6
     42,2195	    0,131036	170,1	    0,134032	171,2
     42,2214	    0,131405	170,5	    0,134217	170,2
     42,2234	    0,130972	171,2	    0,134167	170,6
     42,2253	    0,130896	171,4	    0,133664	171,3
     42,2273	    0,130754	171,4	    0,133927	171,3
     42,2292	    0,130609	172,0	    0,133722	170,9
     42,2312	    0,130548	171,7	    0,133564	171,4
     42,2331	    0,130062	171,7	    0,133446	171,3
     42,2351	    0,129942	172,9	    0,133337	171,2
      42,237	    0,130372	172,6	    0,132909	172,2
      42,239	    0,129755	172,7	     0,13277	172,3
      42,241	    0,129476	173,5	    0,132311	172,4
     42,2429	    0,129334	173,5	    0,131845	172,7
     42,2449	    0,128909	173,5	    0,131483	173,4
     42,2468	    0,128974	174,2	    0,131867	173,5
     42,2488	     0,12863	174,4	    0,131838	173,4
     42,2507	    0,128605	173,5	     0,13161	173,8
     42,2527	    0,128401	174,2	    0,131715	173,4
     42,2546	    0,128414	174,5	      0,1312	173,4
     42,2566	    0,128606	174,6	    0,131319	174,2
     42,2586	    0,127995	174,8	    0,131161	174,1
     42,2605	    0,127802	174,8	      0,1309	174,1
     42,2625	    0,127479	175,2	    0,130777	174,4
     42,2644	    0,127192	175,2	    0,129895	175,3
     42,2664	     0,12683	176,1	    0,130061	175,3
     42,2683	       0,127	176,2	    0,129995	175,7
     42,2703	    0,126755	176,3	    0,129483	175,8
     42,2722	    0,126649	176,1	    0,129564	175,7
     42,2742	    0,126581	176,9	    0,128479	176,3
     42,2761	    0,126254	177,3	    0,128359	176,5
     42,2781	    0,126363	176,8	    0,128712	176,4
     42,2801	    0,126221	176,8	    0,128625	176,1
      42,282	    0,125464	177,0	    0,128879	176,3
      42,284	    0,125536	177,2	    0,128306	176,9
     42,2859	    0,125179	177,8	     0,12855	176,6
     42,2879	    0,124965	178,4	    0,128027	176,7
     42,2898	     0,12476	178,1	    0,128037	178,2
     42,2918	    0,124576	178,1	    0,128003	177,8
     42,2937	    0,124592	179,3	    0,127198	177,9
     42,2957	    0,124372	179,1	    0,126845	178,5
     42,2977	    0,124343	178,7	     0,12686	178,5
     42,2996	    0,124344	179,3	    0,126438	178,7
     42,3016	    0,123635	179,6	    0,126993	178,9
     42,3035	     0,12414	179,0	    0,126245	179,2
     42,3055	    0,123417	179,3	    0,126269	178,7
     42,3074	     0,12364	179,9	    0,125819	178,6
     42,3094	    0,123045	180,0	    0,126231	179,4
     42,3113	    0,122942	180,0	    0,125392	179,6
     42,3133	    0,123076	180,0	    0,125466	179,3
     42,3153	    0,122885	180,9	    0,125675	179,7
     42,3172	    0,122705	181,1	     0,12551	180,0
     42,3192	      0,1223	180,6	    0,124862	180,0
     42,3211	    0,122098	181,0	    0,125081	180,1
     42,3231	    0,121423	181,2	    0,124339	181,1
      42,325	    0,121575	181,4	    0,124231	181,1
      42,327	    0,121676	181,9	    0,124014	181,5
     42,3289	    0,120883	182,1	    0,123411	181,2
     42,3309	    0,120878	182,0	    0,123343	181,5
     42,3328	    0,120804	182,4	    0,122807	181,5
     42,3348	    0,120935	183,2	    0,122824	181,8
     42,3368	    0,120755	182,9	    0,122886	182,2
     42,3387	    0,120467	182,3	    0,122357	182,5
     42,3407	    0,120429	182,7	    0,122761	181,8
     42,3426	    0,120048	183,1	    0,122884	182,2
     42,3446	    0,120003	183,0	    0,122535	182,6
     42,3465	    0,119456	183,0	    0,122531	182,3
     42,3485	     0,11887	183,5	    0,122219	182,3
     42,3504	    0,118419	183,8	    0,122112	183,5
     42,3524	    0,118429	183,7	    0,121741	183,3
     42,3544	    0,118447	184,3	    0,120711	182,9
     42,3563	    0,118618	184,5	    0,121008	183,5
     42,3583	    0,118221	184,6	    0,120873	183,4
     42,3602	     0,11828	184,5	    0,120078	184,0
     42,3622	    0,117714	184,6	     0,12024	184,1
     42,3641	    0,117932	185,0	    0,119244	184,6
     42,3661	    0,117285	185,3	      0,1199	184,0
      42,368	    0,117443	185,3	    0,119228	184,1
       42,37	    0,116966	185,8	    0,119411	184,5
     42,3719	    0,116872	185,5	    0,118956	184,4
     42,3739	    0,116836	185,7	    0,118481	185,4
     42,3759	    0,116673	186,1	    0,117751	184,7
     42,3778	    0,116638	186,2	    0,118392	184,9
     42,3798	     0,11572	185,9	    0,118206	185,2
     42,3817	    0,115971	186,2	    0,118424	185,1
     42,3837	     0,11531	186,7	    0,117851	185,6
     42,3856	    0,115797	186,7	    0,118263	185,3
     42,3876	    0,115067	187,1	    0,117535	186,0
     42,3895	    0,114955	186,9	    0,117854	185,8
     42,3915	    0,114809	187,4	    0,117021	186,5
     42,3935	    0,114541	187,5	    0,116807	186,9
     42,3954	    0,115064	187,6	    0,116264	186,4
     42,3974	     0,11424	187,6	    0,115732	186,8
     42,3993	    0,114377	188,2	     0,11568	186,8
     42,4013	    0,113782	188,1	    0,115064	187,6
     42,4032	    0,114203	188,0	    0,115355	187,3
     42,4052	    0,113647	188,8	    0,115726	187,1
     42,4071	    0,113757	188,5	    0,115318	187,9
     42,4091	    0,113512	188,6	    0,115443	187,0
      42,411	    0,112918	188,9	    0,114945	187,3
      42,413	    0,112699	189,2	     0,11422	187,4
      42,415	    0,112278	188,6	    0,114661	188,0
     42,4169	    0,112105	188,7	    0,114134	188,0
     42,4189	    0,111874	189,2	     0,11445	187,5
     42,4208	    0,112051	189,7	    0,113979	188,1
     42,4228	    0,111167	189,3	     0,11367	188,4
     42,4247	    0,111433	189,6	    0,114063	188,6
     42,4267	    0,110772	190,3	    0,113129	189,3
     42,4286	    0,110553	190,3	     0,11344	189,4
     42,4306	    0,110628	190,4	    0,112673	189,1
     42,4326	    0,110349	189,7	    0,112378	189,3
     42,4345	     0,11032	191,0	    0,112373	190,1
     42,4365	    0,109815	190,8	    0,111892	190,5
     42,4384	    0,110111	190,4	    0,111387	189,8
     42,4404	    0,109591	191,3	    0,112079	190,1
     42,4423	    0,109907	191,3	    0,111372	190,5
     42,4443	    0,109424	191,2	    0,110898	190,7
     42,4462	    0,109468	191,3	    0,110761	189,7
     42,4482	    0,109315	191,6	     0,11007	190,2
     42,4501	    0,109046	191,8	    0,110357	190,5
     42,4521	    0,108625	191,8	    0,110024	190,8
     42,4541	     0,10838	192,0	    0,110634	190,3
      42,456	    0,107853	192,1	    0,109896	190,8
      42,458	    0,107509	191,8	    0,109943	191,1
     42,4599	    0,107538	191,8	    0,110015	191,1
     42,4619	     0,10759	192,0	     0,10968	191,4
     42,4638	    0,106888	192,5	    0,109927	191,4
     42,4658	    0,107198	192,8	    0,109402	191,4
     42,4677	    0,106249	192,3	     0,10913	191,5
     42,4697	    0,106227	192,3	    0,109088	191,8
     42,4717	    0,106118	193,5	     0,10848	192,8
     42,4736	    0,105939	193,0	     0,10815	192,9
     42,4756	    0,105572	193,0	    0,107322	192,6
     42,4775	    0,105689	193,9	    0,107455	192,7
     42,4795	     0,10546	194,1	    0,106998	193,8
     42,4814	    0,105245	193,7	    0,106955	193,3
     42,4834	    0,104934	193,7	    0,106542	192,8
     42,4853	    0,104886	194,4	    0,106465	193,2
     42,4873	    0,104529	194,4	    0,106478	193,7
     42,4892	    0,104517	194,0	    0,106498	193,7
     42,4912	    0,104585	194,1	    0,105775	193,3
     42,4932	    0,104139	194,3	    0,105645	193,5
     42,4951	    0,104264	195,2	    0,105543	194,4
     42,4971	    0,103594	195,2	     0,10561	193,6
      42,499	    0,103613	194,5	     0,10531	193,9
      42,501	    0,103702	194,8	    0,105229	193,7
     42,5029	    0,103514	195,5	    0,105228	194,0
     42,5049	    0,103311	195,0	    0,105222	193,7
     42,5068	    0,102767	195,1	    0,104692	194,6
     42,5088	    0,102877	195,2	    0,104484	194,2
     42,5108	    0,102352	195,9	    0,104389	194,5
     42,5127	    0,102397	196,0	    0,104138	194,2
     42,5147	    0,101589	195,5	    0,103842	194,5
     42,5166	    0,101993	195,8	    0,103994	195,3
     42,5186	    0,100907	196,2	    0,103569	195,1
     42,5205	    0,101175	196,3	    0,103388	194,8
     42,5225	    0,100535	195,9	    0,103158	194,9
     42,5244	    0,100588	196,1	    0,102619	196,0
     42,5264	   0,0998913	197,1	    0,102811	196,1
     42,5283	    0,100252	196,6	    0,102283	195,8
     42,5303	   0,0996974	196,5	    0,102037	195,6
     42,5323	    0,099798	196,5	    0,101502	196,8
     42,5342	   0,0993928	197,5	    0,101642	196,5
     42,5362	   0,0992916	197,2	    0,101707	196,6
     42,5381	   0,0990761	197,5	    0,100624	197,3
     42,5401	   0,0986426	197,5	    0,100581	197,2
      42,542	   0,0988142	198,2	     0,10064	197,2
      42,544	   0,0982885	197,7	    0,100283	196,7
     42,5459	   0,0984353	198,0	    0,100274	196,8
     42,5479	   0,0980754	198,2	   0,0997235	197,6
     42,5499	   0,0983066	198,3	   0,0996593	197,8
     42,5518	   0,0977191	198,6	    0,099848	197,2
     42,5538	   0,0978983	198,3	   0,0998525	197,4
     42,5557	   0,0973436	198,6	   0,0992102	198,4
     42,5577	   0,0972208	199,2	   0,0992339	198,2
     42,5596	   0,0972714	199,0	   0,0992856	197,5
     42,5616	   0,0972244	198,6	   0,0990025	198,2
     42,5635	   0,0969397	198,9	   0,0986564	198,3
     42,5655	   0,0965377	199,6	   0,0983756	198,6
     42,5674	   0,0965674	199,1	   0,0982931	197,6
     42,5694	   0,0966547	199,1	   0,0976708	198,6
     42,5714	   0,0965071	199,0	   0,0981267	198,6
     42,5733	   0,0959829	200,0	   0,0973175	198,9
     42,5753	   0,0955837	199,6	   0,0976431	198,4
     42,5772	   0,0955069	199,7	    0,097513	198,5
     42,5792	   0,0955522	-159,8	   0,0976241	199,2
     42,5811	    0,095404	-159,5	   0,0969448	198,9
     42,5831	   0,0952298	-159,9	    0,096569	199,1
      42,585	   0,0948151	-159,9	   0,0962894	199,0
      42,587	   0,0945318	-159,8	   0,0966183	199,3
      42,589	   0,0940411	-159,2	   0,0960432	199,1
     42,5909	   0,0936002	-160,0	   0,0957768	199,1
     42,5929	   0,0937712	-159,6	   0,0955249	199,6
     42,5948	   0,0935125	-159,7	   0,0953026	-159,9
     42,5968	   0,0934787	-159,1	   0,0951783	-159,8
     42,5987	   0,0932995	-159,0	   0,0944839	-160,1
     42,6007	   0,0928599	-159,4	     0,09481	-160,0
     42,6026	     0,09272	-158,9	   0,0946264	-159,4
     42,6046	    0,092483	-158,6	   0,0944167	-159,4
     42,6065	   0,0923094	-158,4	   0,0944293	-159,4
     42,6085	   0,0916033	-159,0	   0,0943744	-159,3
     42,6105	   0,0920326	-158,6	   0,0937938	-159,5
     42,6124	   0,0912672	-158,0	   0,0936599	-158,5
     42,6144	   0,0914861	-157,9	   0,0934244	-159,1
     42,6163	   0,0908893	-158,6	   0,0933074	-158,9
     42,6183	   0,0910617	-158,4	   0,0932755	-158,9
     42,6202	   0,0904123	-157,9	   0,0928025	-158,3
     42,6222	    0,090738	-157,6	   0,0924396	-158,3
     42,6241	     0,09001	-158,1	    0,092272	-158,6
     42,6261	   0,0899734	-158,1	   0,0915968	-158,1
     42,6281	   0,0894277	-157,4	   0,0917796	-157,1
       42,63	   0,0895153	-157,6	   0,0918694	-157,8
      42,632	   0,0893275	-157,4	   0,0915358	-158,0
     42,6339	   0,0894668	-157,4	   0,0917829	-158,0
     42,6359	   0,0894493	-157,2	   0,0916031	-157,2
     42,6378	   0,0890837	-157,0	   0,0907045	-157,1
     42,6398	   0,0886076	-156,5	   0,0907974	-157,4
     42,6417	    0,088143	-157,0	   0,0907935	-157,4
     42,6437	   0,0884357	-156,4	   0,0905874	-157,0
     42,6456	   0,0881494	-156,5	   0,0899401	-156,6
     42,6476	   0,0884341	-156,4	    0,089927	-156,8
     42,6496	   0,0880317	-156,6	   0,0903487	-157,0
     42,6515	   0,0878244	-156,0	   0,0893688	-156,7
     42,6535	    0,087189	-155,8	   0,0895574	-156,0
     42,6554	   0,0872655	-155,5	   0,0894044	-156,6
     42,6574	   0,0870305	-155,8	   0,0887138	-156,4
     42,6593	   0,0866337	-155,7	   0,0887195	-156,5
     42,6613	   0,0866786	-155,4	   0,0881184	-155,3
     42,6632	   0,0860463	-155,2	   0,0880957	-156,2
     42,6652	   0,0866614	-155,1	   0,0874953	-156,6
     42,6672	   0,0859486	-155,3	   0,0874332	-155,7
     42,6691	   0,0861883	-155,1	   0,0871204	-155,8
     42,6711	   0,0857737	-154,9	   0,0874443	-155,7
      42,673	   0,0856241	-154,5	   0,0872775	-155,5
      42,675	   0,0852812	-154,6	   0,0874737	-155,3
     42,6769	   0,0854484	-155,3	   0,0864088	-155,9
     42,6789	   0,0850468	-154,4	    0,086701	-155,0
     42,6808	   0,0847484	-154,7	   0,0870959	-155,1
     42,6828	   0,0848856	-154,0	    0,086713	-155,3
     42,6847	   0,0848743	-154,9	    0,086396	-154,9
     42,6867	   0,0845772	-154,3	   0,0859058	-155,0
     42,6887	   0,0839879	-154,1	   0,0857535	-154,6
     42,6906	   0,0840406	-153,5	   0,0854741	-155,1
     42,6926	   0,0837694	-153,3	   0,0846417	-154,5
     42,6945	   0,0835102	-153,8	   0,0851791	-153,9
     42,6965	    0,083205	-153,8	   0,0843446	-153,9
     42,6984	   0,0831613	-153,3	   0,0845961	-154,4
     42,7004	   0,0828932	-153,2	   0,0850689	-154,4
     42,7023	   0,0828795	-153,9	   0,0849137	-154,1
     42,7043	   0,0827924	-153,9	   0,0842749	-153,9
     42,7063	   0,0824952	-153,1	   0,0837005	-153,1
     42,7082	   0,0822956	-152,8	   0,0837644	-153,6
     42,7102	   0,0824887	-153,9	   0,0834226	-154,1
     42,7121	   0,0817601	-153,2	   0,0834662	-153,0
     42,7141	   0,0816033	-152,9	   0,0833379	-153,1
      42,716	   0,0814308	-152,2	   0,0829277	-153,6
      42,718	   0,0815104	-152,4	   0,0838689	-153,7
     42,7199	   0,0811896	-152,4	    0,083591	-152,9
     42,7219	   0,0809451	-152,5	   0,0834064	-152,7
     42,7239	   0,0808708	-151,7	   0,0827437	-153,2
     42,7258	    0,080868	-152,1	   0,0822307	-153,0
     42,7278	   0,0804513	-152,7	   0,0820723	-152,7
     42,7297	   0,0799627	-152,4	   0,0817681	-152,6
     42,7317	   0,0801929	-151,5	   0,0817369	-152,6
     42,7336	   0,0798458	-151,7	   0,0815553	-152,5
     42,7356	   0,0795927	-151,4	   0,0813647	-152,3
     42,7375	   0,0794363	-152,0	    0,081053	-151,8
     42,7395	   0,0793693	-151,7	   0,0812913	-152,0
     42,7414	   0,0789372	-151,1	   0,0810796	-152,0
     42,7434	   0,0787141	-151,5	    0,079933	-152,6
     42,7454	   0,0786888	-151,3	   0,0803121	-151,8
     42,7473	   0,0784673	-151,7	   0,0796527	-152,0
     42,7493	   0,0786364	-151,2	   0,0802585	-151,2
     42,7512	   0,0782699	-151,2	   0,0796986	-151,9
     42,7532	   0,0780495	-151,0	   0,0798559	-151,7
     42,7551	   0,0781354	-150,6	   0,0803664	-151,6
     42,7571	   0,0782064	-151,1	   0,0801377	-151,0
      42,759	   0,0780149	-151,4	   0,0801512	-152,0
      42,761	   0,0774539	-150,4	   0,0795475	-151,4
      42,763	    0,077005	-150,5	    0,079268	-151,7
     42,7649	   0,0767697	-150,9	   0,0787196	-150,8
     42,7669	   0,0767829	-151,0	   0,0786636	-150,6
     42,7688	    0,076867	-149,9	    0,078037	-150,9
     42,7708	   0,0763295	-150,0	    0,077954	-151,2
     42,7727	   0,0762725	-150,3	   0,0784065	-150,9
     42,7747	   0,0760675	-150,4	   0,0782667	-150,9
     42,7766	   0,0758789	-149,9	   0,0779758	-150,6
     42,7786	   0,0758234	-149,8	   0,0777595	-150,6
     42,7805	   0,0757724	-149,9	   0,0780761	-150,6
     42,7825	    0,076077	-149,9	    0,077312	-150,6
     42,7845	   0,0755003	-150,0	   0,0766751	-149,7
     42,7864	   0,0756295	-149,9	   0,0766332	-150,1
     42,7884	   0,0760306	-149,6	   0,0764071	-150,5
     42,7903	   0,0749032	-149,4	   0,0765984	-150,2
     42,7923	   0,0751751	-149,5	   0,0765577	-150,1
     42,7942	   0,0747877	-150,0	   0,0763899	-149,7
     42,7962	   0,0743615	-150,2	    0,075186	-150,0
     42,7981	   0,0738273	-149,1	   0,0751595	-150,0
     42,8001	   0,0740892	-149,6	   0,0757797	-149,8
     42,8021	   0,0737465	-149,5	   0,0761856	-149,4
      42,804	   0,0740244	-149,7	   0,0759969	-149,1
      42,806	   0,0736815	-148,6	   0,0753827	-149,5
     42,8079	    0,073833	-148,5	   0,0753202	-150,2
     42,8099	   0,0736359	-148,7	    0,074629	-149,3
     42,8118	    0,073626	-149,1	   0,0751167	-149,4
     42,8138	   0,0734012	-148,9	   0,0745164	-149,6
     42,8157	   0,0731204	-148,7	   0,0750396	-149,3
     42,8177	   0,0725052	-148,5	   0,0748198	-149,0
     42,8196	   0,0727949	-148,7	   0,0746621	-149,3
     42,8216	   0,0726542	-148,9	   0,0745883	-149,1
     42,8236	   0,0726726	-149,0	   0,0739855	-149,1
     42,8255	   0,0723812	-148,0	   0,0738766	-149,4
     42,8275	   0,0721824	-148,4	    0,073759	-149,0
     42,8294	    0,071862	-148,5	   0,0737064	-149,2
     42,8314	   0,0715691	-148,6	   0,0733879	-148,5
     42,8333	    0,071212	-148,5	   0,0732946	-148,2
     42,8353	    0,071198	-148,4	   0,0735381	-148,6
     42,8372	    0,071194	-148,1	   0,0733554	-148,9
     42,8392	   0,0710752	-148,0	   0,0727912	-148,3
     42,8412	   0,0710034	-148,5	   0,0727292	-148,5
     42,8431	   0,0707641	-148,2	   0,0722009	-148,6
     42,8451	   0,0711861	-147,4	    0,072159	-148,8
      42,847	   0,0706227	-147,8	   0,0721396	-148,2
      42,849	   0,0703166	-148,3	   0,0721409	-148,1
     42,8509	   0,0702398	-147,9	   0,0719999	-148,0
     42,8529	   0,0702138	-147,9	   0,0717046	-147,8
     42,8548	   0,0702319	-147,4	   0,0717452	-148,0
     42,8568	   0,0697683	-146,5	    0,071322	-147,8
     42,8587	   0,0691634	-147,3	   0,0709965	-147,3
     42,8607	   0,0689985	-147,0	   0,0706933	-147,0
     42,8627	   0,0687529	-146,8	   0,0703759	-146,7
     42,8646	   0,0686962	-146,8	   0,0705031	-147,7
     42,8666	   0,0688016	-146,6	   0,0698456	-147,3
     42,8685	   0,0684195	-146,4	   0,0701754	-146,9
     42,8705	   0,0680632	-146,6	   0,0700236	-146,7
     42,8724	   0,0681174	-146,6	   0,0702723	-147,2
     42,8744	   0,0677847	-145,9	   0,0698974	-147,0
     42,8763	    0,067669	-145,5	   0,0700106	-146,8
     42,8783	   0,0675446	-146,2	   0,0694503	-146,9
     42,8803	     0,06757	-146,1	   0,0694672	-146,1
     42,8822	   0,0680428	-146,5	   0,0693641	-146,5
     42,8842	   0,0674414	-146,1	   0,0693096	-147,0
     42,8861	   0,0670087	-145,7	   0,0689999	-146,5
     42,8881	   0,0671929	-146,1	   0,0689818	-146,2
       42,89	   0,0662633	-145,9	   0,0685402	-146,2
      42,892	   0,0670205	-146,2	   0,0679752	-146,5
     42,8939	   0,0666494	-145,4	   0,0681177	-146,3
     42,8959	   0,0666617	-145,5	   0,0679901	-145,7
     42,8979	   0,0665709	-145,4	   0,0681603	-146,2
     42,8998	   0,0666564	-146,0	   0,0678324	-145,5
     42,9018	   0,0662773	-146,2	   0,0679638	-145,9
     42,9037	   0,0665748	-146,0	   0,0675399	-146,1
     42,9057	   0,0658268	-145,0	   0,0675945	-146,2
     42,9076	     0,06607	-145,3	   0,0673767	-145,5
     42,9096	   0,0656737	-145,4	   0,0674029	-145,8
     42,9115	    0,065399	-145,6	   0,0670358	-145,8
     42,9135	   0,0651202	-145,6	   0,0670838	-146,1
     42,9154	   0,0652509	-145,6	   0,0668881	-145,7
     42,9174	   0,0653571	-145,5	   0,0666377	-145,5
     42,9194	   0,0650302	-145,0	   0,0664568	-145,4
     42,9213	   0,0645664	-144,8	   0,0662381	-145,1
     42,9233	   0,0643973	-144,9	   0,0659506	-145,0
     42,9252	   0,0645226	-144,8	    0,065889	-145,6
     42,9272	   0,0641144	-144,2	   0,0655824	-145,2
     42,9291	   0,0639585	-143,9	    0,065594	-145,0
     42,9311	   0,0635341	-144,2	   0,0652053	-144,2
      42,933	   0,0637493	-144,4	   0,0652192	-144,9
      42,935	     0,06328	-144,5	   0,0651673	-144,8
      42,937	    0,063548	-144,3	   0,0647938	-144,3
     42,9389	   0,0633418	-143,7	   0,0642749	-144,3
     42,9409	   0,0638051	-143,7	   0,0645447	-144,3
     42,9428	   0,0635068	-143,8	   0,0640938	-143,8
     42,9448	   0,0633345	-144,2	   0,0641298	-144,1
     42,9467	   0,0631226	-143,4	   0,0641011	-144,6
     42,9487	   0,0628349	-143,4	   0,0636338	-144,1
     42,9506	   0,0627464	-144,0	   0,0635106	-143,7
     42,9526	   0,0629605	-144,2	    0,063451	-144,3
     42,9545	    0,062896	-144,1	   0,0637048	-144,3
     42,9565	   0,0626719	-144,4	   0,0636138	-144,0
     42,9585	   0,0622186	-143,4	   0,0637179	-144,6
     42,9604	   0,0623103	-143,6	   0,0635482	-144,6
     42,9624	   0,0618545	-143,7	   0,0633992	-143,7
     42,9643	    0,061616	-143,9	   0,0631567	-144,0
     42,9663	   0,0612031	-143,7	   0,0631318	-144,3
     42,9682	   0,0610931	-143,5	   0,0630376	-144,4
     42,9702	   0,0611727	-143,1	   0,0628977	-144,1
     42,9721	   0,0611985	-143,5	    0,062329	-143,6
     42,9741	    0,061258	-143,2	   0,0623814	-143,4
     42,9761	   0,0611739	-143,6	   0,0621846	-143,3
      42,978	   0,0607136	-143,1	   0,0622351	-144,3
       42,98	   0,0602489	-142,5	   0,0621322	-143,8
     42,9819	   0,0604648	-142,3	   0,0618948	-143,3
     42,9839	   0,0602626	-142,4	    0,061883	-142,7
     42,9858	   0,0605993	-142,4	   0,0616454	-143,7
     42,9878	   0,0598353	-143,0	    0,060679	-143,8
     42,9897	   0,0603962	-142,6	   0,0609694	-142,6
     42,9917	   0,0604343	-141,8	   0,0613036	-143,0
     42,9936	   0,0603467	-142,3	   0,0612116	-142,5
     42,9956	   0,0600045	-142,2	   0,0611303	-142,4
     42,9976	   0,0599645	-142,6	   0,0608732	-143,0
     42,9995	   0,0595662	-142,7	   0,0606707	-143,1
     43,0015	   0,0593362	-143,1	   0,0606278	-143,6
     43,0034	   0,0588091	-142,8	   0,0603157	-142,6
     43,0054	   0,0594523	-142,6	   0,0602934	-143,2
     43,0073	   0,0590014	-142,2	   0,0601362	-142,7
     43,0093	   0,0590624	-142,8	    0,060136	-143,0
     43,0112	   0,0590393	-142,7	   0,0600188	-143,2
     43,0132	   0,0585053	-142,4	   0,0596683	-143,3
     43,0152	   0,0582681	-141,7	   0,0596267	-142,7
     43,0171	   0,0582143	-141,9	   0,0594987	-142,2
     43,0191	   0,0584575	-141,2	   0,0591525	-142,5
      43,021	    0,057946	-141,7	   0,0593594	-142,7
      43,023	   0,0580833	-141,7	   0,0592531	-142,1
     43,0249	    0,058635	-141,4	   0,0590355	-142,0
     43,0269	    0,058138	-141,1	   0,0589184	-141,8
     43,0288	   0,0578774	-141,3	   0,0586628	-141,1
     43,0308	   0,0580017	-141,6	   0,0586484	-142,4
     43,0327	    0,057753	-142,1	   0,0584696	-141,8
     43,0347	   0,0581075	-142,3	   0,0582382	-141,6
     43,0367	   0,0578696	-141,5	   0,0581705	-142,0
     43,0386	   0,0578129	-141,6	   0,0578288	-141,1
     43,0406	   0,0576099	-141,9	   0,0580117	-141,3
     43,0425	   0,0568258	-141,4	    0,057972	-141,9
     43,0445	   0,0566913	-141,4	   0,0578554	-142,1
     43,0464	   0,0563765	-142,0	    0,057668	-142,5
     43,0484	   0,0563049	-141,1	   0,0575031	-141,7
     43,0503	   0,0565552	-140,7	   0,0570366	-141,3
     43,0523	   0,0561975	-140,0	   0,0572748	-141,3
     43,0543	   0,0562205	-140,8	   0,0568231	-140,9
     43,0562	   0,0560843	-140,5	   0,0569516	-142,4
     43,0582	   0,0559329	-140,7	   0,0564304	-140,8
     43,0601	   0,0560718	-141,0	   0,0566951	-140,9
     43,0621	   0,0556852	-140,3	   0,0564292	-140,9
      43,064	   0,0560798	-140,5	   0,0566388	-140,7
      43,066	   0,0559298	-140,8	   0,0562987	-141,0
     43,0679	    0,055679	-141,3	   0,0561919	-141,0
     43,0699	   0,0556521	-140,8	   0,0561651	-141,0
     43,0718	   0,0556828	-140,8	   0,0557549	-140,1
     43,0738	   0,0555331	-140,6	   0,0560017	-140,9
     43,0758	   0,0553465	-140,3	   0,0558677	-140,5
     43,0777	   0,0550836	-141,4	   0,0557296	-140,9
     43,0797	   0,0546339	-140,3	   0,0554107	-141,4
     43,0816	   0,0545946	-140,5	   0,0553313	-141,2
     43,0836	   0,0543473	-140,4	   0,0547435	-140,3
     43,0855	   0,0544049	-139,6	   0,0550916	-140,5
     43,0875	   0,0544222	-139,3	   0,0549826	-139,9
     43,0894	   0,0542055	-139,7	   0,0548191	-140,3
     43,0914	   0,0543042	-140,0	   0,0546992	-139,9
     43,0934	   0,0544661	-140,5	   0,0542756	-140,2
     43,0953	   0,0544213	-140,7	     0,05439	-140,4
     43,0973	   0,0542112	-140,5	   0,0541073	-139,8
     43,0992	   0,0537942	-140,0	   0,0541259	-140,0
     43,1012	    0,053652	-139,7	   0,0541879	-140,0
     43,1031	   0,0538118	-140,1	   0,0540777	-140,3
     43,1051	    0,053786	-140,3	   0,0539527	-140,4
      43,107	   0,0533997	-140,1	   0,0539048	-140,5
      43,109	   0,0531294	-139,5	   0,0536941	-139,8
     43,1109	   0,0524844	-138,9	   0,0537448	-140,1
     43,1129	    0,052516	-139,5	   0,0536604	-140,3
     43,1149	    0,052379	-138,7	   0,0532469	-139,7
     43,1168	   0,0526861	-139,6	   0,0529354	-139,5
     43,1188	   0,0523559	-139,4	   0,0528976	-139,9
     43,1207	   0,0525609	-139,5	   0,0521853	-139,6
     43,1227	   0,0522192	-138,6	   0,0520491	-139,2
     43,1246	   0,0524747	-139,6	   0,0519216	-139,3
     43,1266	   0,0523839	-139,3	    0,052099	-139,4
     43,1285	   0,0521926	-139,3	   0,0524183	-139,3
     43,1305	   0,0521262	-140,0	    0,052395	-139,3
     43,1325	   0,0519229	-138,9	   0,0524466	-139,8
     43,1344	   0,0517118	-139,1	   0,0522179	-139,5
     43,1364	    0,051293	-139,4	   0,0522403	-139,5
     43,1383	   0,0511422	-138,5	   0,0520932	-139,3
     43,1403	   0,0513129	-138,5	   0,0520521	-139,4
     43,1422	   0,0510483	-138,5	   0,0518999	-140,1
     43,1442	    0,051045	-138,4	   0,0518153	-139,4
     43,1461	   0,0508058	-138,0	   0,0516335	-139,6
     43,1481	   0,0509336	-138,4	   0,0514681	-139,2
       43,15	   0,0507365	-138,1	   0,0513882	-138,6
      43,152	   0,0511078	-138,9	   0,0513405	-138,5
      43,154	   0,0507497	-138,6	   0,0510572	-138,8
     43,1559	    0,050921	-138,9	   0,0508388	-138,7
     43,1579	   0,0506467	-139,3	   0,0509203	-138,8
     43,1598	   0,0505874	-139,1	   0,0509771	-139,6
     43,1618	   0,0505995	-138,4	   0,0508037	-138,8
     43,1637	   0,0503398	-138,0	   0,0506146	-139,1
     43,1657	   0,0496982	-136,9	   0,0504987	-138,4
     43,1676	    0,049632	-138,2	   0,0504822	-138,7
     43,1696	   0,0497724	-138,1	   0,0503722	-138,7
     43,1716	   0,0493724	-138,3	    0,050197	-138,3
     43,1735	   0,0496701	-138,3	    0,050311	-138,6
     43,1755	   0,0492552	-137,1	   0,0500253	-138,4
     43,1774	   0,0496446	-138,3	   0,0499207	-138,0
     43,1794	   0,0494857	-138,4	   0,0497437	-138,2
     43,1813	   0,0490956	-138,1	    0,049697	-138,6
     43,1833	   0,0490256	-138,5	   0,0496139	-138,6
     43,1852	    0,048577	-138,2	   0,0494636	-138,7
     43,1872	   0,0489677	-138,0	   0,0493956	-138,3
     43,1891	   0,0484576	-138,1	   0,0493193	-138,4
     43,1911	   0,0480018	-136,6	   0,0492344	-138,4
     43,1931	   0,0481593	-137,4	   0,0491641	-138,2
      43,195	   0,0484055	-136,6	   0,0488301	-138,2
      43,197	   0,0480502	-136,9	   0,0487504	-137,8
     43,1989	   0,0482548	-137,4	   0,0487957	-138,1
     43,2009	   0,0482946	-138,1	   0,0486769	-138,0
     43,2028	   0,0481973	-137,1	    0,048502	-137,5
     43,2048	   0,0481306	-137,6	   0,0484327	-137,1
     43,2067	   0,0481563	-138,1	   0,0484388	-137,5
     43,2087	   0,0478536	-137,4	   0,0483319	-137,9
     43,2107	   0,0478674	-137,8	   0,0482394	-138,5
     43,2126	    0,047624	-137,6	   0,0480765	-138,0
     43,2146	   0,0466423	-137,0	   0,0478121	-137,6
     43,2165	   0,0471588	-136,6	   0,0477373	-137,2
     43,2185	    0,047319	-137,4	    0,047816	-137,5
     43,2204	   0,0473041	-137,1	   0,0476261	-137,5
     43,2224	   0,0474442	-137,6	   0,0473266	-136,6
     43,2243	   0,0470323	-136,8	    0,047279	-137,6
     43,2263	   0,0471473	-137,9	   0,0472074	-137,2
     43,2282	   0,0470803	-137,8	   0,0472786	-137,3
     43,2302	   0,0467349	-137,5	   0,0472162	-137,6
     43,2322	   0,0467975	-136,9	   0,0471669	-137,0
     43,2341	   0,0467628	-136,6	   0,0471711	-137,2
     43,2361	   0,0464856	-136,9	   0,0469129	-138,0
      43,238	    0,046365	-136,9	   0,0466934	-137,1
       43,24	   0,0462786	-136,7	    0,046568	-137,7
     43,2419	   0,0462693	-137,3	   0,0464497	-136,9
     43,2439	   0,0462307	-136,9	   0,0465146	-136,9
     43,2458	   0,0462643	-137,4	   0,0464956	-136,7
     43,2478	   0,0461082	-137,1	   0,0461869	-136,5
     43,2498	   0,0461525	-136,5	   0,0461666	-136,5
     43,2517	   0,0459354	-136,7	   0,0460553	-137,0
     43,2537	   0,0456181	-136,5	   0,0459823	-137,3
     43,2556	   0,0456046	-137,0	   0,0459414	-137,2
     43,2576	   0,0453859	-136,6	    0,045907	-137,5
     43,2595	   0,0452868	-136,3	   0,0458297	-136,9
     43,2615	   0,0451979	-135,6	   0,0456443	-136,9
     43,2634	   0,0452154	-136,4	   0,0455309	-136,9
     43,2654	   0,0450347	-135,5	   0,0453985	-136,6
     43,2673	   0,0452315	-136,7	   0,0453157	-136,3
     43,2693	    0,045114	-136,8	   0,0452224	-136,6
     43,2713	   0,0449277	-136,3	   0,0451878	-136,9
     43,2732	   0,0448665	-136,4	   0,0450645	-136,5
     43,2752	   0,0446886	-136,1	   0,0449899	-137,1
     43,2771	   0,0446157	-135,9	   0,0449439	-136,6
     43,2791	   0,0444428	-135,7	    0,044828	-136,6
      43,281	   0,0444539	-135,7	   0,0447244	-136,7
      43,283	    0,044398	-136,1	    0,044585	-137,0
     43,2849	   0,0442727	-136,5	   0,0444452	-136,4
     43,2869	   0,0442366	-136,6	   0,0444161	-136,2
     43,2889	   0,0442255	-136,9	   0,0444062	-136,2
     43,2908	   0,0441758	-136,5	   0,0443167	-136,3
     43,2928	   0,0440251	-135,8	   0,0442419	-135,9
     43,2947	   0,0438891	-135,3	   0,0442368	-136,4
     43,2967	   0,0436662	-135,3	   0,0439953	-136,6
     43,2986	   0,0436799	-135,5	    0,043929	-136,4
     43,3006	   0,0436534	-135,5	   0,0438562	-136,7
     43,3025	   0,0435949	-136,4	   0,0436858	-136,3
     43,3045	   0,0434284	-135,9	   0,0435861	-136,3
     43,3064	   0,0434071	-136,3	   0,0433466	-136,1
     43,3084	    0,043227	-135,9	    0,043192	-135,2
     43,3104	   0,0431846	-135,8	    0,043362	-135,6
     43,3123	   0,0430985	-136,1	   0,0430498	-135,9
     43,3143	   0,0430785	-135,7	    0,043252	-136,0
     43,3162	   0,0429453	-135,0	   0,0431232	-135,9
     43,3182	    0,042906	-135,9	   0,0428693	-136,0
     43,3201	   0,0427875	-135,5	   0,0427588	-135,4
     43,3221	   0,0425684	-135,0	   0,0427978	-135,6
      43,324	   0,0426258	-136,0	   0,0427596	-135,7
      43,326	   0,0425596	-135,5	    0,042682	-135,2
      43,328	   0,0425225	-135,5	   0,0425784	-135,5
     43,3299	   0,0423827	-135,6	   0,0425065	-135,4
     43,3319	   0,0423552	-135,3	   0,0423548	-135,5
     43,3338	   0,0421774	-135,8	   0,0423833	-136,2
     43,3358	   0,0420532	-135,2	   0,0423251	-135,6
     43,3377	   0,0419134	-135,0	   0,0421318	-136,0
     43,3397	   0,0418722	-134,9	   0,0420933	-135,6
     43,3416	    0,041866	-135,3	    0,041975	-135,1
     43,3436	   0,0417108	-134,6	   0,0418031	-134,9
     43,3456	   0,0418132	-135,0	   0,0418208	-134,8
     43,3475	   0,0416546	-135,1	   0,0417712	-135,1
     43,3495	   0,0414634	-134,9	   0,0416794	-135,9
     43,3514	   0,0414215	-135,9	   0,0415417	-134,9
     43,3534	   0,0407951	-134,6	   0,0414652	-135,6
     43,3553	   0,0408169	-134,5	   0,0414596	-135,5
     43,3573	   0,0409396	-134,0	   0,0413316	-135,0
     43,3592	     0,04101	-133,9	   0,0412063	-135,1
     43,3612	    0,040985	-135,1	   0,0411641	-134,7
     43,3631	   0,0409332	-135,2	   0,0411809	-134,3
     43,3651	   0,0409806	-135,1	    0,041007	-135,2
     43,3671	   0,0409094	-135,6	   0,0410097	-135,1
      43,369	   0,0407562	-134,9	   0,0408459	-135,5
      43,371	   0,0406082	-134,6	    0,040806	-135,7
     43,3729	   0,0405063	-134,7	    0,040718	-135,1
     43,3749	   0,0403922	-134,6	   0,0406305	-135,1
     43,3768	   0,0404331	-134,4	   0,0405287	-134,8
     43,3788	   0,0403734	-134,4	    0,040369	-135,3
     43,3807	   0,0401953	-135,1	   0,0402305	-134,7
     43,3827	   0,0401926	-135,1	   0,0402275	-134,9
     43,3847	   0,0401404	-134,4	   0,0401733	-134,9
     43,3866	    0,040135	-135,0	   0,0402085	-135,4
     43,3886	   0,0399411	-134,2	   0,0401082	-134,6
     43,3905	   0,0398558	-134,4	   0,0399756	-135,5
     43,3925	   0,0397823	-134,5	   0,0398707	-134,4
     43,3944	   0,0397134	-134,0	   0,0397684	-134,1
     43,3964	   0,0396462	-134,4	   0,0397158	-134,5
     43,3983	   0,0396492	-134,7	   0,0396507	-134,1
     43,4003	   0,0395653	-134,2	   0,0395935	-134,5
     43,4022	   0,0394092	-135,3	   0,0395381	-134,5
     43,4042	      0,0394	-134,6	    0,039493	-134,8
     43,4062	   0,0393141	-134,1	   0,0393858	-135,3
     43,4081	   0,0392089	-133,9	   0,0392331	-135,0
     43,4101	   0,0390214	-133,6	   0,0391498	-134,3
      43,412	   0,0389596	-134,1	   0,0390731	-134,0
      43,414	   0,0389839	-134,5	   0,0389869	-134,0
     43,4159	   0,0389607	-134,1	   0,0389804	-134,4
     43,4179	   0,0388628	-134,4	   0,0389523	-134,1
     43,4198	   0,0386968	-133,8	   0,0389493	-134,2
     43,4218	   0,0385951	-134,5	   0,0387664	-135,1
     43,4238	   0,0385523	-133,9	   0,0386537	-134,4
     43,4257	   0,0385922	-134,4	   0,0385352	-134,8
     43,4277	   0,0384709	-134,1	   0,0384549	-134,2
     43,4296	   0,0383865	-134,4	   0,0384099	-133,5
     43,4316	   0,0382597	-133,9	   0,0382763	-133,7
     43,4335	   0,0381273	-134,0	   0,0382765	-133,7
     43,4355	   0,0374925	-134,1	   0,0382602	-133,6
     43,4374	   0,0375621	-134,0	   0,0382623	-134,1
     43,4394	   0,0379816	-133,9	   0,0381014	-134,7
     43,4413	   0,0378956	-133,0	   0,0378957	-134,8
     43,4433	   0,0377237	-132,8	   0,0378758	-134,2
     43,4453	   0,0377111	-132,6	   0,0378468	-133,7
     43,4472	   0,0375968	-133,3	    0,037705	-133,7
     43,4492	   0,0376324	-134,1	    0,037758	-133,1
     43,4511	   0,0372923	-133,7	   0,0376404	-133,4
     43,4531	   0,0375865	-133,3	   0,0374736	-134,0
      43,455	    0,037405	-132,8	   0,0374615	-133,7
      43,457	   0,0372215	-133,1	   0,0374346	-134,3
     43,4589	   0,0373254	-133,0	   0,0373723	-133,7
     43,4609	   0,0372672	-134,0	    0,037303	-134,0
     43,4629	   0,0372536	-134,1	   0,0372567	-133,4
     43,4648	   0,0370587	-134,1	   0,0371476	-133,9
     43,4668	   0,0369395	-133,9	   0,0370425	-133,1
     43,4687	    0,036989	-133,5	    0,037051	-133,2
     43,4707	   0,0369487	-133,1	   0,0369959	-133,5
     43,4726	   0,0368852	-132,9	   0,0369078	-133,7
     43,4746	   0,0368498	-133,3	    0,036782	-134,1
     43,4765	   0,0367475	-133,1	    0,036608	-133,6
     43,4785	   0,0366743	-133,3	   0,0365657	-133,5
     43,4804	   0,0364961	-134,1	   0,0365952	-133,4
     43,4824	   0,0363927	-133,2	   0,0364858	-133,5
     43,4844	   0,0364911	-133,2	   0,0364604	-133,9
     43,4863	   0,0363954	-133,2	   0,0363584	-133,9
     43,4883	    0,036266	-133,0	   0,0362927	-133,1
     43,4902	   0,0361793	-132,9	   0,0362888	-133,4
     43,4922	   0,0361932	-133,3	   0,0362236	-132,9
     43,4941	   0,0360868	-133,0	   0,0361886	-132,9
     43,4961	   0,0360343	-133,4	   0,0360146	-133,4
      43,498	   0,0359273	-132,9	   0,0359161	-133,4
        43,5	   0,0358773	-132,6	   0,0358971	-133,9

