X-Data [Hz]	Laser (M - Filtered) [m/s]	Phase [Deg]	Laser (M - Filtered) [m/s]	Phase [Deg]	
	002: [06-29-24 10:04]		003: [06-29-24 10:12]	
        33,5	   0,0158776	94,0	   0,0178096	93,8
      33,502	   0,0168965	94,4	   0,0177023	94,4
     33,5039	   0,0171347	92,5	   0,0177202	93,9
     33,5059	   0,0172278	94,6	   0,0175816	95,9
     33,5078	   0,0171687	93,2	   0,0176849	96,0
     33,5098	   0,0172375	94,5	   0,0176606	93,8
     33,5117	    0,017077	93,7	   0,0176621	95,8
     33,5137	    0,017207	94,5	   0,0176142	95,3
     33,5156	   0,0171737	93,2	   0,0177117	94,0
     33,5176	   0,0172815	95,7	   0,0176556	95,3
     33,5196	   0,0173092	92,2	   0,0178129	94,3
     33,5215	   0,0173918	94,6	   0,0179009	94,2
     33,5235	   0,0173616	95,1	   0,0180371	95,5
     33,5254	   0,0173651	94,1	   0,0178811	96,6
     33,5274	   0,0174326	95,2	   0,0178033	95,0
     33,5293	   0,0174678	94,0	   0,0180895	96,2
     33,5313	   0,0176018	94,8	   0,0179263	95,2
     33,5332	   0,0174103	93,1	   0,0178417	94,5
     33,5352	   0,0175578	95,2	   0,0178954	93,7
     33,5371	   0,0175622	92,9	   0,0180075	96,0
     33,5391	   0,0175073	94,7	    0,017995	93,5
     33,5411	   0,0175496	94,5	   0,0179362	94,5
      33,543	   0,0174243	93,0	    0,018103	97,0
      33,545	   0,0173738	94,3	   0,0182425	95,2
     33,5469	   0,0173502	93,0	   0,0181107	96,6
     33,5489	   0,0173153	94,8	   0,0181988	96,4
     33,5508	   0,0175233	93,9	   0,0183081	95,0
     33,5528	   0,0175078	93,9	    0,018274	94,3
     33,5547	   0,0174467	94,1	   0,0182457	95,0
     33,5567	    0,017587	95,2	    0,018352	94,9
     33,5587	   0,0175727	94,0	   0,0183086	95,3
     33,5606	   0,0176576	93,2	   0,0181779	95,9
     33,5626	   0,0177216	94,5	   0,0181077	95,7
     33,5645	    0,017802	93,1	    0,018219	94,7
     33,5665	    0,017697	94,4	   0,0183181	96,1
     33,5684	   0,0178723	95,3	   0,0182573	95,6
     33,5704	   0,0178522	94,1	   0,0184153	93,7
     33,5723	   0,0177956	94,1	   0,0183307	96,4
     33,5743	   0,0177761	94,3	   0,0182891	94,3
     33,5762	   0,0179795	95,5	   0,0183927	94,9
     33,5782	   0,0179521	94,2	   0,0186309	96,1
     33,5802	    0,017948	95,5	   0,0185127	96,2
     33,5821	   0,0179661	94,2	   0,0185126	95,6
     33,5841	   0,0179643	94,1	   0,0185288	97,3
      33,586	   0,0179063	95,0	   0,0186344	95,9
      33,588	   0,0179931	93,1	   0,0186131	94,4
     33,5899	   0,0180639	96,3	   0,0188007	96,7
     33,5919	   0,0178641	94,5	   0,0186908	95,3
     33,5938	    0,017956	93,3	   0,0187308	94,6
     33,5958	   0,0179548	94,9	   0,0185748	95,5
     33,5978	   0,0180534	94,7	   0,0186768	94,8
     33,5997	   0,0179016	96,4	   0,0187916	94,3
     33,6017	    0,018027	95,0	   0,0186746	96,9
     33,6036	    0,018197	93,8	   0,0187859	97,4
     33,6056	   0,0181222	96,1	   0,0188009	95,6
     33,6075	   0,0182057	93,5	   0,0187007	96,9
     33,6095	   0,0182583	96,2	   0,0187165	96,8
     33,6114	    0,018238	95,6	   0,0190306	95,8
     33,6134	    0,018127	93,3	   0,0188638	97,0
     33,6153	   0,0182355	95,3	   0,0189744	95,8
     33,6173	   0,0182049	94,2	   0,0190762	94,6
     33,6193	   0,0181716	94,6	   0,0187829	95,3
     33,6212	   0,0182607	95,6	   0,0188716	96,0
     33,6232	   0,0183665	95,1	    0,018874	96,3
     33,6251	   0,0182349	96,0	   0,0189187	95,1
     33,6271	   0,0184834	94,4	   0,0189963	96,3
      33,629	   0,0184661	94,1	    0,019176	97,2
      33,631	   0,0185435	95,4	   0,0191067	96,9
     33,6329	   0,0185291	94,7	   0,0191603	94,9
     33,6349	   0,0186846	96,0	   0,0191996	95,9
     33,6369	   0,0183558	94,9	   0,0191013	97,2
     33,6388	   0,0185217	95,5	   0,0190508	96,1
     33,6408	   0,0186807	95,8	   0,0191777	95,1
     33,6427	   0,0184007	94,5	   0,0193028	96,7
     33,6447	   0,0183945	95,1	   0,0192425	95,6
     33,6466	   0,0185868	94,8	    0,019224	95,9
     33,6486	   0,0185027	96,6	   0,0193623	97,4
     33,6505	   0,0184185	95,5	    0,019461	97,6
     33,6525	   0,0186363	96,4	   0,0194872	95,7
     33,6544	   0,0185764	95,7	   0,0194581	96,9
     33,6564	   0,0186212	93,7	   0,0193876	97,4
     33,6584	   0,0187773	94,8	   0,0193849	96,0
     33,6603	   0,0188667	96,9	   0,0192986	95,3
     33,6623	   0,0187992	96,0	   0,0194141	97,3
     33,6642	   0,0188704	96,9	   0,0194662	97,7
     33,6662	   0,0187281	96,6	   0,0196225	96,8
     33,6681	   0,0187522	94,6	    0,019634	95,2
     33,6701	   0,0187482	95,4	   0,0195372	96,7
      33,672	   0,0187209	94,7	   0,0196714	96,3
      33,674	   0,0189007	95,5	   0,0195362	95,4
      33,676	   0,0188813	96,8	   0,0195629	96,6
     33,6779	   0,0190665	95,3	   0,0195224	98,0
     33,6799	   0,0188939	96,3	   0,0196047	95,7
     33,6818	   0,0191158	95,9	   0,0197653	96,2
     33,6838	   0,0190591	95,2	   0,0196803	98,6
     33,6857	   0,0188777	94,0	   0,0197637	97,2
     33,6877	   0,0192308	94,9	   0,0198585	96,7
     33,6896	      0,0191	96,9	   0,0198091	97,3
     33,6916	   0,0191574	96,1	   0,0197281	98,3
     33,6936	    0,019284	96,9	   0,0198189	96,2
     33,6955	   0,0191735	96,7	   0,0198248	96,3
     33,6975	   0,0189882	94,8	   0,0198035	97,5
     33,6994	   0,0190859	95,6	    0,020094	97,9
     33,7014	   0,0191326	95,2	   0,0200201	97,3
     33,7033	   0,0192385	94,9	   0,0201421	96,1
     33,7053	   0,0194316	96,7	    0,020145	98,5
     33,7072	   0,0193645	96,6	    0,019986	98,0
     33,7092	   0,0194124	96,2	   0,0199945	96,4
     33,7111	   0,0194445	96,6	   0,0199913	96,4
     33,7131	   0,0192636	95,6	   0,0200036	98,2
     33,7151	   0,0194937	96,9	   0,0202895	98,1
      33,717	   0,0193276	96,0	   0,0202666	96,3
      33,719	   0,0193898	95,4	   0,0203874	97,1
     33,7209	   0,0194459	96,2	   0,0202398	97,9
     33,7229	   0,0194986	96,5	   0,0201657	97,2
     33,7248	   0,0195768	96,2	   0,0202652	95,9
     33,7268	   0,0197336	97,9	   0,0202433	97,8
     33,7287	   0,0196299	97,0	   0,0204218	96,2
     33,7307	   0,0195024	95,4	   0,0204313	97,7
     33,7327	   0,0197887	96,7	   0,0202668	98,1
     33,7346	   0,0195037	95,2	   0,0202603	95,8
     33,7366	   0,0196472	95,8	   0,0203483	96,2
     33,7385	   0,0196107	96,6	   0,0205583	98,3
     33,7405	   0,0196393	95,6	   0,0205461	98,8
     33,7424	   0,0198718	96,6	   0,0205726	95,9
     33,7444	   0,0199027	98,1	   0,0206375	96,5
     33,7463	   0,0197327	96,6	   0,0205457	98,4
     33,7483	   0,0197086	95,3	   0,0205829	98,9
     33,7502	   0,0196729	96,5	   0,0207114	98,9
     33,7522	   0,0197681	95,7	    0,020788	97,0
     33,7542	    0,019922	95,7	   0,0207503	98,1
     33,7561	   0,0201522	96,6	   0,0208606	98,3
     33,7581	   0,0200198	97,8	   0,0206267	98,6
       33,76	   0,0201181	96,3	   0,0208024	98,1
      33,762	   0,0199455	97,5	    0,020886	98,0
     33,7639	   0,0199471	96,9	   0,0209946	97,2
     33,7659	   0,0200823	95,0	    0,020971	99,2
     33,7678	   0,0199426	97,8	   0,0208009	97,9
     33,7698	   0,0202028	95,8	   0,0209057	97,8
     33,7718	   0,0202835	95,1	   0,0208612	98,1
     33,7737	   0,0202221	96,9	   0,0210515	98,5
     33,7757	   0,0201339	98,6	   0,0211327	99,6
     33,7776	   0,0203643	97,3	   0,0210541	98,3
     33,7796	   0,0203782	95,4	   0,0210013	98,0
     33,7815	   0,0204354	98,0	   0,0212463	98,4
     33,7835	   0,0203937	97,7	   0,0211555	97,3
     33,7854	   0,0204916	95,9	   0,0213803	99,9
     33,7874	   0,0205037	98,0	   0,0212439	98,0
     33,7893	   0,0204777	96,6	   0,0211385	98,0
     33,7913	   0,0205017	97,2	   0,0212134	97,8
     33,7933	   0,0203635	97,4	   0,0212214	99,3
     33,7952	   0,0204611	96,0	   0,0214302	99,7
     33,7972	   0,0204166	97,4	   0,0214137	99,2
     33,7991	   0,0206478	98,0	   0,0214122	98,5
     33,8011	   0,0206003	96,4	   0,0214934	98,5
      33,803	    0,020664	98,6	   0,0215176	98,0
      33,805	   0,0207952	97,2	    0,021557	99,9
     33,8069	   0,0206136	96,7	    0,021629	98,6
     33,8089	   0,0205784	97,7	   0,0214286	99,2
     33,8109	   0,0205773	97,3	   0,0215654	98,4
     33,8128	   0,0207533	96,2	   0,0214829	100,5
     33,8148	   0,0210238	97,8	   0,0217362	100,0
     33,8167	   0,0208706	96,7	   0,0218654	99,1
     33,8187	   0,0209812	97,6	   0,0216288	98,6
     33,8206	   0,0209764	98,5	   0,0217244	99,6
     33,8226	   0,0208266	99,2	    0,021653	99,8
     33,8245	   0,0209359	96,5	    0,021917	100,6
     33,8265	   0,0211331	96,5	   0,0218571	99,8
     33,8284	   0,0211376	98,2	   0,0217939	99,0
     33,8304	   0,0210942	98,9	   0,0219129	98,9
     33,8324	   0,0210454	96,8	   0,0216737	99,9
     33,8343	   0,0211159	98,9	   0,0220977	100,4
     33,8363	   0,0211039	96,9	   0,0221768	100,1
     33,8382	   0,0212603	96,1	   0,0219381	100,7
     33,8402	   0,0213624	98,9	   0,0221062	98,0
     33,8421	   0,0213735	98,9	   0,0220831	99,9
     33,8441	   0,0213429	97,3	   0,0223199	99,9
      33,846	   0,0212631	96,8	     0,02211	99,9
      33,848	   0,0214149	98,1	   0,0220641	100,5
       33,85	   0,0216192	98,1	   0,0222345	98,3
     33,8519	   0,0214682	97,4	   0,0222878	99,3
     33,8539	   0,0213907	98,1	   0,0223513	99,5
     33,8558	   0,0214263	98,2	   0,0224818	100,2
     33,8578	   0,0215873	99,1	   0,0223807	98,7
     33,8597	   0,0216715	97,0	   0,0223721	98,5
     33,8617	   0,0216849	97,9	   0,0222992	99,6
     33,8636	    0,021686	99,0	   0,0224329	99,9
     33,8656	   0,0215059	98,8	   0,0226175	99,0
     33,8675	    0,021779	98,4	   0,0226515	99,1
     33,8695	   0,0218033	97,4	   0,0224823	99,1
     33,8715	    0,021831	99,9	   0,0225557	100,9
     33,8734	    0,021835	98,5	    0,022563	101,0
     33,8754	   0,0217892	97,4	   0,0228036	101,6
     33,8773	   0,0220235	97,1	   0,0227555	100,2
     33,8793	   0,0221105	98,3	   0,0227474	100,5
     33,8812	   0,0221031	97,7	   0,0230163	100,1
     33,8832	   0,0221759	97,0	   0,0229009	101,1
     33,8851	   0,0218076	100,5	   0,0230086	100,4
     33,8871	   0,0219482	98,0	   0,0228795	100,9
     33,8891	   0,0221435	97,4	   0,0231234	101,6
      33,891	   0,0222227	97,6	   0,0230149	99,1
      33,893	    0,021962	98,5	    0,023094	99,6
     33,8949	   0,0221066	99,1	   0,0230272	98,5
     33,8969	   0,0222688	97,6	   0,0231496	99,9
     33,8988	   0,0223488	97,7	   0,0231889	102,5
     33,9008	   0,0222813	97,8	   0,0232832	100,6
     33,9027	   0,0224473	98,5	   0,0233718	99,6
     33,9047	   0,0223797	98,7	    0,023257	98,8
     33,9066	   0,0224911	98,2	   0,0234338	100,3
     33,9086	   0,0224022	98,2	   0,0234206	101,2
     33,9106	   0,0223829	99,0	   0,0235672	101,4
     33,9125	   0,0224761	98,8	   0,0233705	101,7
     33,9145	   0,0225814	98,3	    0,023485	101,5
     33,9164	   0,0226445	99,8	   0,0235823	100,4
     33,9184	   0,0226109	97,6	   0,0236916	101,7
     33,9203	   0,0226854	99,2	    0,023757	102,0
     33,9223	   0,0226769	100,5	   0,0235615	102,0
     33,9242	    0,022868	98,8	    0,023761	100,1
     33,9262	   0,0228088	99,5	   0,0237585	101,0
     33,9282	   0,0227022	100,4	   0,0239424	101,1
     33,9301	    0,022724	98,1	   0,0239746	102,5
     33,9321	   0,0230158	98,4	   0,0240171	100,2
      33,934	   0,0230787	99,7	    0,023848	100,2
      33,936	   0,0229585	101,0	   0,0239595	100,4
     33,9379	   0,0230518	98,8	   0,0240607	101,6
     33,9399	    0,023008	100,1	   0,0242682	102,2
     33,9418	   0,0230444	101,0	   0,0243218	102,0
     33,9438	   0,0234047	100,4	   0,0240408	100,7
     33,9457	   0,0230807	98,7	   0,0242953	102,9
     33,9477	    0,023264	100,5	   0,0243055	103,3
     33,9497	    0,023224	101,6	   0,0244644	103,3
     33,9516	   0,0232051	98,7	   0,0244116	101,1
     33,9536	   0,0232623	99,7	   0,0245517	102,2
     33,9555	   0,0235156	101,9	   0,0244427	101,8
     33,9575	   0,0233998	100,2	    0,024495	102,8
     33,9594	   0,0235527	99,9	   0,0246116	103,4
     33,9614	   0,0233466	100,1	   0,0247455	100,9
     33,9633	   0,0236147	101,3	   0,0246536	101,0
     33,9653	   0,0236623	101,2	   0,0245511	101,3
     33,9673	   0,0237517	100,1	   0,0246824	102,7
     33,9692	   0,0237394	100,4	   0,0248246	103,0
     33,9712	   0,0236884	100,4	   0,0251013	102,8
     33,9731	   0,0237419	102,2	   0,0250046	100,7
     33,9751	   0,0236908	101,7	    0,024922	103,0
      33,977	   0,0237807	100,1	   0,0249925	103,0
      33,979	   0,0238088	100,8	   0,0252659	102,7
     33,9809	   0,0239521	102,1	   0,0250834	103,6
     33,9829	   0,0241504	99,7	   0,0251125	103,8
     33,9848	    0,023978	99,8	   0,0253668	102,3
     33,9868	   0,0240479	100,5	     0,02527	102,3
     33,9888	   0,0243641	100,2	    0,025161	101,7
     33,9907	   0,0240465	100,1	   0,0253245	102,5
     33,9927	   0,0244001	101,1	     0,02543	104,2
     33,9946	    0,024331	100,7	   0,0255575	103,8
     33,9966	   0,0244408	99,8	   0,0255936	102,8
     33,9985	   0,0242792	100,1	   0,0257574	103,8
     34,0005	   0,0245372	99,0	   0,0256011	103,2
     34,0024	   0,0245344	101,4	   0,0258263	103,5
     34,0044	   0,0245603	101,7	     0,02581	103,9
     34,0064	   0,0243682	100,6	   0,0257875	105,1
     34,0083	   0,0246644	100,0	   0,0258785	104,6
     34,0103	   0,0247157	101,3	   0,0260231	103,3
     34,0122	    0,024805	102,0	   0,0258357	102,3
     34,0142	   0,0246874	100,7	   0,0258141	102,5
     34,0161	   0,0248383	101,2	   0,0261444	102,6
     34,0181	   0,0246943	102,7	   0,0259826	104,6
       34,02	   0,0249016	102,8	   0,0262374	105,0
      34,022	    0,024852	103,0	   0,0261371	104,3
     34,0239	   0,0248856	100,8	   0,0261873	105,3
     34,0259	   0,0251576	100,9	   0,0262238	103,8
     34,0279	   0,0251474	102,6	   0,0263961	102,3
     34,0298	   0,0251329	103,7	    0,026272	103,4
     34,0318	   0,0251614	102,5	   0,0265856	103,1
     34,0337	   0,0251882	102,4	   0,0263352	102,8
     34,0357	   0,0253199	101,4	   0,0265187	105,5
     34,0376	   0,0253779	102,7	   0,0264782	104,8
     34,0396	   0,0253991	102,6	   0,0268529	105,7
     34,0415	   0,0255073	103,0	   0,0269684	103,6
     34,0435	   0,0256452	101,5	   0,0267459	103,9
     34,0455	   0,0255804	101,3	   0,0266662	103,5
     34,0474	   0,0255513	102,7	   0,0270065	103,0
     34,0494	    0,025736	103,5	   0,0269225	104,1
     34,0513	   0,0257554	102,7	   0,0268796	104,8
     34,0533	    0,025657	102,2	   0,0271171	106,1
     34,0552	   0,0259631	101,9	   0,0271716	106,3
     34,0572	   0,0260033	101,6	   0,0271823	106,8
     34,0591	   0,0259065	103,1	   0,0272521	105,1
     34,0611	    0,025856	103,7	   0,0274138	104,0
      34,063	   0,0259729	104,5	   0,0272353	104,1
      34,065	   0,0259161	103,6	   0,0275222	104,5
      34,067	   0,0260745	102,5	    0,027427	104,3
     34,0689	   0,0263104	102,3	   0,0275086	106,3
     34,0709	   0,0263871	103,8	   0,0275338	105,1
     34,0728	    0,026176	103,8	   0,0276494	105,6
     34,0748	   0,0264307	104,3	    0,027661	105,4
     34,0767	   0,0265588	103,4	   0,0276494	106,1
     34,0787	   0,0264623	102,4	     0,02773	105,8
     34,0806	    0,026361	101,9	    0,027747	105,8
     34,0826	   0,0266727	103,1	   0,0278394	106,6
     34,0846	    0,026667	104,5	   0,0280094	104,3
     34,0865	   0,0267739	103,6	   0,0282154	105,4
     34,0885	   0,0267777	103,6	   0,0280959	105,2
     34,0904	   0,0269195	103,5	   0,0281868	105,0
     34,0924	   0,0268806	102,8	   0,0283655	104,6
     34,0943	   0,0268442	102,3	   0,0282709	107,6
     34,0963	   0,0271383	104,9	   0,0283684	107,3
     34,0982	   0,0271293	104,6	   0,0285428	106,9
     34,1002	   0,0271482	105,8	   0,0284364	107,9
     34,1021	   0,0273046	104,5	   0,0283284	106,3
     34,1041	   0,0271561	105,0	   0,0284717	105,9
     34,1061	   0,0274483	104,7	   0,0287534	106,2
      34,108	    0,027543	103,3	   0,0287724	106,2
       34,11	   0,0272862	103,4	   0,0286307	107,5
     34,1119	    0,027431	104,3	   0,0289447	106,8
     34,1139	   0,0275801	105,4	   0,0288407	106,5
     34,1158	   0,0277355	105,6	   0,0289147	107,6
     34,1178	   0,0276405	103,2	   0,0290362	108,1
     34,1197	   0,0280866	103,3	   0,0291994	108,1
     34,1217	   0,0279353	105,4	   0,0291954	108,7
     34,1237	   0,0277477	105,1	   0,0292386	106,5
     34,1256	    0,027915	105,4	   0,0294711	106,7
     34,1276	   0,0281577	106,2	   0,0293628	106,7
     34,1295	   0,0279891	105,6	   0,0295958	106,9
     34,1315	   0,0280956	103,7	    0,029544	107,1
     34,1334	   0,0282193	103,9	   0,0296018	108,1
     34,1354	   0,0281937	104,8	   0,0296914	107,9
     34,1373	   0,0283395	104,8	   0,0299006	107,0
     34,1393	     0,02854	106,3	   0,0296944	107,5
     34,1413	   0,0286137	105,8	   0,0297304	109,5
     34,1432	    0,028436	105,2	   0,0301948	109,6
     34,1452	   0,0286116	105,4	   0,0300395	109,6
     34,1471	   0,0288248	106,1	   0,0303038	109,6
     34,1491	   0,0287871	106,9	   0,0302906	109,2
      34,151	   0,0287007	107,0	   0,0304212	108,1
      34,153	     0,02902	107,4	   0,0302718	108,9
     34,1549	   0,0288844	106,7	   0,0305744	109,7
     34,1569	   0,0289195	105,1	    0,030613	108,3
     34,1588	   0,0291733	104,6	   0,0306034	108,2
     34,1608	   0,0292123	105,5	   0,0307921	108,5
     34,1628	   0,0293671	105,2	   0,0308528	108,8
     34,1647	   0,0295979	107,2	   0,0309253	110,5
     34,1667	   0,0293917	108,5	   0,0309929	110,6
     34,1686	   0,0294551	107,8	   0,0311313	110,8
     34,1706	   0,0295248	108,2	   0,0310962	110,7
     34,1725	   0,0296621	107,3	   0,0311216	108,9
     34,1745	   0,0298081	106,2	   0,0313492	108,5
     34,1764	   0,0299179	105,7	   0,0314403	108,7
     34,1784	    0,029748	106,6	   0,0314705	110,9
     34,1804	   0,0300358	106,1	   0,0315825	110,8
     34,1823	    0,030177	107,9	   0,0316943	109,9
     34,1843	   0,0302082	108,7	   0,0317488	109,9
     34,1862	   0,0302479	109,0	   0,0318603	110,2
     34,1882	   0,0302742	109,2	   0,0319982	111,6
     34,1901	   0,0302267	107,6	   0,0319353	112,0
     34,1921	   0,0303411	106,9	   0,0321266	111,2
      34,194	   0,0306067	107,7	   0,0321724	110,2
      34,196	   0,0304998	106,9	   0,0324114	111,9
     34,1979	   0,0306756	107,9	   0,0325026	112,6
     34,1999	   0,0308364	109,2	   0,0323897	112,6
     34,2019	   0,0307382	109,0	   0,0325861	112,6
     34,2038	   0,0309397	108,8	   0,0327149	110,7
     34,2058	    0,030823	108,8	     0,03263	111,0
     34,2077	   0,0314055	108,7	   0,0329363	112,4
     34,2097	   0,0313632	110,1	    0,032853	113,8
     34,2116	   0,0311478	110,0	   0,0330908	113,7
     34,2136	   0,0313306	109,4	   0,0331748	112,7
     34,2155	   0,0314796	109,5	   0,0330365	111,8
     34,2175	   0,0315172	109,0	   0,0332128	112,3
     34,2195	   0,0316746	108,3	   0,0334332	112,4
     34,2214	   0,0317347	108,6	   0,0333642	112,4
     34,2234	   0,0317429	108,3	    0,033421	113,1
     34,2253	   0,0319494	110,7	   0,0336706	111,9
     34,2273	   0,0320849	111,0	    0,033572	112,0
     34,2292	   0,0319891	110,5	   0,0337582	115,3
     34,2312	   0,0321965	111,0	   0,0340449	113,9
     34,2331	   0,0322349	109,5	   0,0339921	113,2
     34,2351	   0,0321885	109,1	   0,0344095	112,4
      34,237	   0,0325356	110,1	   0,0343411	114,1
      34,239	   0,0324499	110,0	    0,034246	115,1
      34,241	   0,0326679	109,7	   0,0345535	115,6
     34,2429	   0,0329029	111,2	   0,0345091	115,9
     34,2449	    0,032733	110,3	   0,0345407	115,5
     34,2468	   0,0329151	109,9	   0,0348362	115,3
     34,2488	    0,032913	109,8	   0,0347397	116,1
     34,2507	   0,0334393	110,0	   0,0349198	116,5
     34,2527	   0,0334709	112,5	   0,0349708	116,0
     34,2546	   0,0331928	112,0	   0,0350289	116,9
     34,2566	   0,0333891	112,0	    0,035384	115,8
     34,2586	   0,0333508	112,2	   0,0352102	116,9
     34,2605	    0,033509	112,6	    0,035357	116,7
     34,2625	   0,0337858	112,4	    0,035729	117,0
     34,2644	    0,033635	112,0	   0,0357114	117,2
     34,2664	   0,0340737	112,4	   0,0359218	116,3
     34,2683	    0,034151	111,1	   0,0359431	117,5
     34,2703	   0,0340649	112,0	   0,0359346	117,6
     34,2722	   0,0343644	112,3	   0,0362016	118,1
     34,2742	   0,0342624	111,7	   0,0361227	116,4
     34,2761	   0,0344348	112,9	    0,036401	117,6
     34,2781	   0,0344434	113,2	   0,0366296	117,1
     34,2801	   0,0345499	112,9	   0,0364953	117,9
      34,282	   0,0347741	113,1	   0,0367273	118,7
      34,284	   0,0346888	113,3	   0,0366864	118,3
     34,2859	   0,0349859	114,7	    0,036915	119,2
     34,2879	   0,0353113	115,3	   0,0370217	118,5
     34,2898	   0,0350657	115,3	   0,0371301	119,4
     34,2918	   0,0353586	115,2	   0,0373775	117,9
     34,2937	   0,0354114	115,5	   0,0374829	117,3
     34,2957	   0,0354615	114,5	   0,0374038	119,1
     34,2977	   0,0357434	115,4	   0,0375263	119,0
     34,2996	   0,0357485	115,9	   0,0375775	118,7
     34,3016	   0,0358242	116,6	   0,0379706	120,2
     34,3035	   0,0360681	116,1	   0,0378162	120,9
     34,3055	   0,0361108	113,6	   0,0381074	120,8
     34,3074	   0,0360691	115,1	   0,0380484	120,6
     34,3094	   0,0363313	115,8	   0,0384727	120,3
     34,3113	     0,03625	116,6	   0,0385151	121,3
     34,3133	   0,0366018	117,7	   0,0385783	120,6
     34,3153	   0,0365246	117,9	   0,0388276	121,5
     34,3172	   0,0366962	115,5	   0,0386683	121,4
     34,3192	   0,0369036	115,6	   0,0389925	119,9
     34,3211	   0,0368291	115,5	   0,0389494	121,4
     34,3231	   0,0369746	117,1	   0,0393051	121,4
      34,325	    0,037386	116,6	   0,0393159	121,7
      34,327	   0,0374575	116,4	   0,0394684	120,8
     34,3289	   0,0377069	117,5	   0,0394842	120,5
     34,3309	   0,0377622	119,1	   0,0397289	120,7
     34,3328	   0,0376222	119,6	   0,0399181	121,4
     34,3348	   0,0378858	118,7	   0,0398297	121,7
     34,3368	   0,0379379	117,4	   0,0401438	122,4
     34,3387	    0,038233	118,2	   0,0401778	122,0
     34,3407	   0,0382213	120,5	    0,040146	122,3
     34,3426	   0,0384879	119,3	   0,0405875	122,4
     34,3446	   0,0385327	119,3	   0,0404963	123,3
     34,3465	   0,0388649	118,6	   0,0407311	124,1
     34,3485	   0,0387969	118,2	   0,0407225	125,9
     34,3504	   0,0391187	118,1	   0,0409894	123,9
     34,3524	   0,0392578	120,6	   0,0410387	124,5
     34,3544	   0,0392914	119,7	   0,0413266	125,9
     34,3563	   0,0392693	119,3	   0,0411776	126,1
     34,3583	   0,0395621	119,3	   0,0414798	124,3
     34,3602	   0,0396104	120,0	   0,0415204	125,4
     34,3622	   0,0396295	121,6	   0,0415817	126,6
     34,3641	   0,0399194	121,9	   0,0416718	124,8
     34,3661	   0,0400887	122,3	   0,0419365	125,5
      34,368	   0,0401434	122,4	   0,0419175	126,8
       34,37	   0,0403697	123,4	   0,0421967	128,2
     34,3719	   0,0401453	122,9	   0,0423565	127,9
     34,3739	   0,0403721	122,9	   0,0424954	127,4
     34,3759	   0,0406156	121,7	   0,0425085	128,3
     34,3778	   0,0406767	122,1	   0,0426516	129,4
     34,3798	    0,040983	121,9	   0,0426792	127,7
     34,3817	   0,0410102	122,5	    0,042805	129,6
     34,3837	   0,0410801	123,6	   0,0431051	129,2
     34,3856	   0,0414988	122,1	    0,043056	128,8
     34,3876	   0,0415189	123,5	    0,043349	127,9
     34,3895	   0,0417748	122,9	   0,0434978	129,5
     34,3915	   0,0418391	124,5	   0,0436371	129,0
     34,3935	   0,0418757	124,6	   0,0435091	128,8
     34,3954	   0,0422024	125,4	   0,0438347	129,0
     34,3974	   0,0420233	125,0	   0,0438562	130,8
     34,3993	   0,0422478	126,1	   0,0440667	131,8
     34,4013	    0,042357	126,7	   0,0440159	131,0
     34,4032	   0,0425222	126,5	   0,0443596	132,2
     34,4052	   0,0425495	126,8	   0,0443259	132,5
     34,4071	   0,0425789	127,1	   0,0446175	132,7
     34,4091	   0,0428473	127,4	   0,0447733	133,3
      34,411	   0,0429218	128,0	   0,0446918	133,8
      34,413	   0,0433144	127,7	   0,0450302	133,4
      34,415	   0,0432118	129,1	   0,0450337	132,8
     34,4169	   0,0435804	128,7	   0,0453192	133,9
     34,4189	   0,0436736	129,0	   0,0452523	134,3
     34,4208	   0,0438959	128,9	   0,0454471	133,0
     34,4228	   0,0438786	127,9	   0,0453533	133,0
     34,4247	   0,0442377	128,1	   0,0456025	133,4
     34,4267	   0,0440835	128,4	   0,0456769	133,0
     34,4286	   0,0443739	128,9	   0,0459434	134,0
     34,4306	   0,0443641	129,6	   0,0459201	135,2
     34,4326	   0,0447525	128,9	   0,0462503	137,1
     34,4345	   0,0446783	130,1	   0,0461957	136,0
     34,4365	   0,0447803	129,8	   0,0461715	135,0
     34,4384	   0,0449313	130,3	   0,0462192	137,1
     34,4404	   0,0450205	130,0	   0,0465016	136,5
     34,4423	   0,0451039	133,0	   0,0464833	135,7
     34,4443	   0,0452171	131,1	   0,0468263	137,2
     34,4462	   0,0455843	131,2	   0,0468027	139,2
     34,4482	    0,045503	132,1	   0,0470305	138,0
     34,4501	   0,0457439	133,5	   0,0469369	138,7
     34,4521	   0,0458757	134,2	   0,0472468	139,7
     34,4541	   0,0457914	133,6	   0,0470937	139,1
      34,456	    0,046226	132,9	   0,0472197	138,2
      34,458	   0,0461975	134,8	   0,0473828	138,1
     34,4599	   0,0463908	134,7	   0,0475968	139,1
     34,4619	   0,0464558	135,1	   0,0475129	139,5
     34,4638	   0,0465082	136,7	   0,0477343	140,5
     34,4658	   0,0467765	136,2	   0,0478314	142,5
     34,4677	   0,0468325	135,9	   0,0477168	142,0
     34,4697	   0,0471025	135,3	   0,0478425	142,5
     34,4717	   0,0472334	135,6	   0,0481307	142,7
     34,4736	   0,0473326	137,3	   0,0482418	141,2
     34,4756	   0,0471111	136,1	   0,0482206	141,3
     34,4775	   0,0475583	136,1	   0,0484373	143,4
     34,4795	   0,0475234	137,0	   0,0485411	144,4
     34,4814	   0,0476247	139,2	    0,048686	144,8
     34,4834	   0,0477048	137,4	   0,0484972	144,9
     34,4853	    0,048014	137,7	   0,0488423	143,8
     34,4873	   0,0479472	139,5	   0,0487483	143,6
     34,4892	   0,0482932	140,8	   0,0487421	143,8
     34,4912	   0,0482406	140,6	   0,0488864	144,6
     34,4932	   0,0484134	140,6	   0,0490802	143,8
     34,4951	   0,0482907	141,3	   0,0489674	145,7
     34,4971	   0,0487014	142,1	   0,0490978	147,2
      34,499	   0,0486743	142,2	   0,0493277	145,6
      34,501	   0,0487226	141,8	   0,0491736	145,8
     34,5029	    0,048727	143,7	   0,0492317	147,1
     34,5049	   0,0490201	142,0	    0,049375	146,1
     34,5068	   0,0490917	144,2	   0,0495666	146,9
     34,5088	    0,049087	143,7	   0,0493343	148,2
     34,5108	    0,049377	144,9	   0,0494878	147,1
     34,5127	   0,0493254	144,7	   0,0497929	148,6
     34,5147	   0,0496318	144,7	   0,0498809	150,1
     34,5166	   0,0494347	145,6	   0,0496641	149,4
     34,5186	   0,0497298	145,5	   0,0499869	150,5
     34,5205	   0,0494489	143,6	   0,0499526	150,7
     34,5225	   0,0498948	144,4	   0,0499834	149,5
     34,5244	   0,0497861	145,9	   0,0499305	149,4
     34,5264	   0,0500222	145,1	   0,0498913	151,0
     34,5283	    0,049783	145,5	   0,0500366	149,5
     34,5303	   0,0498809	148,0	   0,0501622	150,8
     34,5323	   0,0500801	147,9	   0,0501635	152,5
     34,5342	    0,050264	147,3	   0,0501787	150,8
     34,5362	   0,0501927	148,4	   0,0504716	152,0
     34,5381	   0,0500916	149,2	   0,0501714	154,0
     34,5401	   0,0504263	147,3	   0,0503982	154,1
      34,542	   0,0503319	147,6	   0,0502768	153,6
      34,544	   0,0504788	149,4	   0,0504648	154,6
     34,5459	   0,0504513	148,1	   0,0503925	153,8
     34,5479	   0,0506109	151,0	   0,0506385	153,0
     34,5499	   0,0506881	151,2	   0,0505801	155,0
     34,5518	   0,0505961	152,5	   0,0507797	154,1
     34,5538	   0,0505589	151,5	   0,0506119	154,7
     34,5557	   0,0507962	153,0	   0,0507414	155,0
     34,5577	   0,0509504	151,5	   0,0504826	154,6
     34,5596	   0,0507696	151,3	   0,0506819	156,5
     34,5616	   0,0508469	152,8	   0,0505458	157,7
     34,5635	   0,0508769	151,6	   0,0506456	156,6
     34,5655	   0,0510625	152,4	   0,0504725	158,0
     34,5674	   0,0509643	154,2	   0,0506588	156,9
     34,5694	   0,0509101	154,6	   0,0504771	156,9
     34,5714	   0,0512355	154,0	   0,0508316	156,6
     34,5733	   0,0511013	156,4	   0,0506939	157,8
     34,5753	   0,0512294	154,7	   0,0508815	157,2
     34,5772	   0,0511771	154,9	   0,0506787	160,1
     34,5792	   0,0512308	155,7	   0,0509067	160,3
     34,5811	   0,0513143	157,0	   0,0507441	159,9
     34,5831	     0,05133	155,2	   0,0509962	160,4
      34,585	   0,0511582	156,3	   0,0507435	159,8
      34,587	   0,0514267	156,3	   0,0508474	159,4
      34,589	     0,05126	156,3	   0,0506669	160,7
     34,5909	   0,0514889	158,4	   0,0509065	159,5
     34,5929	    0,051159	159,3	   0,0507068	160,5
     34,5948	   0,0513945	159,7	   0,0507664	161,5
     34,5968	   0,0512344	159,4	    0,050548	161,5
     34,5987	   0,0513922	159,9	   0,0506828	162,8
     34,6007	   0,0514086	158,8	   0,0505477	164,3
     34,6026	   0,0511955	159,5	   0,0506705	163,8
     34,6046	   0,0511901	161,7	   0,0505952	164,4
     34,6065	   0,0511322	162,1	   0,0507527	163,3
     34,6085	   0,0513188	162,3	   0,0506962	163,3
     34,6105	   0,0512818	161,9	   0,0507278	163,0
     34,6124	   0,0512857	163,1	   0,0504678	163,2
     34,6144	   0,0512032	163,9	   0,0507437	164,4
     34,6163	   0,0514421	163,5	   0,0505349	166,5
     34,6183	   0,0514476	161,0	   0,0507389	164,9
     34,6202	   0,0514149	161,9	   0,0504003	165,7
     34,6222	   0,0512272	162,5	   0,0504881	167,5
     34,6241	   0,0513915	162,1	   0,0502483	167,4
     34,6261	   0,0512766	164,1	   0,0505226	169,0
     34,6281	   0,0510768	165,1	   0,0502041	167,1
       34,63	   0,0511014	164,3	    0,050455	166,0
      34,632	   0,0511328	165,8	   0,0503813	166,2
     34,6339	    0,051148	166,0	    0,050404	166,7
     34,6359	   0,0509928	166,5	   0,0502544	169,5
     34,6378	   0,0510747	167,2	   0,0499586	169,8
     34,6398	   0,0509817	166,3	   0,0501742	167,2
     34,6417	   0,0511919	165,3	   0,0501138	169,6
     34,6437	   0,0509793	165,7	   0,0503183	168,6
     34,6456	   0,0511384	166,0	   0,0500749	170,5
     34,6476	   0,0508923	166,6	   0,0498984	171,1
     34,6496	   0,0510219	167,2	   0,0499878	172,0
     34,6515	    0,050861	166,9	   0,0499369	171,5
     34,6535	   0,0509647	168,9	   0,0499581	171,2
     34,6554	   0,0508483	169,5	   0,0498362	171,8
     34,6574	   0,0506723	169,9	   0,0497255	171,5
     34,6593	   0,0507701	168,8	   0,0495891	170,2
     34,6613	   0,0505273	170,3	   0,0496166	173,6
     34,6632	   0,0505791	168,7	   0,0495912	172,1
     34,6652	    0,050429	169,5	   0,0494897	172,4
     34,6672	   0,0507047	171,4	    0,049355	173,1
     34,6691	     0,05052	170,6	   0,0493919	171,6
     34,6711	   0,0506245	173,4	   0,0492951	172,7
      34,673	   0,0504093	172,7	   0,0494702	172,0
      34,675	   0,0505212	173,2	   0,0493625	175,1
     34,6769	   0,0502506	172,4	   0,0491053	175,0
     34,6789	    0,050136	172,1	   0,0492184	176,0
     34,6808	   0,0501918	171,2	   0,0489348	175,5
     34,6828	    0,050057	173,6	   0,0490163	173,7
     34,6847	   0,0499346	171,4	    0,049018	176,9
     34,6867	   0,0500582	172,6	   0,0488765	176,1
     34,6887	   0,0497882	172,9	   0,0487906	174,0
     34,6906	   0,0496938	174,6	   0,0485724	175,6
     34,6926	   0,0499789	175,9	   0,0486171	175,3
     34,6945	   0,0496883	175,7	   0,0486512	177,7
     34,6965	   0,0495882	174,7	   0,0485083	178,2
     34,6984	   0,0497267	175,7	   0,0485982	178,6
     34,7004	   0,0495402	175,0	    0,048256	178,4
     34,7023	   0,0496511	176,8	   0,0482861	176,0
     34,7043	   0,0497974	177,8	   0,0484897	178,8
     34,7063	   0,0499357	177,9	   0,0482622	177,6
     34,7082	   0,0493977	178,4	   0,0481721	179,9
     34,7102	   0,0493525	178,9	   0,0479472	179,4
     34,7121	   0,0492146	176,7	   0,0477618	177,4
     34,7141	   0,0491745	177,2	   0,0478539	178,4
      34,716	   0,0491852	176,9	   0,0477865	179,0
      34,718	   0,0489142	178,5	   0,0478561	181,5
     34,7199	   0,0488842	180,7	   0,0477144	179,6
     34,7219	   0,0486972	177,4	   0,0474914	180,3
     34,7239	   0,0486251	178,8	   0,0477344	180,5
     34,7258	    0,048718	178,1	   0,0474183	181,3
     34,7278	   0,0485233	178,5	    0,047421	182,5
     34,7297	   0,0484043	181,6	   0,0472714	180,2
     34,7317	   0,0484183	180,2	   0,0472314	182,0
     34,7336	   0,0482882	179,7	   0,0470555	180,9
     34,7356	   0,0480433	180,1	   0,0469729	182,3
     34,7375	   0,0480075	179,8	   0,0469316	181,9
     34,7395	   0,0478613	181,9	   0,0466394	183,7
     34,7414	     0,04802	181,8	   0,0466813	182,3
     34,7434	   0,0477938	183,4	   0,0465586	183,2
     34,7454	   0,0478877	182,6	   0,0465026	185,3
     34,7473	   0,0478199	180,5	   0,0463812	183,3
     34,7493	   0,0475976	183,4	   0,0464487	184,8
     34,7512	   0,0476134	183,0	   0,0462267	183,7
     34,7532	   0,0472706	184,4	   0,0461802	185,7
     34,7551	    0,047201	183,9	   0,0462198	183,9
     34,7571	   0,0472648	182,3	   0,0461436	185,2
      34,759	   0,0469627	184,6	   0,0458227	186,6
      34,761	   0,0470319	183,3	   0,0459034	186,8
      34,763	   0,0467877	185,0	   0,0457525	186,1
     34,7649	   0,0467237	185,8	    0,045639	185,4
     34,7669	   0,0467403	186,1	   0,0455755	186,6
     34,7688	   0,0465744	185,9	   0,0457253	185,1
     34,7708	   0,0465379	184,2	   0,0455056	186,1
     34,7727	   0,0465253	186,1	   0,0455202	186,5
     34,7747	   0,0462034	186,7	    0,045326	189,1
     34,7766	   0,0463473	186,9	   0,0449887	186,5
     34,7786	   0,0460927	186,2	   0,0450224	186,4
     34,7805	   0,0458975	185,9	   0,0447313	186,4
     34,7825	   0,0460005	188,6	   0,0448441	188,6
     34,7845	   0,0459287	186,7	   0,0448059	189,0
     34,7864	   0,0459134	188,5	   0,0445644	187,6
     34,7884	   0,0456829	187,1	   0,0447284	187,7
     34,7903	   0,0455727	186,9	   0,0444869	188,9
     34,7923	   0,0456226	187,0	   0,0442695	190,3
     34,7942	   0,0453096	188,3	   0,0441715	190,1
     34,7962	   0,0453732	189,9	   0,0441222	190,6
     34,7981	   0,0452854	188,3	   0,0441251	188,2
     34,8001	   0,0450786	189,2	   0,0439992	190,2
     34,8021	   0,0450141	189,0	   0,0439627	188,9
      34,804	   0,0448764	190,3	    0,043943	192,5
      34,806	   0,0447822	190,5	   0,0437421	190,2
     34,8079	   0,0447184	189,1	   0,0436533	189,1
     34,8099	   0,0445626	188,7	   0,0435903	189,8
     34,8118	   0,0445861	189,7	   0,0434001	192,0
     34,8138	   0,0444425	191,7	    0,043508	192,2
     34,8157	   0,0440213	191,6	   0,0433539	191,0
     34,8177	   0,0442067	191,8	   0,0432273	191,9
     34,8196	   0,0438921	190,7	   0,0432468	192,2
     34,8216	   0,0439113	190,9	   0,0429494	193,6
     34,8236	   0,0437269	192,0	   0,0429172	192,6
     34,8255	   0,0438193	191,0	   0,0426724	193,5
     34,8275	   0,0437076	193,5	   0,0427668	190,9
     34,8294	   0,0434508	192,5	    0,042666	193,5
     34,8314	    0,043408	194,4	   0,0424113	192,0
     34,8333	   0,0433343	191,3	   0,0425173	194,7
     34,8353	   0,0432147	192,7	   0,0424387	193,0
     34,8372	   0,0429891	194,9	   0,0420895	191,9
     34,8392	   0,0429517	194,4	   0,0422344	193,2
     34,8412	    0,042822	193,8	   0,0419651	195,5
     34,8431	   0,0428993	193,1	   0,0419069	194,8
     34,8451	   0,0427487	194,4	   0,0416376	196,5
      34,847	   0,0426724	194,4	   0,0415658	193,3
      34,849	   0,0425143	195,9	   0,0417784	194,4
     34,8509	   0,0423188	193,5	   0,0415179	196,5
     34,8529	   0,0422189	194,9	   0,0415125	193,5
     34,8548	   0,0422677	196,8	   0,0414028	194,9
     34,8568	   0,0420285	196,4	   0,0414006	197,9
     34,8587	   0,0420676	196,4	   0,0413025	196,9
     34,8607	   0,0420106	194,5	   0,0412919	195,5
     34,8627	   0,0416623	195,5	   0,0406934	195,5
     34,8646	   0,0416725	196,1	   0,0406927	197,1
     34,8666	   0,0415841	198,0	   0,0408797	199,0
     34,8685	   0,0413376	195,5	   0,0406609	196,8
     34,8705	   0,0413758	196,9	    0,040683	196,2
     34,8724	   0,0411964	194,9	   0,0405647	196,7
     34,8744	   0,0411049	198,2	   0,0401246	198,5
     34,8763	   0,0410497	197,4	   0,0401905	196,5
     34,8783	   0,0408574	198,2	   0,0399242	198,7
     34,8803	   0,0408046	197,2	   0,0401176	198,0
     34,8822	   0,0407938	198,6	   0,0398626	197,6
     34,8842	   0,0406928	198,4	   0,0399562	196,7
     34,8861	   0,0405044	197,1	   0,0398633	-160,0
     34,8881	   0,0404983	197,9	   0,0396132	-160,3
       34,89	   0,0403665	198,5	   0,0396291	-161,5
      34,892	   0,0401635	198,5	   0,0394923	-161,6
     34,8939	   0,0398899	197,8	   0,0391717	-161,0
     34,8959	   0,0400243	-159,5	   0,0394803	-160,0
     34,8979	   0,0397757	-161,1	   0,0391424	-159,9
     34,8998	   0,0397153	-158,3	   0,0389205	-161,9
     34,9018	   0,0398049	-160,7	   0,0388249	-159,0
     34,9037	    0,039528	-160,1	   0,0388512	-160,5
     34,9057	   0,0394972	-159,6	   0,0385954	-160,7
     34,9076	   0,0393907	-158,6	   0,0385895	-160,5
     34,9096	   0,0391985	-159,1	   0,0385374	-157,8
     34,9115	   0,0392302	-158,2	   0,0381965	-158,3
     34,9135	   0,0390315	-160,5	   0,0383934	-160,2
     34,9154	   0,0388324	-159,0	   0,0382803	-158,9
     34,9174	   0,0388743	-158,9	   0,0380511	-157,2
     34,9194	   0,0385962	-159,2	   0,0380844	-157,4
     34,9213	   0,0384318	-159,2	   0,0379514	-159,3
     34,9233	   0,0383613	-156,8	   0,0376681	-158,3
     34,9252	   0,0384906	-157,3	   0,0375728	-157,7
     34,9272	   0,0383426	-158,8	   0,0376251	-158,9
     34,9291	   0,0381029	-159,2	   0,0376005	-156,5
     34,9311	    0,038158	-156,6	   0,0373366	-156,2
      34,933	   0,0378654	-156,5	   0,0373854	-157,4
      34,935	   0,0379781	-156,8	   0,0372518	-157,3
      34,937	    0,037909	-158,7	   0,0371265	-155,4
     34,9389	   0,0375777	-157,5	   0,0370486	-156,0
     34,9409	   0,0375476	-156,3	   0,0370552	-157,2
     34,9428	   0,0374994	-157,5	   0,0367355	-155,2
     34,9448	   0,0374121	-157,9	   0,0368536	-156,0
     34,9467	   0,0372383	-155,8	    0,036707	-154,9
     34,9487	   0,0371573	-156,0	   0,0365274	-157,1
     34,9506	   0,0370634	-156,6	   0,0362465	-155,7
     34,9526	   0,0369568	-157,1	   0,0362205	-156,3
     34,9545	    0,036917	-154,8	   0,0363721	-156,6
     34,9565	   0,0367515	-154,9	   0,0361548	-156,6
     34,9585	   0,0366261	-156,2	   0,0360343	-154,0
     34,9604	    0,036555	-156,0	   0,0359291	-154,2
     34,9624	   0,0366059	-153,4	    0,035798	-155,8
     34,9643	   0,0363669	-155,5	   0,0356631	-155,4
     34,9663	   0,0362028	-155,3	   0,0356609	-153,2
     34,9682	   0,0360038	-154,4	   0,0356044	-154,5
     34,9702	   0,0361414	-153,0	   0,0354827	-156,0
     34,9721	   0,0358923	-155,9	   0,0354487	-153,7
     34,9741	    0,035771	-154,1	   0,0353842	-154,1
     34,9761	   0,0357499	-153,6	   0,0351472	-153,6
      34,978	   0,0355575	-153,1	   0,0352247	-153,9
       34,98	   0,0355403	-155,1	   0,0349623	-152,2
     34,9819	   0,0353538	-152,0	   0,0348922	-154,2
     34,9839	   0,0352305	-154,0	   0,0347981	-152,4
     34,9858	   0,0351023	-152,1	    0,034928	-151,8
     34,9878	    0,035303	-154,7	   0,0345504	-152,3
     34,9897	    0,035188	-151,8	   0,0343803	-153,5
     34,9917	    0,034831	-152,2	   0,0342939	-152,6
     34,9936	   0,0349447	-151,3	   0,0344025	-153,8
     34,9956	   0,0348472	-153,6	   0,0342365	-154,2
     34,9976	    0,034768	-151,4	   0,0341089	-151,2
     34,9995	    0,034557	-154,9	   0,0341228	-153,7
     35,0015	   0,0345078	-153,1	    0,034095	-151,3
     35,0034	   0,0344524	-152,1	   0,0339903	-152,3
     35,0054	   0,0342848	-152,1	   0,0337049	-152,5
     35,0073	   0,0338914	-153,2	   0,0335882	-152,8
     35,0093	   0,0339764	-152,0	   0,0335733	-150,5
     35,0112	   0,0340087	-150,5	   0,0334699	-152,0
     35,0132	   0,0338117	-152,9	   0,0333271	-153,4
     35,0152	   0,0336102	-150,9	    0,033258	-149,6
     35,0171	   0,0336962	-150,1	   0,0333264	-151,6
     35,0191	   0,0334747	-150,2	   0,0331318	-149,8
      35,021	   0,0333918	-152,2	   0,0331505	-150,6
      35,023	   0,0333934	-149,3	   0,0330624	-149,0
     35,0249	   0,0332362	-151,0	    0,032987	-151,0
     35,0269	   0,0332832	-151,8	   0,0327261	-148,6
     35,0288	   0,0331161	-151,1	   0,0326242	-148,8
     35,0308	   0,0329514	-149,1	   0,0326211	-150,7
     35,0327	   0,0328975	-149,0	   0,0325946	-148,2
     35,0347	   0,0328906	-149,7	   0,0322551	-150,3
     35,0367	   0,0328886	-150,8	   0,0323401	-149,0
     35,0386	   0,0325122	-150,5	    0,032062	-150,1
     35,0406	   0,0324614	-148,0	   0,0320814	-148,2
     35,0425	   0,0325783	-150,3	   0,0320021	-150,9
     35,0445	   0,0324058	-147,8	   0,0320535	-149,9
     35,0464	   0,0321551	-149,6	   0,0317632	-148,5
     35,0484	   0,0322958	-147,5	   0,0316264	-149,6
     35,0503	   0,0320433	-147,7	     0,03178	-149,5
     35,0523	   0,0320393	-148,8	   0,0314824	-149,1
     35,0543	   0,0320574	-148,1	   0,0314007	-148,3
     35,0562	   0,0318569	-147,4	   0,0314857	-149,2
     35,0582	   0,0316396	-147,8	   0,0311822	-149,2
     35,0601	   0,0317575	-149,5	   0,0312534	-148,5
     35,0621	   0,0316498	-147,0	   0,0311635	-149,1
      35,064	   0,0315408	-147,2	   0,0309836	-147,3
      35,066	    0,031546	-146,9	   0,0307478	-149,8
     35,0679	   0,0313381	-147,7	   0,0310342	-146,4
     35,0699	   0,0312487	-146,7	   0,0307392	-147,8
     35,0718	   0,0309172	-149,2	   0,0306725	-148,8
     35,0738	   0,0310786	-148,7	   0,0307721	-147,9
     35,0758	   0,0310289	-146,1	    0,030476	-148,2
     35,0777	   0,0309965	-148,9	   0,0303524	-146,9
     35,0797	   0,0308126	-146,7	   0,0303102	-148,3
     35,0816	   0,0307919	-146,1	    0,030511	-145,6
     35,0836	     0,03074	-146,7	   0,0302815	-146,1
     35,0855	   0,0306267	-146,2	   0,0301012	-148,7
     35,0875	   0,0305927	-146,8	   0,0301911	-146,4
     35,0894	   0,0301891	-146,3	   0,0300334	-147,2
     35,0914	   0,0303063	-146,8	   0,0299012	-147,8
     35,0934	   0,0301607	-145,1	   0,0297826	-145,7
     35,0953	   0,0301026	-147,0	   0,0296597	-147,6
     35,0973	   0,0300322	-144,9	   0,0295789	-145,5
     35,0992	   0,0298572	-144,6	   0,0295597	-147,8
     35,1012	   0,0298626	-147,0	   0,0296329	-145,1
     35,1031	   0,0298063	-143,8	   0,0295358	-145,1
     35,1051	   0,0297706	-146,7	   0,0293065	-146,5
      35,107	   0,0294509	-146,1	   0,0292731	-144,6
      35,109	   0,0294821	-144,2	   0,0292489	-146,7
     35,1109	   0,0294058	-144,9	   0,0291793	-145,0
     35,1129	   0,0293569	-146,3	   0,0289596	-145,8
     35,1149	   0,0291668	-145,8	   0,0289533	-146,1
     35,1168	   0,0291716	-143,6	   0,0287821	-145,7
     35,1188	   0,0292044	-145,6	   0,0289049	-144,9
     35,1207	   0,0291164	-142,9	   0,0289589	-145,8
     35,1227	   0,0286611	-143,9	   0,0285809	-145,3
     35,1246	   0,0288227	-145,4	    0,028469	-145,3
     35,1266	   0,0288584	-142,9	   0,0284237	-146,2
     35,1285	   0,0286372	-144,2	   0,0283367	-145,2
     35,1305	   0,0284093	-145,9	   0,0284631	-143,7
     35,1325	   0,0283469	-143,7	   0,0282463	-144,5
     35,1344	    0,028185	-144,6	   0,0281452	-144,4
     35,1364	   0,0281621	-142,4	   0,0281131	-145,4
     35,1383	   0,0282486	-143,4	   0,0279709	-144,2
     35,1403	   0,0279813	-144,5	   0,0278266	-142,6
     35,1422	    0,027913	-143,0	   0,0277511	-144,6
     35,1442	   0,0278313	-145,0	   0,0276786	-142,9
     35,1461	   0,0277373	-142,7	   0,0278185	-145,0
     35,1481	   0,0279439	-142,7	   0,0278451	-143,5
       35,15	   0,0277948	-143,1	   0,0276298	-142,8
      35,152	   0,0275858	-142,7	   0,0275446	-143,1
      35,154	   0,0275562	-144,6	   0,0274056	-143,1
     35,1559	   0,0274757	-142,7	   0,0273273	-144,8
     35,1579	   0,0273304	-144,8	   0,0273068	-142,6
     35,1598	   0,0270663	-141,8	   0,0272904	-143,3
     35,1618	   0,0272378	-142,0	   0,0271144	-142,8
     35,1637	    0,027226	-144,0	   0,0269677	-142,0
     35,1657	   0,0270379	-141,3	   0,0269423	-143,8
     35,1676	   0,0267737	-143,7	   0,0268657	-142,6
     35,1696	   0,0269138	-143,6	   0,0268825	-141,8
     35,1716	   0,0268462	-141,0	   0,0266949	-143,4
     35,1735	   0,0269843	-143,6	   0,0266758	-141,0
     35,1755	   0,0268533	-139,8	   0,0265755	-142,6
     35,1774	   0,0266639	-143,0	   0,0265561	-142,6
     35,1794	   0,0263921	-142,1	   0,0265325	-140,6
     35,1813	   0,0264562	-140,6	   0,0264376	-142,8
     35,1833	   0,0263007	-143,2	   0,0262273	-143,1
     35,1852	   0,0262662	-140,2	   0,0263026	-140,2
     35,1872	   0,0262064	-142,2	   0,0262172	-142,6
     35,1891	   0,0261127	-140,2	   0,0259087	-143,7
     35,1911	    0,025933	-140,3	   0,0258913	-140,9
     35,1931	   0,0258981	-142,8	   0,0260759	-142,2
      35,195	   0,0259653	-139,9	   0,0258992	-140,5
      35,197	   0,0259284	-140,6	   0,0258682	-140,5
     35,1989	   0,0257155	-142,0	   0,0256224	-142,1
     35,2009	   0,0256163	-140,9	   0,0256179	-140,1
     35,2028	   0,0256638	-141,2	   0,0255922	-143,2
     35,2048	   0,0256607	-142,1	    0,025592	-141,4
     35,2067	   0,0253433	-140,5	   0,0255372	-141,8
     35,2087	   0,0253026	-141,8	    0,025493	-140,3
     35,2107	   0,0253162	-141,0	   0,0253403	-140,9
     35,2126	   0,0252254	-138,5	   0,0250999	-139,6
     35,2146	   0,0251599	-141,5	   0,0251438	-140,2
     35,2165	   0,0253117	-138,6	   0,0252202	-141,7
     35,2185	   0,0250164	-141,6	   0,0252146	-139,1
     35,2204	   0,0248384	-141,2	   0,0250378	-140,4
     35,2224	   0,0249786	-138,8	   0,0249094	-138,6
     35,2243	   0,0248865	-138,6	   0,0247986	-140,5
     35,2263	   0,0248149	-141,7	   0,0248366	-139,3
     35,2282	   0,0248081	-139,6	   0,0246104	-140,7
     35,2302	   0,0247152	-140,6	   0,0245985	-141,0
     35,2322	   0,0244311	-139,2	   0,0244173	-140,9
     35,2341	   0,0244497	-139,1	   0,0245394	-140,3
     35,2361	    0,024512	-138,8	   0,0242861	-139,0
      35,238	   0,0244465	-139,4	   0,0241934	-139,9
       35,24	    0,024495	-139,8	   0,0242077	-139,1
     35,2419	   0,0242053	-139,7	   0,0243094	-139,0
     35,2439	   0,0238703	-141,4	   0,0243895	-139,8
     35,2458	   0,0240366	-137,7	   0,0240169	-139,1
     35,2478	   0,0241549	-139,0	   0,0238511	-138,5
     35,2498	   0,0240257	-137,4	   0,0240543	-139,2
     35,2517	   0,0238877	-137,5	   0,0240074	-138,4
     35,2537	   0,0237499	-140,5	   0,0239694	-140,3
     35,2556	   0,0235881	-137,9	    0,023897	-137,3
     35,2576	   0,0235354	-140,4	   0,0236124	-138,1
     35,2595	   0,0236883	-139,1	   0,0233743	-141,2
     35,2615	   0,0236571	-136,9	   0,0235219	-138,1
     35,2634	   0,0234854	-140,1	   0,0234716	-140,3
     35,2654	   0,0233609	-137,2	   0,0235436	-138,2
     35,2673	   0,0233636	-137,9	   0,0232628	-137,8
     35,2693	     0,02324	-138,0	   0,0232839	-138,1
     35,2713	   0,0231292	-139,3	   0,0230975	-138,6
     35,2732	   0,0231272	-137,0	   0,0232249	-138,8
     35,2752	   0,0230474	-139,0	   0,0231657	-138,5
     35,2771	   0,0231829	-139,0	   0,0230746	-138,7
     35,2791	   0,0229504	-137,0	   0,0228521	-137,1
      35,281	   0,0227232	-140,6	   0,0227621	-137,5
      35,283	   0,0227529	-137,6	   0,0228718	-139,6
     35,2849	   0,0226752	-137,3	   0,0228666	-137,2
     35,2869	   0,0226292	-137,8	   0,0226044	-138,3
     35,2889	   0,0227152	-137,4	   0,0225543	-138,1
     35,2908	   0,0226423	-135,2	   0,0225497	-137,8
     35,2928	   0,0223708	-136,9	   0,0225135	-136,6
     35,2947	   0,0221639	-140,2	   0,0224087	-138,2
     35,2967	   0,0223802	-136,8	   0,0224698	-139,0
     35,2986	   0,0222468	-138,5	   0,0225015	-137,6
     35,3006	   0,0223156	-136,6	   0,0223342	-137,8
     35,3025	   0,0222105	-136,7	   0,0221085	-138,7
     35,3045	   0,0222493	-135,3	    0,021986	-137,1
     35,3064	   0,0221235	-138,0	   0,0219145	-139,7
     35,3084	   0,0219146	-138,6	   0,0219776	-136,5
     35,3104	   0,0219396	-136,4	    0,021879	-135,7
     35,3123	   0,0218015	-138,1	   0,0218533	-137,4
     35,3143	   0,0218194	-138,1	     0,02175	-136,8
     35,3162	   0,0216405	-136,3	   0,0218114	-135,7
     35,3182	   0,0214545	-136,0	   0,0216184	-136,8
     35,3201	    0,021648	-137,3	   0,0215555	-138,8
     35,3221	   0,0215375	-135,2	   0,0215195	-135,9
      35,324	   0,0214998	-137,3	   0,0214716	-138,4
      35,326	   0,0214453	-138,5	   0,0213509	-136,2
      35,328	   0,0212919	-136,4	   0,0213189	-137,1
     35,3299	   0,0211832	-136,5	   0,0213183	-135,3
     35,3319	   0,0212962	-135,6	   0,0211568	-137,3
     35,3338	   0,0212015	-136,7	    0,021254	-134,7
     35,3358	   0,0211327	-134,4	   0,0211654	-137,0
     35,3377	   0,0211842	-137,0	   0,0209919	-137,2
     35,3397	   0,0209428	-137,9	   0,0209621	-137,4
     35,3416	   0,0208939	-136,7	   0,0209661	-135,9
     35,3436	   0,0208577	-135,6	   0,0208302	-135,6
     35,3456	     0,02075	-137,9	   0,0208578	-137,4
     35,3475	    0,020729	-135,5	    0,020757	-134,6
     35,3495	   0,0207021	-135,3	   0,0206023	-137,6
     35,3514	   0,0206553	-135,4	   0,0207563	-137,1
     35,3534	   0,0205872	-136,6	   0,0207113	-135,5
     35,3553	   0,0204848	-133,8	    0,020594	-136,1
     35,3573	   0,0203887	-137,0	   0,0207666	-136,2
     35,3592	     0,02043	-137,1	   0,0202726	-137,7
     35,3612	   0,0204423	-135,3	   0,0201644	-134,0
     35,3631	   0,0204125	-134,2	   0,0203651	-136,5
     35,3651	   0,0203898	-137,1	   0,0204372	-136,4
     35,3671	   0,0201283	-137,0	   0,0204334	-133,6
      35,369	    0,020003	-134,3	   0,0202548	-135,3
      35,371	   0,0199439	-135,8	   0,0201608	-134,0
     35,3729	   0,0199897	-134,9	   0,0198218	-137,4
     35,3749	   0,0201615	-135,9	   0,0198345	-134,1
     35,3768	   0,0199107	-133,6	   0,0197953	-136,0
     35,3788	   0,0199245	-136,2	   0,0198026	-135,7
     35,3807	   0,0198133	-134,4	    0,019809	-136,4
     35,3827	   0,0197048	-136,9	   0,0196864	-133,8
     35,3847	   0,0197197	-134,8	   0,0197019	-136,5
     35,3866	   0,0195715	-136,8	   0,0196124	-136,0
     35,3886	   0,0195638	-134,6	   0,0196331	-135,1
     35,3905	   0,0195874	-135,4	     0,01969	-133,2
     35,3925	   0,0194855	-135,8	   0,0196261	-136,2
     35,3944	   0,0193881	-135,2	   0,0195691	-134,2
     35,3964	   0,0192763	-133,2	   0,0196074	-133,3
     35,3983	   0,0193013	-135,4	   0,0193572	-133,9
     35,4003	   0,0191583	-135,7	   0,0191495	-136,8
     35,4022	   0,0192744	-135,1	    0,019261	-133,9
     35,4042	    0,019262	-132,7	    0,019052	-135,1
     35,4062	   0,0191877	-134,2	   0,0190212	-135,5
     35,4081	   0,0190881	-135,0	   0,0192211	-135,5
     35,4101	   0,0190902	-134,0	   0,0190262	-132,6
      35,412	   0,0189229	-133,7	   0,0190825	-135,5
      35,414	   0,0188852	-136,4	   0,0187686	-136,2
     35,4159	   0,0186797	-133,1	   0,0187386	-133,7
     35,4179	   0,0188547	-133,9	   0,0187532	-133,7
     35,4198	   0,0188604	-132,8	   0,0186653	-135,0
     35,4218	   0,0186604	-134,7	   0,0187619	-136,2
     35,4238	   0,0185523	-133,6	   0,0186322	-134,0
     35,4257	   0,0185586	-133,3	   0,0185531	-134,4
     35,4277	   0,0185574	-134,7	   0,0186647	-132,8
     35,4296	   0,0184243	-135,1	   0,0184689	-134,3
     35,4316	   0,0184987	-132,3	   0,0184919	-131,9
     35,4335	   0,0184386	-133,5	   0,0184371	-132,9
     35,4355	   0,0183907	-133,9	   0,0185233	-135,1
     35,4374	   0,0181689	-136,1	   0,0184406	-131,7
     35,4394	   0,0181596	-133,2	   0,0180899	-132,7
     35,4413	   0,0181901	-133,5	    0,018166	-133,5
     35,4433	   0,0182278	-135,0	   0,0180446	-134,8
     35,4453	   0,0180171	-133,0	   0,0181237	-133,5
     35,4472	   0,0178442	-133,7	   0,0181211	-132,7
     35,4492	   0,0179601	-133,1	   0,0180359	-134,6
     35,4511	   0,0177995	-136,2	   0,0179466	-135,4
     35,4531	    0,017883	-133,9	   0,0179008	-132,0
      35,455	    0,017691	-134,2	   0,0176802	-135,3
      35,457	    0,017719	-132,3	   0,0179162	-132,3
     35,4589	   0,0177093	-134,2	   0,0178959	-134,6
     35,4609	   0,0176854	-135,2	   0,0178093	-134,0
     35,4629	   0,0175343	-132,0	    0,017562	-132,8
     35,4648	   0,0174218	-135,5	    0,017598	-135,6
     35,4668	   0,0175815	-132,3	   0,0174106	-132,3
     35,4687	   0,0174643	-133,1	   0,0175255	-134,3
     35,4707	   0,0175142	-131,4	   0,0176143	-132,1
     35,4726	   0,0174444	-132,3	   0,0174571	-133,2
     35,4746	   0,0173574	-133,5	   0,0175208	-131,4
     35,4765	   0,0174195	-134,1	   0,0174977	-133,2
     35,4785	   0,0172943	-132,9	   0,0172659	-135,5
     35,4804	   0,0171749	-134,7	   0,0173002	-132,3
     35,4824	   0,0171455	-133,5	   0,0172332	-131,4
     35,4844	   0,0170444	-133,2	   0,0172441	-131,3
     35,4863	    0,016957	-133,4	   0,0172301	-133,5
     35,4883	    0,017194	-131,2	   0,0171417	-134,0
     35,4902	   0,0170403	-133,0	    0,016981	-133,1
     35,4922	   0,0170138	-131,2	   0,0169469	-131,1
     35,4941	   0,0169631	-134,0	   0,0168432	-133,4
     35,4961	   0,0168049	-132,5	   0,0165945	-133,4
      35,498	    0,016779	-134,2	   0,0168198	-132,9
        35,5	   0,0167991	-131,7	   0,0168065	-132,0

