X-Data [Hz]	Laser (M - Filtered) [m/s]	Phase [Deg]	Laser (M - Filtered) [m/s]	Phase [Deg]	
	002: [06-26-24 17:24]		003: [06-26-24 17:34]	
        30,5	  0,00892057	78,0	   0,0105218	73,9
      30,502	  0,00996027	71,5	   0,0106313	73,6
     30,5039	   0,0106158	74,0	   0,0106091	74,2
     30,5059	    0,010416	76,2	   0,0105488	75,3
     30,5078	   0,0105177	73,3	   0,0106714	74,0
     30,5098	   0,0107492	74,1	   0,0105621	73,3
     30,5117	   0,0106265	75,9	   0,0106401	74,2
     30,5137	   0,0105752	74,8	   0,0106328	73,9
     30,5156	   0,0107535	73,5	   0,0106168	74,5
     30,5176	   0,0106378	74,8	   0,0106897	73,7
     30,5196	   0,0106143	74,7	   0,0106893	73,8
     30,5215	    0,010674	74,1	    0,010695	74,5
     30,5235	   0,0107036	74,5	     0,01071	74,7
     30,5254	   0,0107456	74,1	   0,0107138	73,0
     30,5274	   0,0107255	74,8	   0,0107236	74,4
     30,5293	   0,0107939	75,1	   0,0107913	74,8
     30,5313	   0,0107369	74,0	   0,0107471	74,0
     30,5332	   0,0106885	73,6	   0,0107584	74,6
     30,5352	    0,010814	74,7	   0,0108136	75,5
     30,5371	   0,0107597	74,0	   0,0107917	74,2
     30,5391	   0,0107475	73,4	   0,0107911	73,9
     30,5411	   0,0107939	73,4	   0,0108234	74,0
      30,543	   0,0109024	75,0	   0,0107877	75,6
      30,545	   0,0107753	74,5	   0,0108641	75,2
     30,5469	   0,0108438	74,4	   0,0107921	73,8
     30,5489	   0,0108833	74,1	   0,0108172	74,7
     30,5508	   0,0108297	73,8	   0,0108863	75,1
     30,5528	   0,0109182	74,9	   0,0108952	72,9
     30,5547	   0,0108503	73,8	   0,0108426	73,6
     30,5567	   0,0109336	73,5	   0,0109431	74,7
     30,5587	   0,0108709	75,5	   0,0108627	74,3
     30,5606	   0,0109258	75,2	    0,010962	73,9
     30,5626	   0,0109587	73,8	   0,0109996	73,6
     30,5645	   0,0108457	74,5	   0,0109581	73,7
     30,5665	   0,0109573	73,9	   0,0109333	72,9
     30,5684	   0,0110536	74,2	   0,0109752	74,8
     30,5704	   0,0109352	74,4	   0,0110452	75,1
     30,5723	   0,0110104	74,2	   0,0109734	73,7
     30,5743	   0,0110295	74,7	   0,0110203	74,4
     30,5762	   0,0110514	75,2	   0,0111175	74,3
     30,5782	   0,0110526	75,6	   0,0109908	73,9
     30,5802	   0,0110225	73,3	     0,01111	75,0
     30,5821	   0,0110145	73,0	    0,011092	73,7
     30,5841	   0,0111371	75,0	   0,0110962	73,8
      30,586	   0,0110183	74,5	   0,0111352	73,5
      30,588	   0,0111223	75,6	   0,0111302	74,6
     30,5899	   0,0110178	73,2	   0,0111306	74,4
     30,5919	   0,0110886	72,9	   0,0111285	73,9
     30,5938	   0,0112429	74,5	    0,011162	74,0
     30,5958	    0,011036	75,0	   0,0111281	75,5
     30,5978	   0,0111551	73,7	   0,0111394	75,3
     30,5997	   0,0112046	74,3	   0,0112947	73,5
     30,6017	   0,0111231	75,6	   0,0111178	75,0
     30,6036	   0,0112895	74,3	    0,011205	74,2
     30,6056	   0,0112748	73,9	   0,0112825	73,9
     30,6075	   0,0111121	73,7	   0,0112172	73,7
     30,6095	   0,0112133	72,2	   0,0112702	74,8
     30,6114	   0,0111634	75,7	   0,0112244	75,3
     30,6134	   0,0112164	75,1	   0,0112644	75,0
     30,6153	   0,0113231	75,3	   0,0112947	73,6
     30,6173	   0,0112994	73,2	    0,011233	73,2
     30,6193	   0,0113161	73,2	   0,0113145	73,6
     30,6212	   0,0113016	74,3	   0,0113001	74,7
     30,6232	   0,0112989	75,0	   0,0113319	74,5
     30,6251	   0,0113024	73,9	   0,0113291	73,6
     30,6271	    0,011366	75,3	   0,0113657	72,9
      30,629	   0,0113966	75,4	   0,0113683	73,8
      30,631	    0,011409	73,5	   0,0113501	75,0
     30,6329	   0,0113294	73,9	   0,0114052	74,1
     30,6349	    0,011389	74,7	    0,011421	74,2
     30,6369	    0,011392	74,4	   0,0114684	74,6
     30,6388	   0,0113929	74,9	    0,011386	74,1
     30,6408	   0,0114481	73,8	   0,0114501	74,5
     30,6427	   0,0113769	74,3	   0,0114538	74,4
     30,6447	   0,0115933	72,9	   0,0115018	75,2
     30,6466	   0,0114606	75,6	   0,0114946	72,6
     30,6486	   0,0114914	74,3	   0,0114857	73,3
     30,6505	   0,0115314	74,4	   0,0114821	74,9
     30,6525	   0,0114967	74,5	   0,0116106	74,9
     30,6544	   0,0115606	75,0	   0,0115461	74,9
     30,6564	   0,0115325	75,4	   0,0115448	73,7
     30,6584	   0,0115575	72,8	   0,0116088	73,1
     30,6603	   0,0116186	74,0	   0,0115889	74,0
     30,6623	   0,0115237	73,9	   0,0116385	74,4
     30,6642	   0,0116626	74,3	   0,0115405	74,0
     30,6662	   0,0115574	76,1	   0,0116746	74,4
     30,6681	   0,0115993	74,6	   0,0116925	74,2
     30,6701	   0,0116273	73,9	   0,0116718	74,7
      30,672	    0,011629	73,7	   0,0116632	74,2
      30,674	   0,0116821	73,7	   0,0117098	74,3
      30,676	   0,0116884	75,3	   0,0117002	73,3
     30,6779	   0,0116966	74,9	   0,0117059	73,7
     30,6799	   0,0116821	73,9	    0,011714	74,3
     30,6818	   0,0117607	73,6	   0,0117678	74,7
     30,6838	   0,0117421	73,9	   0,0117921	74,9
     30,6857	   0,0117491	73,6	   0,0116872	74,5
     30,6877	   0,0117947	73,5	   0,0118854	74,7
     30,6896	    0,011844	74,8	   0,0117567	72,8
     30,6916	    0,011793	74,9	   0,0118837	73,7
     30,6935	   0,0118865	74,0	    0,011817	74,2
     30,6955	   0,0118309	74,0	   0,0118408	75,4
     30,6975	   0,0118406	73,9	    0,011885	74,8
     30,6994	    0,011893	74,1	   0,0118048	73,6
     30,7014	   0,0118672	75,0	   0,0119983	73,8
     30,7033	   0,0119668	75,6	   0,0118562	73,8
     30,7053	   0,0118419	73,7	   0,0119586	75,1
     30,7072	   0,0119472	73,6	   0,0119599	74,8
     30,7092	   0,0119037	75,1	   0,0119096	75,7
     30,7111	   0,0119451	74,6	   0,0120509	74,2
     30,7131	   0,0119677	75,2	    0,011933	74,3
     30,7151	   0,0119941	74,4	    0,012087	74,6
      30,717	   0,0120629	74,7	   0,0120118	73,9
      30,719	   0,0120033	74,4	   0,0120635	75,2
     30,7209	     0,01203	75,1	   0,0120644	75,1
     30,7229	   0,0120509	72,8	    0,012091	73,7
     30,7248	   0,0120504	73,2	   0,0120951	74,5
     30,7268	   0,0121815	74,9	   0,0121233	73,7
     30,7287	   0,0120305	74,3	     0,01209	75,7
     30,7307	   0,0122048	75,1	   0,0122107	75,1
     30,7326	   0,0121092	73,3	   0,0121122	74,2
     30,7346	    0,012182	74,2	   0,0121905	74,0
     30,7366	   0,0121776	74,4	   0,0121696	74,0
     30,7385	   0,0121237	73,2	   0,0122555	74,4
     30,7405	   0,0121941	73,9	   0,0122027	73,6
     30,7424	   0,0122523	74,9	   0,0122859	73,8
     30,7444	   0,0122112	75,8	    0,012221	74,9
     30,7463	   0,0122525	75,3	   0,0123184	74,8
     30,7483	   0,0122898	75,1	   0,0122834	73,7
     30,7502	   0,0122694	73,5	   0,0122765	74,1
     30,7522	   0,0123536	73,2	   0,0123674	73,9
     30,7542	   0,0123103	72,8	   0,0123687	74,5
     30,7561	   0,0123771	75,4	    0,012352	74,5
     30,7581	   0,0123548	74,2	    0,012303	75,2
       30,76	   0,0123483	73,6	   0,0124286	73,8
      30,762	   0,0123795	74,0	   0,0123864	75,5
     30,7639	   0,0124497	74,1	   0,0124472	74,9
     30,7659	   0,0124093	74,0	   0,0124725	72,9
     30,7678	   0,0124297	74,3	   0,0124779	73,6
     30,7698	   0,0124914	73,2	   0,0124898	74,5
     30,7717	   0,0125408	75,7	   0,0125318	74,9
     30,7737	   0,0124192	74,5	   0,0125177	74,5
     30,7757	   0,0125687	75,1	   0,0125522	74,6
     30,7776	   0,0124765	73,5	   0,0125304	75,0
     30,7796	   0,0125519	73,8	   0,0125566	75,5
     30,7815	   0,0125378	73,4	   0,0126246	73,7
     30,7835	   0,0126573	73,9	   0,0126131	73,8
     30,7854	   0,0125627	74,2	   0,0126064	74,6
     30,7874	   0,0126819	74,4	   0,0126868	74,5
     30,7893	   0,0125982	75,4	   0,0126047	74,2
     30,7913	   0,0127314	75,4	   0,0127873	75,5
     30,7933	   0,0126695	74,3	   0,0126255	75,4
     30,7952	   0,0127746	74,3	    0,012796	74,8
     30,7972	   0,0127374	75,7	   0,0127653	74,3
     30,7991	   0,0128099	73,4	   0,0127825	74,0
     30,8011	   0,0127192	73,5	   0,0127422	74,8
      30,803	   0,0127638	73,8	   0,0127785	73,8
      30,805	   0,0128377	74,5	   0,0128387	74,2
     30,8069	   0,0127907	74,3	   0,0128472	73,4
     30,8089	   0,0128769	74,1	   0,0128258	76,0
     30,8109	   0,0128446	76,1	   0,0129077	74,0
     30,8128	   0,0128854	75,7	   0,0129212	75,8
     30,8148	   0,0128953	74,3	   0,0129426	75,4
     30,8167	   0,0129767	73,5	   0,0129694	75,0
     30,8187	   0,0129098	74,6	   0,0129731	74,1
     30,8206	   0,0129665	74,0	   0,0129414	74,0
     30,8226	    0,012897	73,1	    0,013092	76,3
     30,8245	   0,0130354	74,0	   0,0129932	73,7
     30,8265	   0,0129806	75,1	   0,0130475	74,3
     30,8284	   0,0130558	74,1	   0,0130545	73,4
     30,8304	   0,0129984	76,1	   0,0131209	74,4
     30,8324	   0,0131694	75,6	   0,0131187	73,6
     30,8343	   0,0130354	74,5	   0,0130984	74,7
     30,8363	   0,0131141	74,4	    0,013205	74,3
     30,8382	   0,0131523	74,2	   0,0131808	73,8
     30,8402	   0,0131145	75,6	   0,0131976	74,9
     30,8421	   0,0131939	73,9	    0,013198	75,1
     30,8441	   0,0132029	74,0	   0,0132124	74,9
      30,846	   0,0131899	73,6	   0,0132166	75,5
      30,848	   0,0132492	74,9	   0,0133005	74,6
       30,85	   0,0132058	73,4	   0,0132657	74,8
     30,8519	   0,0133115	74,1	   0,0133095	75,6
     30,8539	   0,0133019	75,2	   0,0133587	74,8
     30,8558	   0,0133307	75,3	    0,013354	74,9
     30,8578	    0,013377	74,4	   0,0134037	75,1
     30,8597	   0,0134076	75,7	   0,0134629	74,2
     30,8617	   0,0133398	75,5	   0,0134077	73,4
     30,8636	   0,0133932	74,3	   0,0134797	73,7
     30,8656	    0,013447	73,3	   0,0134543	74,4
     30,8675	   0,0135091	73,8	   0,0135817	74,1
     30,8695	   0,0134614	74,6	   0,0134973	74,3
     30,8715	   0,0135305	74,5	   0,0136109	74,9
     30,8734	   0,0134594	74,1	   0,0135528	75,8
     30,8754	   0,0136253	74,9	   0,0135814	75,1
     30,8773	   0,0135789	74,4	   0,0136138	75,2
     30,8793	   0,0135977	75,2	   0,0136326	75,1
     30,8812	   0,0136363	74,7	   0,0136104	75,5
     30,8832	   0,0135863	74,8	   0,0137469	73,1
     30,8851	   0,0137039	75,5	    0,013662	75,0
     30,8871	   0,0137832	76,4	   0,0137312	75,1
     30,8891	    0,013751	75,5	   0,0137674	74,6
      30,891	   0,0137344	75,3	   0,0137773	74,7
      30,893	   0,0137337	74,5	   0,0137575	74,2
     30,8949	   0,0137828	76,1	   0,0138631	75,0
     30,8969	   0,0138187	75,4	   0,0138167	75,1
     30,8988	    0,013782	74,7	   0,0139439	74,1
     30,9008	   0,0138936	75,1	   0,0138788	74,7
     30,9027	   0,0138094	75,3	   0,0139348	73,5
     30,9047	   0,0139416	74,6	   0,0139098	74,5
     30,9066	    0,013911	75,7	   0,0139558	74,9
     30,9086	   0,0139881	75,3	   0,0140051	74,1
     30,9106	   0,0139321	75,2	    0,014036	74,3
     30,9125	   0,0140333	74,6	   0,0140751	74,0
     30,9145	   0,0139705	75,9	   0,0140447	74,1
     30,9164	   0,0141356	74,8	   0,0141032	73,7
     30,9184	   0,0139958	75,6	   0,0140793	74,6
     30,9203	   0,0141028	74,8	    0,014195	75,0
     30,9223	   0,0140846	74,7	   0,0142075	74,5
     30,9242	   0,0141194	75,4	   0,0141186	73,8
     30,9262	   0,0141915	75,7	   0,0142778	75,2
     30,9282	   0,0142317	74,4	   0,0142967	74,8
     30,9301	   0,0142302	75,4	   0,0142202	75,3
     30,9321	   0,0143083	75,1	   0,0143739	75,6
      30,934	   0,0143839	75,8	     0,01431	75,9
      30,936	   0,0142603	76,0	   0,0143914	75,1
     30,9379	   0,0143819	75,4	   0,0143675	76,2
     30,9399	   0,0143983	75,1	   0,0144559	75,2
     30,9418	    0,014332	76,0	   0,0143837	75,5
     30,9438	   0,0145222	75,8	   0,0144985	74,2
     30,9457	   0,0144202	75,7	   0,0145218	74,1
     30,9477	   0,0144904	74,8	   0,0144977	76,4
     30,9497	   0,0144947	75,4	   0,0146024	75,1
     30,9516	   0,0145258	75,0	   0,0145369	76,0
     30,9536	   0,0146083	75,3	    0,014583	74,7
     30,9555	    0,014576	74,8	   0,0146862	76,2
     30,9575	   0,0146842	74,9	   0,0145807	74,7
     30,9594	   0,0146478	75,8	   0,0147619	75,1
     30,9614	    0,014713	74,5	    0,014711	75,9
     30,9633	   0,0147403	74,4	   0,0146884	75,1
     30,9653	   0,0146879	75,5	   0,0148121	75,6
     30,9673	   0,0147848	75,8	   0,0147464	75,8
     30,9692	   0,0148137	74,8	   0,0148837	74,9
     30,9712	   0,0147951	75,6	    0,014891	75,0
     30,9731	   0,0148737	74,2	   0,0148641	74,8
     30,9751	   0,0149046	75,9	   0,0149385	75,7
      30,977	   0,0149486	75,2	   0,0149846	75,4
      30,979	   0,0148977	75,3	   0,0149835	74,1
     30,9809	   0,0150263	75,6	   0,0150447	75,0
     30,9829	   0,0149897	75,0	   0,0150789	74,9
     30,9848	   0,0151188	76,5	   0,0150665	75,7
     30,9868	    0,015041	74,6	   0,0151388	76,0
     30,9888	     0,01512	75,9	   0,0151993	73,6
     30,9907	   0,0151867	75,1	   0,0151629	74,9
     30,9927	   0,0150797	74,0	   0,0152775	74,6
     30,9946	    0,015273	75,5	   0,0152478	74,5
     30,9966	   0,0151765	75,4	   0,0153736	74,9
     30,9985	   0,0153027	75,2	   0,0152923	75,0
     31,0005	   0,0153224	74,9	   0,0153053	74,8
     31,0024	   0,0151806	75,8	   0,0153956	74,9
     31,0044	     0,01548	74,8	   0,0154465	74,4
     31,0064	   0,0153318	75,6	   0,0154585	73,8
     31,0083	   0,0154029	75,6	    0,015484	73,9
     31,0103	   0,0154589	75,0	   0,0155519	74,9
     31,0122	   0,0154268	75,7	   0,0154673	74,6
     31,0142	   0,0155672	74,4	   0,0156159	74,3
     31,0161	   0,0155315	74,2	   0,0156189	75,2
     31,0181	   0,0155316	76,6	   0,0156165	73,8
       31,02	   0,0156728	76,0	   0,0156834	74,8
      31,022	   0,0156602	74,5	   0,0157269	75,8
     31,0239	   0,0156349	75,7	   0,0157437	74,6
     31,0259	   0,0157439	74,2	   0,0158789	75,9
     31,0279	   0,0156743	75,7	   0,0157507	75,9
     31,0298	    0,015785	75,9	   0,0159112	75,5
     31,0318	   0,0157958	75,0	   0,0159907	75,4
     31,0337	   0,0158626	75,9	   0,0158341	75,4
     31,0357	   0,0157608	76,1	   0,0160355	74,9
     31,0376	    0,015939	75,1	   0,0158715	75,6
     31,0396	    0,016147	75,9	   0,0159578	74,1
     31,0415	   0,0159994	75,6	   0,0161695	74,9
     31,0435	   0,0160313	76,8	   0,0159915	75,2
     31,0455	   0,0161316	74,9	   0,0161487	73,9
     31,0474	   0,0161319	76,0	   0,0162438	75,7
     31,0494	   0,0161872	75,8	   0,0161432	74,6
     31,0513	   0,0161826	74,4	    0,016319	74,7
     31,0533	   0,0162343	76,2	   0,0163075	75,9
     31,0552	   0,0162366	74,2	   0,0163494	74,4
     31,0572	   0,0162518	74,8	   0,0164529	75,9
     31,0591	   0,0164064	75,4	   0,0164149	76,3
     31,0611	    0,016358	73,9	    0,016461	75,1
      31,063	    0,016398	75,5	    0,016484	76,4
      31,065	   0,0164174	74,5	    0,016623	75,8
      31,067	   0,0164983	75,2	   0,0166028	76,5
     31,0689	    0,016668	75,4	   0,0165437	74,3
     31,0709	   0,0164869	74,5	   0,0166919	75,7
     31,0728	   0,0166418	76,4	   0,0167744	75,5
     31,0748	   0,0167496	75,4	   0,0166719	75,2
     31,0767	   0,0166335	75,5	   0,0167611	74,5
     31,0787	   0,0168272	77,0	   0,0167907	75,6
     31,0806	   0,0167547	75,9	   0,0169237	74,9
     31,0826	   0,0167409	74,7	   0,0168458	76,1
     31,0846	   0,0169444	75,1	   0,0169305	76,1
     31,0865	   0,0169463	75,5	   0,0170379	75,4
     31,0885	     0,01695	74,7	   0,0169776	76,6
     31,0904	   0,0170232	75,8	   0,0170801	74,3
     31,0924	    0,017072	74,6	   0,0172107	74,9
     31,0943	   0,0170629	75,9	   0,0171647	75,4
     31,0963	   0,0171447	75,8	    0,017251	74,2
     31,0982	   0,0171618	75,9	   0,0173281	75,9
     31,1002	   0,0171234	76,0	   0,0173049	74,7
     31,1021	   0,0173515	76,9	   0,0173506	75,2
     31,1041	   0,0172777	75,4	   0,0174377	74,9
     31,1061	   0,0172582	75,3	   0,0174196	75,4
      31,108	   0,0174181	76,4	   0,0174694	75,2
       31,11	   0,0174539	74,8	   0,0175811	75,5
     31,1119	   0,0174886	75,2	   0,0175948	76,3
     31,1139	   0,0175278	74,5	   0,0176022	75,7
     31,1158	   0,0176139	74,8	    0,017691	75,8
     31,1178	   0,0177006	75,4	   0,0177722	75,3
     31,1197	   0,0176176	74,2	   0,0177405	75,9
     31,1217	   0,0177546	76,9	   0,0177884	74,3
     31,1237	   0,0177324	75,4	   0,0178897	75,1
     31,1256	   0,0178055	76,2	   0,0179073	75,1
     31,1276	   0,0179332	75,7	    0,017986	75,5
     31,1295	   0,0179675	76,3	   0,0180998	76,8
     31,1315	   0,0178835	74,6	   0,0180439	75,8
     31,1334	   0,0180167	76,4	   0,0180981	76,1
     31,1354	   0,0181433	75,6	   0,0180932	76,6
     31,1373	   0,0180734	76,9	   0,0182392	76,3
     31,1393	   0,0181501	77,1	   0,0183157	75,4
     31,1413	   0,0182148	75,7	   0,0182931	75,1
     31,1432	   0,0181872	75,1	   0,0183137	75,2
     31,1452	   0,0183598	75,9	   0,0185189	75,6
     31,1471	    0,018356	74,8	    0,018509	76,2
     31,1491	   0,0183549	75,8	   0,0184306	77,2
      31,151	   0,0184577	77,2	   0,0185999	75,4
      31,153	   0,0185701	76,0	   0,0187069	76,8
     31,1549	   0,0185091	75,8	   0,0186337	76,1
     31,1569	   0,0186769	75,5	   0,0187483	75,1
     31,1588	   0,0187209	74,6	   0,0188665	74,7
     31,1608	   0,0187297	74,8	   0,0188556	76,2
     31,1628	   0,0187807	76,6	   0,0188749	76,1
     31,1647	   0,0188983	76,4	   0,0189749	76,4
     31,1667	   0,0189095	77,0	   0,0190363	77,1
     31,1686	   0,0189262	75,4	   0,0191029	75,8
     31,1706	   0,0189998	75,4	   0,0192421	76,4
     31,1725	   0,0190498	75,2	   0,0193553	75,1
     31,1745	   0,0191397	76,5	   0,0192282	75,9
     31,1764	   0,0191834	76,0	   0,0192629	75,3
     31,1784	   0,0192569	77,4	   0,0193945	75,6
     31,1804	   0,0193293	74,9	   0,0195416	75,4
     31,1823	   0,0193831	75,9	   0,0195335	77,1
     31,1843	   0,0194445	75,8	   0,0195757	75,8
     31,1862	   0,0195846	75,1	   0,0196994	76,3
     31,1882	   0,0196043	76,4	   0,0197414	75,0
     31,1901	   0,0195478	76,8	   0,0198071	75,0
     31,1921	    0,019718	76,5	   0,0198395	75,8
      31,194	   0,0197648	76,3	   0,0199169	76,4
      31,196	   0,0198012	75,2	   0,0200227	76,5
     31,1979	   0,0198661	74,5	   0,0201092	77,0
     31,1999	   0,0199514	76,7	   0,0200842	75,4
     31,2019	   0,0200393	76,9	   0,0201567	75,4
     31,2038	   0,0201462	76,5	   0,0203048	75,4
     31,2058	   0,0201007	77,2	   0,0203881	76,0
     31,2077	   0,0201898	74,5	   0,0204239	76,0
     31,2097	   0,0202557	75,1	   0,0204753	76,8
     31,2116	   0,0203314	76,8	   0,0205172	76,8
     31,2136	   0,0204058	76,6	   0,0206247	77,6
     31,2155	   0,0204165	77,3	   0,0206999	76,4
     31,2175	   0,0205717	76,9	   0,0207097	76,0
     31,2195	   0,0206894	75,9	   0,0208203	75,8
     31,2214	   0,0206264	75,8	    0,020919	75,7
     31,2234	   0,0207022	76,5	   0,0209859	76,9
     31,2253	   0,0208389	76,1	    0,021052	76,8
     31,2273	   0,0210141	77,8	   0,0211633	76,9
     31,2292	   0,0209497	75,5	   0,0212285	77,1
     31,2312	   0,0209881	75,7	   0,0213112	76,9
     31,2331	   0,0211997	76,7	   0,0213803	75,5
     31,2351	   0,0213357	75,0	   0,0214678	75,8
      31,237	   0,0212162	78,1	   0,0215171	76,1
      31,239	   0,0212582	76,1	   0,0216055	77,5
      31,241	   0,0214543	76,8	   0,0217633	77,6
     31,2429	   0,0215248	76,3	   0,0218131	77,4
     31,2449	    0,021574	76,3	   0,0218185	76,8
     31,2468	   0,0216169	76,3	   0,0219041	76,9
     31,2488	   0,0217975	78,0	   0,0220407	76,0
     31,2507	   0,0218601	76,5	   0,0221393	77,4
     31,2527	   0,0219131	77,4	   0,0221993	78,0
     31,2546	   0,0220159	77,0	   0,0223319	75,9
     31,2566	    0,022111	77,6	    0,022455	76,5
     31,2586	   0,0221932	78,3	   0,0224502	76,8
     31,2605	   0,0222943	76,6	   0,0225132	78,4
     31,2625	   0,0223586	77,4	   0,0226527	77,4
     31,2644	   0,0224655	76,9	   0,0227725	76,9
     31,2664	   0,0225312	76,3	    0,022921	76,7
     31,2683	   0,0225354	76,1	   0,0230172	76,7
     31,2703	   0,0226631	78,2	   0,0230115	77,1
     31,2722	   0,0228256	77,1	   0,0231165	77,1
     31,2742	   0,0229447	77,4	   0,0232198	78,4
     31,2761	   0,0229337	75,2	   0,0233429	77,5
     31,2781	   0,0230772	78,4	   0,0234294	77,2
     31,2801	   0,0232311	78,2	   0,0234963	77,2
      31,282	   0,0233606	76,9	   0,0235827	76,9
      31,284	   0,0234024	76,9	   0,0237405	77,8
     31,2859	   0,0234155	77,0	   0,0237632	76,6
     31,2879	   0,0235627	77,8	    0,023883	77,6
     31,2898	   0,0237084	78,7	   0,0242539	75,5
     31,2918	   0,0237882	77,2	    0,024331	79,4
     31,2937	   0,0238451	77,6	   0,0241564	76,9
     31,2957	   0,0239577	78,0	    0,024243	78,0
     31,2977	   0,0241159	77,5	   0,0244289	76,6
     31,2996	   0,0241857	77,4	    0,024898	76,8
     31,3016	   0,0242397	77,2	   0,0248837	78,3
     31,3035	   0,0243885	78,0	   0,0247577	78,8
     31,3055	   0,0245605	78,9	   0,0245804	79,0
     31,3074	   0,0246607	77,1	    0,025152	77,4
     31,3094	   0,0247992	78,4	   0,0252653	77,7
     31,3113	   0,0249092	77,8	   0,0253402	77,6
     31,3133	   0,0249959	78,6	   0,0254719	79,0
     31,3152	   0,0250879	79,1	   0,0256114	77,7
     31,3172	   0,0251551	77,5	   0,0257938	78,3
     31,3192	   0,0253164	78,9	   0,0258959	77,9
     31,3211	   0,0255118	77,9	   0,0259953	79,3
     31,3231	   0,0256535	79,0	   0,0260795	79,8
      31,325	   0,0257466	78,1	   0,0262987	77,9
      31,327	   0,0258817	77,2	   0,0264774	78,1
     31,3289	   0,0259451	77,9	   0,0266516	77,5
     31,3309	   0,0261059	78,7	   0,0266972	78,4
     31,3328	   0,0262805	79,2	   0,0267791	79,5
     31,3348	   0,0263972	77,4	   0,0269662	79,5
     31,3368	   0,0265128	77,4	   0,0271086	78,3
     31,3387	   0,0267099	79,4	   0,0272541	79,0
     31,3407	   0,0268275	78,8	   0,0274063	79,9
     31,3426	   0,0269702	79,7	   0,0275701	79,0
     31,3446	   0,0271048	77,9	   0,0277723	78,5
     31,3465	   0,0272468	78,9	   0,0279418	79,0
     31,3485	   0,0274039	79,5	   0,0281208	79,6
     31,3504	   0,0274726	79,5	   0,0282586	79,8
     31,3524	   0,0276251	78,3	   0,0283956	78,4
     31,3543	   0,0278021	78,3	   0,0285872	78,4
     31,3563	   0,0279438	80,4	   0,0288018	80,2
     31,3583	   0,0281869	80,2	   0,0289806	79,9
     31,3602	   0,0283095	79,7	   0,0291145	80,2
     31,3622	   0,0284871	78,8	   0,0293726	78,8
     31,3641	   0,0286296	78,6	   0,0295202	80,2
     31,3661	   0,0287698	80,9	    0,029656	80,4
      31,368	   0,0289516	79,3	   0,0298735	80,3
       31,37	   0,0293125	79,4	   0,0300509	80,4
     31,3719	   0,0295018	79,6	   0,0302159	79,0
     31,3739	   0,0296397	81,4	   0,0304903	80,7
     31,3759	   0,0296581	81,1	   0,0307778	80,6
     31,3778	   0,0297772	79,3	   0,0309727	80,0
     31,3798	   0,0299805	80,6	   0,0310753	80,4
     31,3817	   0,0302221	79,3	   0,0313287	81,1
     31,3837	   0,0304413	81,9	   0,0315562	81,0
     31,3856	   0,0306236	79,9	   0,0317682	81,0
     31,3876	   0,0308573	80,5	   0,0320107	80,8
     31,3895	   0,0310322	80,2	   0,0322835	81,5
     31,3915	   0,0312886	81,3	   0,0325974	82,1
     31,3934	   0,0315215	81,4	   0,0328088	80,3
     31,3954	   0,0316603	80,0	   0,0330494	82,6
     31,3974	   0,0318601	82,1	   0,0333714	82,2
     31,3993	   0,0321009	81,5	   0,0336898	82,1
     31,4013	   0,0323551	81,7	   0,0338877	81,8
     31,4032	    0,032601	80,3	    0,034162	81,4
     31,4052	   0,0329124	80,7	    0,034447	83,3
     31,4071	   0,0331394	82,5	   0,0347521	82,2
     31,4091	   0,0333832	82,3	   0,0351417	82,9
      31,411	   0,0335755	81,7	   0,0354609	82,7
      31,413	   0,0338013	83,1	   0,0357937	84,2
      31,415	   0,0341059	82,7	   0,0361943	84,3
     31,4169	    0,034367	82,0	   0,0365419	83,5
     31,4189	   0,0346632	82,3	   0,0369165	83,6
     31,4208	   0,0349336	83,7	   0,0372867	84,1
     31,4228	   0,0352088	81,9	   0,0376029	85,7
     31,4247	   0,0355303	81,6	   0,0380482	85,6
     31,4267	   0,0358243	84,0	   0,0384523	85,3
     31,4286	   0,0360364	83,4	   0,0389517	86,1
     31,4306	   0,0363648	84,1	   0,0394986	85,9
     31,4326	   0,0366788	83,7	   0,0399781	85,1
     31,4345	   0,0370479	84,7	   0,0405383	87,5
     31,4365	   0,0373312	83,2	   0,0411605	87,9
     31,4384	   0,0377076	85,3	   0,0417882	86,8
     31,4404	    0,038023	84,9	   0,0426257	87,0
     31,4423	   0,0384009	85,7	   0,0434675	89,8
     31,4443	   0,0388193	84,5	   0,0444374	87,1
     31,4462	   0,0392586	85,4	   0,0456956	89,4
     31,4482	   0,0396187	86,3	   0,0468912	90,8
     31,4501	   0,0399751	87,0	   0,0483933	91,9
     31,4521	   0,0403738	86,0	   0,0498215	92,2
     31,4541	   0,0407614	87,9	   0,0513187	95,4
      31,456	   0,0412559	87,6	   0,0530055	96,7
      31,458	   0,0416957	87,5	   0,0544862	97,5
     31,4599	   0,0421887	87,8	   0,0559711	99,7
     31,4619	   0,0426332	88,8	   0,0576095	101,5
     31,4638	   0,0430766	87,7	   0,0590658	101,4
     31,4658	   0,0436743	88,4	   0,0604888	103,4
     31,4677	   0,0441213	90,3	   0,0619669	107,8
     31,4697	   0,0447368	90,1	   0,0631382	108,9
     31,4717	   0,0452964	90,5	   0,0643312	110,1
     31,4736	   0,0459034	92,2	   0,0656418	111,9
     31,4756	   0,0465554	91,6	   0,0667931	115,4
     31,4775	   0,0471832	92,2	   0,0678008	116,0
     31,4795	   0,0478194	93,7	    0,068862	117,8
     31,4814	   0,0485782	94,7	    0,070109	119,8
     31,4834	   0,0493332	94,4	   0,0709673	122,1
     31,4853	   0,0500933	95,7	   0,0718616	122,5
     31,4873	   0,0509118	96,8	   0,0724046	125,7
     31,4892	   0,0516874	96,5	   0,0729978	127,5
     31,4912	   0,0525947	97,9	   0,0736523	128,3
     31,4932	    0,053436	101,0	   0,0746119	129,4
     31,4951	   0,0542633	100,1	   0,0750552	131,6
     31,4971	   0,0551947	102,6	   0,0756052	133,2
      31,499	   0,0563052	103,5	     0,07618	135,0
      31,501	   0,0572696	104,7	   0,0765389	136,2
     31,5029	   0,0584212	106,0	   0,0768444	137,6
     31,5049	    0,059483	108,7	   0,0773268	140,0
     31,5068	    0,060575	109,5	    0,077466	140,2
     31,5088	   0,0618967	111,8	   0,0781426	141,0
     31,5108	   0,0630351	113,6	   0,0784165	143,8
     31,5127	   0,0641676	114,4	   0,0786098	144,0
     31,5147	   0,0654699	116,4	   0,0784608	144,5
     31,5166	   0,0664073	121,0	   0,0789064	147,7
     31,5186	    0,067838	123,3	   0,0788367	147,2
     31,5205	   0,0692004	123,4	   0,0790569	149,0
     31,5225	   0,0702962	128,9	    0,079072	151,1
     31,5244	   0,0712826	129,9	   0,0790089	152,8
     31,5264	   0,0725948	133,0	   0,0793174	152,0
     31,5283	   0,0734613	135,4	   0,0792537	153,9
     31,5303	   0,0744385	137,9	   0,0788787	155,7
     31,5323	   0,0750948	141,9	   0,0790666	155,7
     31,5342	   0,0763116	143,7	   0,0786678	157,4
     31,5362	    0,076828	144,9	   0,0789817	159,0
     31,5381	   0,0772033	147,7	    0,079137	158,5
     31,5401	   0,0778338	150,3	   0,0789753	159,7
      31,542	    0,078142	151,9	    0,078761	162,1
      31,544	   0,0779618	154,7	   0,0789927	160,5
     31,5459	    0,078346	155,6	   0,0776694	163,6
     31,5479	   0,0781722	158,0	   0,0784056	163,3
     31,5499	   0,0787425	160,0	   0,0778282	164,9
     31,5518	   0,0784725	160,9	    0,078152	165,4
     31,5538	   0,0784036	161,9	   0,0779269	167,3
     31,5557	   0,0779492	165,5	   0,0773346	168,6
     31,5577	   0,0783994	165,3	   0,0768244	169,3
     31,5596	   0,0779839	165,5	   0,0770547	168,4
     31,5616	   0,0780221	167,3	   0,0760328	170,3
     31,5635	   0,0775458	168,6	   0,0765197	171,1
     31,5655	     0,07765	168,8	   0,0768957	170,8
     31,5674	   0,0768945	170,9	   0,0763246	172,0
     31,5694	   0,0765243	171,3	   0,0758624	173,3
     31,5714	   0,0764386	171,7	   0,0764723	173,0
     31,5733	   0,0765712	173,5	   0,0756358	175,0
     31,5753	   0,0761918	174,3	   0,0756424	174,4
     31,5772	   0,0758797	175,2	   0,0747777	177,3
     31,5792	   0,0755365	176,3	   0,0750392	176,9
     31,5811	   0,0751381	176,4	   0,0748305	177,1
     31,5831	   0,0746835	179,2	   0,0746894	177,4
      31,585	    0,074783	179,3	    0,074572	179,8
      31,587	   0,0742797	179,5	   0,0732296	179,0
      31,589	   0,0740419	180,7	   0,0735504	180,4
     31,5909	   0,0733259	181,2	   0,0735374	180,5
     31,5929	   0,0730813	182,2	   0,0730843	181,9
     31,5948	    0,072879	183,8	   0,0721634	183,2
     31,5968	   0,0723377	182,6	   0,0727564	181,9
     31,5987	    0,072415	184,5	   0,0720978	184,6
     31,6007	   0,0715763	185,4	   0,0718306	185,1
     31,6026	   0,0713744	184,8	   0,0718047	184,5
     31,6046	    0,071289	186,4	   0,0707352	186,5
     31,6066	    0,070492	186,1	   0,0712442	186,0
     31,6085	   0,0707736	186,8	   0,0698748	187,6
     31,6105	   0,0701025	189,1	   0,0706034	187,5
     31,6124	   0,0699406	186,1	   0,0701856	188,7
     31,6144	   0,0693715	189,8	    0,069725	188,9
     31,6163	   0,0694474	188,9	   0,0695555	189,0
     31,6183	   0,0688254	190,5	   0,0696516	188,7
     31,6202	   0,0681525	191,5	   0,0691884	191,1
     31,6222	   0,0678624	190,4	   0,0687518	190,0
     31,6241	   0,0675087	192,7	   0,0683769	190,5
     31,6261	   0,0672388	192,3	   0,0683111	193,4
     31,6281	   0,0670337	192,6	    0,067189	192,0
       31,63	   0,0665773	195,3	    0,067335	193,5
      31,632	   0,0665966	192,9	   0,0674237	193,9
     31,6339	   0,0659816	194,4	   0,0665312	193,0
     31,6359	    0,065699	194,8	   0,0660452	195,1
     31,6378	   0,0654198	194,8	   0,0660464	194,6
     31,6398	    0,065089	197,4	   0,0658419	195,4
     31,6417	   0,0649035	197,1	   0,0651086	196,8
     31,6437	   0,0645519	198,5	   0,0652571	196,0
     31,6457	   0,0641283	197,8	   0,0648147	196,1
     31,6476	   0,0636845	198,4	   0,0646309	198,4
     31,6496	   0,0632245	199,9	   0,0643871	198,3
     31,6515	   0,0628766	198,4	   0,0641039	198,9
     31,6535	   0,0625158	199,6	   0,0632668	199,5
     31,6554	   0,0621949	-159,6	   0,0635688	199,8
     31,6574	   0,0620891	-159,0	   0,0632316	-158,3
     31,6593	   0,0620013	-157,7	   0,0622331	-159,8
     31,6613	   0,0615574	-158,8	   0,0616671	-158,6
     31,6632	   0,0613186	-156,2	    0,062305	-157,0
     31,6652	   0,0606399	-155,8	   0,0619657	-157,9
     31,6672	   0,0604108	-156,8	   0,0617431	-157,5
     31,6691	   0,0599149	-156,1	   0,0613022	-158,3
     31,6711	   0,0599211	-156,1	   0,0611036	-155,7
      31,673	   0,0595465	-153,9	   0,0606416	-156,6
      31,675	   0,0591306	-155,6	   0,0604805	-155,4
     31,6769	   0,0589159	-154,4	    0,060083	-156,8
     31,6789	    0,058308	-152,4	   0,0596439	-153,9
     31,6808	   0,0582813	-153,9	   0,0594681	-154,1
     31,6828	   0,0577753	-151,7	   0,0591111	-154,0
     31,6848	   0,0572317	-153,0	   0,0588819	-153,1
     31,6867	   0,0570077	-152,1	    0,058639	-153,7
     31,6887	   0,0568856	-151,7	   0,0581115	-151,8
     31,6906	   0,0564053	-152,0	   0,0575409	-152,5
     31,6926	    0,055951	-149,0	   0,0576545	-151,3
     31,6945	   0,0561463	-151,3	   0,0573724	-152,3
     31,6965	   0,0555968	-149,8	   0,0570755	-151,4
     31,6984	   0,0550768	-148,7	   0,0567725	-150,9
     31,7004	   0,0549395	-150,0	   0,0564273	-150,3
     31,7023	   0,0545993	-149,7	   0,0559862	-149,4
     31,7043	   0,0542902	-148,7	   0,0557467	-149,5
     31,7063	    0,054073	-147,9	   0,0554102	-147,7
     31,7082	   0,0537548	-148,0	   0,0547362	-149,8
     31,7102	   0,0535225	-146,8	   0,0547778	-147,6
     31,7121	   0,0533185	-147,2	   0,0545249	-147,4
     31,7141	   0,0528996	-145,3	   0,0542173	-147,3
      31,716	    0,052285	-145,5	   0,0539025	-146,2
      31,718	   0,0518775	-146,0	   0,0535952	-145,5
     31,7199	   0,0516794	-144,0	   0,0533117	-147,1
     31,7219	   0,0516067	-145,6	   0,0526431	-145,0
     31,7239	   0,0511171	-143,4	   0,0527166	-145,0
     31,7258	   0,0508898	-144,4	   0,0523054	-146,1
     31,7278	   0,0505402	-144,3	   0,0519694	-144,8
     31,7297	   0,0502531	-143,4	   0,0517517	-142,8
     31,7317	   0,0499021	-143,8	   0,0514356	-143,5
     31,7336	   0,0496593	-142,1	    0,050574	-143,7
     31,7356	   0,0493539	-142,3	   0,0507501	-142,5
     31,7375	   0,0490382	-141,6	    0,050593	-144,0
     31,7395	   0,0489181	-141,5	   0,0502491	-141,0
     31,7414	   0,0486867	-141,1	   0,0500326	-142,6
     31,7434	   0,0482021	-142,2	   0,0496305	-141,8
     31,7454	   0,0478998	-140,5	   0,0492583	-141,2
     31,7473	   0,0476173	-139,4	   0,0491113	-141,9
     31,7493	   0,0475361	-141,4	   0,0487986	-141,6
     31,7512	    0,046848	-138,4	   0,0485203	-140,3
     31,7532	   0,0464637	-139,1	   0,0482159	-140,5
     31,7551	   0,0465023	-137,9	   0,0479328	-138,8
     31,7571	   0,0459778	-138,8	   0,0473959	-140,5
      31,759	    0,045598	-136,8	   0,0473783	-137,8
      31,761	   0,0455187	-138,8	   0,0470158	-138,4
      31,763	   0,0454616	-137,7	   0,0467232	-138,2
     31,7649	   0,0450828	-138,0	   0,0461783	-138,1
     31,7669	   0,0449275	-137,0	   0,0459903	-136,6
     31,7688	   0,0444588	-137,9	   0,0459058	-138,7
     31,7708	   0,0442617	-135,1	   0,0456205	-137,1
     31,7727	    0,044113	-136,8	   0,0452154	-137,0
     31,7747	   0,0436218	-135,2	   0,0450577	-135,4
     31,7766	   0,0434382	-136,0	   0,0446976	-137,1
     31,7786	   0,0430161	-135,5	   0,0443404	-134,3
     31,7805	    0,042828	-135,6	    0,044181	-136,6
     31,7825	   0,0426627	-134,8	   0,0437713	-135,0
     31,7845	     0,04226	-133,8	   0,0436654	-135,1
     31,7864	   0,0416895	-133,3	   0,0434103	-134,3
     31,7884	   0,0417578	-134,4	   0,0429881	-134,7
     31,7903	   0,0413991	-132,5	   0,0427731	-133,0
     31,7923	   0,0409843	-134,1	   0,0425081	-134,1
     31,7942	   0,0409813	-133,3	   0,0422162	-133,4
     31,7962	   0,0405918	-132,4	    0,041747	-135,0
     31,7981	   0,0405354	-131,6	   0,0411382	-132,0
     31,8001	   0,0400864	-131,9	   0,0407612	-132,2
     31,8021	   0,0397505	-130,9	   0,0407399	-131,7
      31,804	   0,0394887	-131,5	   0,0408347	-132,4
      31,806	   0,0393742	-131,3	    0,040548	-131,0
     31,8079	    0,038864	-131,5	   0,0402711	-131,7
     31,8099	   0,0387266	-129,9	   0,0397943	-129,9
     31,8118	   0,0387137	-130,2	   0,0398267	-132,0
     31,8138	   0,0382015	-130,4	   0,0395226	-130,6
     31,8157	   0,0380928	-130,0	   0,0393055	-131,9
     31,8177	   0,0376509	-129,4	   0,0388392	-129,6
     31,8196	   0,0374964	-130,1	   0,0388158	-129,9
     31,8216	   0,0372263	-130,2	   0,0385128	-129,3
     31,8236	   0,0372192	-128,7	   0,0383271	-130,5
     31,8255	   0,0368384	-129,1	    0,037915	-129,3
     31,8275	   0,0365991	-127,8	   0,0377755	-130,2
     31,8294	   0,0361585	-128,7	   0,0371425	-127,7
     31,8314	   0,0358281	-127,4	   0,0369364	-128,2
     31,8333	   0,0355547	-128,5	   0,0370436	-128,7
     31,8353	   0,0354535	-127,8	   0,0365413	-129,3
     31,8372	   0,0355137	-128,0	   0,0363555	-127,2
     31,8392	   0,0349566	-126,2	   0,0362814	-129,8
     31,8412	   0,0346706	-127,5	   0,0360042	-127,9
     31,8431	   0,0344571	-126,9	   0,0355712	-126,5
     31,8451	   0,0345369	-127,6	   0,0354328	-126,3
      31,847	    0,034294	-126,7	   0,0352131	-127,7
      31,849	   0,0337697	-127,5	   0,0349468	-125,3
     31,8509	   0,0336972	-126,4	   0,0346831	-127,4
     31,8529	   0,0334969	-125,4	   0,0344653	-126,8
     31,8548	   0,0331877	-125,9	   0,0342598	-127,1
     31,8568	   0,0330021	-124,9	   0,0340565	-126,5
     31,8587	   0,0326409	-125,6	   0,0338385	-125,5
     31,8607	   0,0324583	-123,7	   0,0335748	-126,5
     31,8627	    0,032234	-124,2	   0,0333599	-125,3
     31,8646	   0,0321511	-125,4	   0,0332121	-126,7
     31,8666	   0,0319073	-124,4	   0,0328316	-124,4
     31,8685	   0,0315542	-124,1	   0,0325129	-125,4
     31,8705	   0,0315381	-125,2	   0,0324063	-125,2
     31,8724	   0,0312553	-123,7	   0,0322171	-125,6
     31,8744	    0,031135	-124,3	   0,0317656	-123,8
     31,8763	   0,0306177	-123,7	   0,0318174	-126,1
     31,8783	    0,030597	-123,2	   0,0314432	-124,6
     31,8803	   0,0303068	-123,4	   0,0311762	-122,5
     31,8822	   0,0300201	-121,9	   0,0309262	-124,9
     31,8842	   0,0298678	-122,6	   0,0306888	-123,1
     31,8861	   0,0297722	-122,2	   0,0305174	-125,8
     31,8881	   0,0295762	-124,1	   0,0303559	-123,0
       31,89	   0,0292665	-122,4	   0,0301375	-125,3
      31,892	   0,0291904	-123,0	   0,0299216	-122,2
     31,8939	   0,0288759	-122,8	   0,0296322	-124,3
     31,8959	   0,0288549	-123,1	   0,0295989	-123,0
     31,8979	   0,0285639	-121,5	   0,0293251	-124,2
     31,8998	   0,0283027	-121,3	   0,0290314	-124,3
     31,9018	   0,0282328	-122,3	    0,028792	-121,7
     31,9037	   0,0279252	-121,9	   0,0286697	-123,8
     31,9057	   0,0279149	-121,8	   0,0283233	-120,9
     31,9076	   0,0276147	-121,9	   0,0282038	-124,3
     31,9096	    0,027507	-121,2	   0,0280007	-120,4
     31,9115	   0,0271352	-122,0	   0,0278952	-123,5
     31,9135	    0,027183	-121,4	   0,0277642	-121,6
     31,9154	   0,0268342	-120,9	   0,0274413	-122,2
     31,9174	   0,0267908	-120,4	   0,0273442	-123,7
     31,9194	   0,0265547	-122,3	   0,0270348	-120,6
     31,9213	    0,026386	-121,4	   0,0269735	-123,4
     31,9233	    0,026261	-119,4	   0,0267997	-119,7
     31,9252	   0,0260465	-121,1	    0,026625	-122,3
     31,9272	   0,0258637	-119,7	   0,0264318	-119,9
     31,9291	    0,025759	-122,3	   0,0262161	-119,7
     31,9311	   0,0255509	-119,5	   0,0259838	-121,3
      31,933	   0,0254237	-120,3	    0,025863	-119,7
      31,935	   0,0252635	-120,1	   0,0255378	-119,7
      31,937	   0,0251027	-120,5	   0,0257073	-119,9
     31,9389	   0,0249699	-120,9	   0,0254826	-120,9
     31,9409	   0,0245429	-119,7	   0,0253112	-120,2
     31,9428	   0,0245347	-120,2	   0,0251277	-120,0
     31,9448	    0,024361	-120,2	   0,0241854	-119,8
     31,9467	   0,0242658	-121,0	   0,0246383	-119,7
     31,9487	   0,0241175	-118,7	   0,0247031	-121,4
     31,9506	   0,0239173	-118,5	   0,0244921	-121,0
     31,9526	   0,0237811	-120,5	    0,024252	-120,0
     31,9545	   0,0236341	-119,1	   0,0240988	-120,5
     31,9565	   0,0234349	-120,4	   0,0239865	-119,3
     31,9585	   0,0233084	-118,9	   0,0238538	-120,4
     31,9604	   0,0231819	-119,2	   0,0237043	-120,8
     31,9624	   0,0229723	-120,0	   0,0234966	-119,7
     31,9643	   0,0227757	-118,8	   0,0233291	-119,7
     31,9663	   0,0227255	-120,1	   0,0231604	-118,4
     31,9682	    0,022649	-117,3	   0,0229922	-120,2
     31,9702	   0,0223924	-117,4	   0,0228576	-119,1
     31,9721	   0,0222782	-118,3	    0,022697	-118,5
     31,9741	   0,0221757	-118,9	    0,022652	-119,6
     31,9761	   0,0220263	-118,4	   0,0224797	-118,8
      31,978	   0,0218756	-120,5	    0,022286	-119,5
       31,98	   0,0216742	-116,9	   0,0221508	-120,0
     31,9819	   0,0215767	-118,5	    0,022026	-118,3
     31,9839	   0,0214021	-117,3	   0,0218509	-119,2
     31,9858	   0,0212125	-118,5	   0,0216182	-117,5
     31,9878	   0,0211327	-119,3	   0,0214966	-117,7
     31,9897	   0,0210571	-118,1	   0,0214106	-119,3
     31,9917	    0,020865	-119,2	    0,021351	-117,5
     31,9936	   0,0207513	-118,3	   0,0212002	-118,0
     31,9956	   0,0206794	-118,9	   0,0207429	-118,4
     31,9976	   0,0205542	-119,0	   0,0208729	-118,2
     31,9995	   0,0204317	-117,7	   0,0207204	-119,0
     32,0015	   0,0202398	-117,8	   0,0206011	-118,1
     32,0034	   0,0200288	-117,8	   0,0205249	-118,3
     32,0054	    0,019942	-117,9	   0,0203282	-117,8
     32,0073	   0,0199462	-117,8	   0,0203279	-117,9
     32,0093	   0,0197694	-117,6	   0,0201004	-118,1
     32,0112	   0,0195853	-117,2	   0,0199998	-117,3
     32,0132	   0,0194277	-117,5	    0,019895	-117,8
     32,0152	   0,0194606	-117,9	   0,0195886	-116,9
     32,0171	   0,0193393	-117,5	   0,0196193	-117,7
     32,0191	   0,0191952	-117,4	   0,0195248	-118,0
      32,021	   0,0190081	-117,5	   0,0193523	-117,7
      32,023	   0,0189139	-117,5	   0,0192749	-117,4
     32,0249	   0,0188452	-117,4	   0,0191485	-117,5
     32,0269	    0,018718	-116,9	    0,019058	-117,4
     32,0288	   0,0185763	-117,2	   0,0189562	-117,6
     32,0308	   0,0185043	-117,4	   0,0188342	-117,1
     32,0327	   0,0184268	-117,3	   0,0186759	-117,5
     32,0347	   0,0182748	-116,8	   0,0185319	-117,0
     32,0367	   0,0180659	-117,0	   0,0184202	-116,8
     32,0386	   0,0180708	-117,0	   0,0183823	-117,4
     32,0406	   0,0180274	-116,9	   0,0182079	-117,4
     32,0425	   0,0178388	-116,8	   0,0180605	-116,6
     32,0445	   0,0176014	-116,6	   0,0179961	-116,9
     32,0464	   0,0176138	-117,4	   0,0179054	-117,0
     32,0484	   0,0176026	-116,8	   0,0178853	-116,8
     32,0503	   0,0175003	-116,8	   0,0176969	-117,5
     32,0523	    0,017231	-116,5	   0,0175573	-117,1
     32,0543	   0,0171875	-116,7	   0,0174803	-116,6
     32,0562	   0,0171041	-116,6	   0,0174134	-116,5
     32,0582	    0,016999	-116,6	   0,0172434	-117,2
     32,0601	   0,0169031	-116,3	   0,0171332	-117,0
     32,0621	   0,0168306	-116,2	    0,017134	-116,1
      32,064	   0,0167675	-116,5	   0,0170349	-116,6
      32,066	   0,0165769	-116,3	   0,0168933	-116,6
     32,0679	   0,0164661	-116,4	   0,0167305	-116,8
     32,0699	   0,0164796	-116,6	    0,016628	-116,6
     32,0718	   0,0163715	-115,9	   0,0166231	-116,9
     32,0738	   0,0162448	-116,2	    0,016482	-116,8
     32,0758	   0,0161219	-116,0	   0,0163122	-116,8
     32,0777	   0,0160197	-116,1	   0,0163208	-116,0
     32,0797	   0,0159533	-116,0	   0,0162562	-116,2
     32,0816	   0,0159313	-116,0	   0,0160782	-116,6
     32,0836	   0,0157344	-116,0	   0,0159715	-116,1
     32,0855	   0,0156856	-116,1	   0,0159583	-115,8
     32,0875	   0,0156308	-116,1	   0,0158904	-116,3
     32,0894	   0,0155773	-115,7	     0,01569	-116,6
     32,0914	   0,0154279	-115,9	   0,0156128	-115,5
     32,0934	   0,0153568	-115,7	   0,0156087	-115,5
     32,0953	   0,0152423	-115,9	   0,0155649	-116,1
     32,0973	    0,015177	-116,1	   0,0154363	-116,2
     32,0992	   0,0151606	-115,8	   0,0153001	-116,3
     32,1012	   0,0150166	-115,5	   0,0151828	-115,8
     32,1031	   0,0149074	-115,8	   0,0151645	-115,8
     32,1051	   0,0148564	-116,0	   0,0151079	-115,9
      32,107	    0,014811	-115,8	    0,014943	-115,7
      32,109	   0,0146795	-115,6	   0,0149213	-115,7
     32,1109	   0,0146298	-116,0	   0,0148187	-115,8
     32,1129	   0,0145788	-115,7	   0,0147535	-115,9
     32,1149	    0,014497	-115,5	   0,0146713	-116,2
     32,1168	   0,0143645	-115,7	   0,0146095	-115,9
     32,1188	   0,0143165	-115,9	   0,0145025	-116,4
     32,1207	   0,0142415	-115,5	   0,0143863	-115,7
     32,1227	   0,0141524	-115,6	   0,0143288	-115,4
     32,1246	    0,014111	-115,3	   0,0142702	-115,5
     32,1266	   0,0139959	-115,2	   0,0141959	-115,5
     32,1285	   0,0139158	-115,5	   0,0140689	-115,5
     32,1305	   0,0138972	-115,7	   0,0140352	-115,7
     32,1325	    0,013799	-115,2	   0,0139431	-116,0
     32,1344	   0,0137091	-115,5	   0,0138806	-115,7
     32,1364	    0,013664	-115,2	   0,0138526	-115,8
     32,1383	   0,0135724	-115,5	   0,0137315	-115,4
     32,1403	   0,0134881	-115,3	   0,0137087	-115,7
     32,1422	   0,0133922	-115,7	   0,0135361	-115,7
     32,1442	   0,0133814	-115,2	   0,0135326	-115,2
     32,1461	   0,0133021	-115,0	   0,0134844	-115,9
     32,1481	   0,0131758	-115,2	   0,0133615	-115,4
       32,15	    0,013127	-115,5	   0,0132975	-115,4
      32,152	   0,0131387	-115,7	   0,0133242	-115,9
      32,154	   0,0130525	-115,0	   0,0131726	-115,8
     32,1559	    0,012922	-115,5	   0,0130719	-115,2
     32,1579	   0,0128884	-115,2	   0,0130421	-115,5
     32,1598	    0,012806	-115,2	   0,0130483	-115,4
     32,1618	   0,0127461	-115,3	   0,0129073	-115,7
     32,1637	   0,0127258	-115,1	   0,0128106	-115,0
     32,1657	   0,0126567	-114,7	   0,0127952	-115,3
     32,1676	   0,0125681	-114,9	    0,012698	-115,3
     32,1696	   0,0124872	-115,5	     0,01262	-115,3
     32,1716	   0,0124342	-115,2	   0,0125608	-115,2
     32,1735	   0,0123981	-114,7	    0,012553	-115,1
     32,1755	   0,0123139	-115,0	    0,012446	-115,1
     32,1774	   0,0122561	-114,6	   0,0124007	-115,0
     32,1794	   0,0122147	-114,9	   0,0124035	-114,8
     32,1813	   0,0121323	-114,4	   0,0122291	-115,6
     32,1833	   0,0120538	-115,1	   0,0121294	-114,9
     32,1852	    0,012006	-115,2	   0,0122229	-115,1
     32,1872	   0,0119623	-114,5	   0,0120755	-115,2
     32,1891	   0,0119058	-114,8	   0,0120056	-115,0
     32,1911	   0,0118096	-114,8	   0,0119635	-115,1
     32,1931	   0,0117798	-115,2	   0,0118858	-115,1
      32,195	   0,0117579	-114,6	   0,0118719	-114,3
      32,197	   0,0115626	-114,6	   0,0118234	-115,0
     32,1989	   0,0115859	-114,6	   0,0117124	-114,7
     32,2009	   0,0116016	-114,9	   0,0116534	-115,0
     32,2028	   0,0115255	-114,6	   0,0116335	-114,6
     32,2048	   0,0113904	-114,7	   0,0115636	-115,3
     32,2067	   0,0114152	-114,8	   0,0114556	-115,5
     32,2087	   0,0113511	-114,5	   0,0114543	-114,9
     32,2107	   0,0113025	-114,6	   0,0113878	-115,3
     32,2126	   0,0111666	-114,6	    0,011375	-114,8
     32,2146	   0,0112074	-115,2	    0,011232	-115,0
     32,2165	    0,011094	-114,1	   0,0112399	-114,8
     32,2185	   0,0110071	-114,8	   0,0111692	-115,1
     32,2204	   0,0110476	-114,7	   0,0110956	-115,1
     32,2224	   0,0109292	-115,0	    0,011058	-114,4
     32,2243	   0,0109139	-114,4	   0,0110254	-114,7
     32,2263	    0,010856	-114,3	   0,0109303	-115,0
     32,2282	   0,0107994	-114,7	   0,0108737	-114,7
     32,2302	    0,010741	-114,6	   0,0108756	-114,9
     32,2322	   0,0106887	-115,0	    0,010781	-114,6
     32,2341	   0,0106065	-114,4	    0,010789	-114,8
     32,2361	    0,010565	-115,2	   0,0106911	-114,9
      32,238	   0,0105748	-114,2	   0,0106147	-114,3
       32,24	   0,0104631	-114,6	   0,0106398	-114,6
     32,2419	   0,0104565	-114,9	   0,0105559	-114,9
     32,2439	   0,0103929	-114,5	   0,0104371	-114,9
     32,2458	   0,0102652	-114,5	   0,0104585	-114,4
     32,2478	   0,0103061	-114,9	   0,0104603	-115,2
     32,2498	    0,010266	-113,8	   0,0102604	-115,0
     32,2517	   0,0101838	-114,6	   0,0103118	-114,8
     32,2537	   0,0101817	-114,1	   0,0102465	-115,1
     32,2556	   0,0100824	-114,3	   0,0101765	-114,5
     32,2576	   0,0100543	-114,7	   0,0101592	-114,9
     32,2595	   0,0100108	-114,2	   0,0101287	-115,0
     32,2615	  0,00997292	-113,9	   0,0100672	-114,1
     32,2634	  0,00993389	-114,4	   0,0099932	-114,8
     32,2654	  0,00989813	-114,2	   0,0100064	-114,3
     32,2673	  0,00979747	-114,7	  0,00988992	-114,9
     32,2693	  0,00982493	-114,2	  0,00985201	-114,6
     32,2713	  0,00971773	-114,2	  0,00981741	-114,7
     32,2732	  0,00966272	-114,5	  0,00975393	-114,5
     32,2752	  0,00964029	-114,4	  0,00976865	-114,6
     32,2771	   0,0096401	-114,0	  0,00965051	-114,6
     32,2791	  0,00952698	-114,1	  0,00967251	-114,5
      32,281	  0,00948524	-115,0	  0,00959884	-114,7
      32,283	  0,00952162	-114,0	  0,00952225	-114,3
     32,2849	  0,00937635	-114,9	  0,00951782	-114,7
     32,2869	   0,0094432	-114,6	  0,00948264	-114,4
     32,2889	  0,00938134	-113,6	  0,00941115	-114,7
     32,2908	  0,00921858	-114,6	  0,00937749	-114,2
     32,2928	  0,00939017	-114,4	  0,00937363	-114,7
     32,2947	  0,00921948	-113,6	  0,00929333	-114,9
     32,2967	  0,00915485	-114,8	  0,00921809	-114,4
     32,2986	  0,00917016	-114,2	  0,00923573	-114,1
     32,3006	  0,00903093	-114,8	  0,00919614	-114,4
     32,3025	  0,00911321	-114,8	  0,00916382	-114,1
     32,3045	  0,00902809	-113,8	  0,00908228	-114,6
     32,3064	  0,00894194	-114,9	  0,00907026	-114,3
     32,3084	  0,00895525	-113,8	  0,00899421	-114,1
     32,3104	  0,00888814	-115,0	  0,00900008	-114,5
     32,3123	  0,00893344	-114,2	  0,00894688	-114,5
     32,3143	  0,00878157	-113,8	  0,00887288	-114,1
     32,3162	  0,00873392	-114,9	   0,0088735	-114,6
     32,3182	  0,00879399	-113,9	  0,00882175	-114,6
     32,3201	  0,00863548	-113,8	  0,00878069	-114,7
     32,3221	  0,00870451	-115,0	  0,00872945	-114,3
      32,324	  0,00865448	-114,0	  0,00868282	-114,7
      32,326	  0,00852017	-114,0	  0,00868062	-114,5
      32,328	  0,00858165	-114,6	  0,00861602	-114,6
     32,3299	  0,00852982	-113,8	  0,00859511	-114,5
     32,3319	  0,00844688	-114,3	  0,00857277	-114,1
     32,3338	  0,00847985	-114,5	  0,00849146	-114,8
     32,3358	  0,00839474	-114,0	  0,00847714	-114,4
     32,3377	  0,00836671	-114,6	  0,00847545	-114,1
     32,3397	  0,00839879	-113,8	  0,00834856	-114,5
     32,3416	   0,0083183	-113,8	  0,00839613	-114,2
     32,3436	  0,00827828	-114,7	   0,0083558	-114,7
     32,3456	  0,00822254	-114,2	  0,00830417	-113,7
     32,3475	  0,00818022	-114,7	  0,00825369	-114,8
     32,3495	  0,00820343	-114,1	  0,00824689	-114,1
     32,3514	  0,00807955	-114,9	  0,00822171	-114,4
     32,3534	  0,00816432	-113,9	  0,00808642	-115,1
     32,3553	  0,00804835	-114,5	  0,00815416	-113,4
     32,3573	  0,00806445	-114,3	  0,00810175	-115,4
     32,3592	  0,00796411	-114,1	  0,00797135	-112,9
     32,3612	  0,00794247	-114,4	  0,00810198	-114,4
     32,3631	  0,00794276	-113,5	  0,00795122	-114,2
     32,3651	  0,00789495	-113,4	  0,00794803	-114,2
     32,3671	  0,00783077	-114,6	  0,00790908	-114,7
      32,369	  0,00781703	-113,9	  0,00790273	-113,9
      32,371	  0,00775249	-114,6	  0,00784086	-114,5
     32,3729	   0,0077587	-113,6	  0,00781812	-114,2
     32,3749	  0,00771647	-114,3	  0,00777389	-114,9
     32,3768	  0,00770179	-114,3	  0,00771197	-114,5
     32,3788	  0,00759726	-114,2	  0,00772758	-114,1
     32,3807	  0,00760055	-114,3	  0,00762602	-114,8
     32,3827	  0,00763149	-113,9	  0,00763687	-114,6
     32,3847	  0,00750026	-114,4	  0,00762142	-114,4
     32,3866	  0,00756672	-114,5	  0,00758053	-114,1
     32,3886	  0,00751069	-114,1	  0,00754172	-114,6
     32,3905	  0,00745417	-114,3	  0,00751838	-113,7
     32,3925	  0,00749634	-113,7	  0,00747869	-114,2
     32,3944	  0,00735895	-114,1	  0,00744358	-113,7
     32,3964	  0,00737173	-114,1	  0,00746676	-113,8
     32,3983	  0,00737724	-113,9	   0,0073671	-114,5
     32,4003	  0,00724563	-114,4	  0,00741206	-114,3
     32,4022	  0,00730008	-114,4	  0,00726297	-114,6
     32,4042	  0,00722821	-114,0	  0,00742705	-113,5
     32,4062	  0,00717579	-114,3	  0,00712902	-115,4
     32,4081	  0,00722595	-114,2	  0,00740699	-112,1
     32,4101	  0,00717955	-113,9	  0,00732304	-116,8
      32,412	  0,00707241	-114,8	  0,00724523	-108,0
      32,414	  0,00714918	-113,7	  0,00711757	-114,6
     32,4159	  0,00707375	-114,5	  0,00719263	-113,6
     32,4179	  0,00707811	-114,2	  0,00708106	-115,0
     32,4198	  0,00700223	-114,1	  0,00703339	-113,6
     32,4218	  0,00702204	-114,4	  0,00701324	-115,2
     32,4238	  0,00692835	-113,8	   0,0070282	-114,5
     32,4257	   0,0070071	-114,1	  0,00695339	-114,0
     32,4277	  0,00687032	-114,0	   0,0069037	-114,5
     32,4296	  0,00687715	-114,8	  0,00696381	-114,1
     32,4316	  0,00689134	-113,6	  0,00691432	-114,6
     32,4335	  0,00671874	-114,5	  0,00682621	-114,2
     32,4355	  0,00686947	-114,4	  0,00682511	-114,8
     32,4374	  0,00673796	-114,1	  0,00678964	-114,4
     32,4394	  0,00673138	-114,6	  0,00677024	-114,0
     32,4413	  0,00671562	-114,2	  0,00670644	-113,9
     32,4433	  0,00668844	-114,2	  0,00674125	-113,7
     32,4453	  0,00662422	-114,3	  0,00675565	-113,3
     32,4472	  0,00665604	-113,7	  0,00665406	-114,7
     32,4492	  0,00658405	-114,8	   0,0066043	-113,9
     32,4511	  0,00657264	-114,1	  0,00662403	-115,0
     32,4531	  0,00652865	-114,3	  0,00654718	-114,3
      32,455	  0,00652706	-113,7	  0,00660129	-114,1
      32,457	  0,00651369	-114,5	   0,0065098	-114,0
     32,4589	  0,00642917	-113,7	  0,00647342	-115,0
     32,4609	  0,00647999	-114,1	  0,00650748	-113,6
     32,4629	  0,00638633	-114,6	  0,00646847	-114,8
     32,4648	  0,00639078	-114,6	  0,00639474	-113,7
     32,4668	  0,00637123	-114,1	   0,0064652	-113,9
     32,4687	  0,00634922	-114,7	  0,00636982	-114,1
     32,4707	  0,00635972	-113,9	  0,00633996	-114,3
     32,4726	   0,0062536	-114,6	  0,00630715	-114,5
     32,4746	  0,00627469	-113,7	  0,00626331	-114,2
     32,4765	  0,00624228	-114,4	  0,00628216	-114,2
     32,4785	   0,0062202	-114,4	  0,00621702	-114,7
     32,4804	  0,00620193	-114,2	  0,00619691	-114,2
     32,4824	  0,00623697	-114,0	  0,00622824	-114,9
     32,4844	  0,00606839	-114,7	  0,00616452	-114,1
     32,4863	  0,00612444	-114,0	  0,00614709	-114,4
     32,4883	  0,00604434	-114,0	  0,00607785	-113,8
     32,4902	  0,00606846	-113,9	  0,00617727	-114,5
     32,4922	  0,00604152	-114,4	   0,0059721	-114,7
     32,4941	  0,00599394	-114,8	  0,00613199	-113,4
     32,4961	  0,00600336	-113,8	  0,00590645	-115,2
      32,498	  0,00599772	-114,5	  0,00619104	-112,6
        32,5	  0,00597165	-114,2	   0,0057534	-117,7

