X-Data [Hz]	Laser (M - Filtered) [m/s]	Phase [Deg]	
	002: [07-05-24 16:54]	
       41,25	  0,00337403	79,4
     41,2522	  0,00350078	78,3
     41,2544	  0,00342819	74,0
     41,2566	  0,00336572	75,9
     41,2588	  0,00347603	80,0
      41,261	  0,00341702	77,6
     41,2632	  0,00342755	69,9
     41,2654	  0,00341104	77,8
     41,2676	  0,00337117	74,7
     41,2698	  0,00339502	72,8
      41,272	  0,00346463	78,5
     41,2742	  0,00340264	73,4
     41,2764	  0,00341575	77,2
     41,2786	  0,00341298	81,4
     41,2808	  0,00353581	71,3
      41,283	  0,00345842	76,0
     41,2852	  0,00339968	76,7
     41,2874	  0,00348748	76,7
     41,2896	  0,00351865	79,5
     41,2918	  0,00340471	74,8
      41,294	  0,00342388	75,6
     41,2962	  0,00348843	82,2
     41,2984	  0,00344091	72,7
     41,3006	  0,00345071	75,7
     41,3028	  0,00347161	79,7
      41,305	   0,0035622	72,8
     41,3072	  0,00354575	77,2
     41,3094	  0,00335924	77,2
     41,3116	  0,00340938	79,7
     41,3138	  0,00357976	82,2
      41,316	  0,00363436	70,2
     41,3182	  0,00338951	75,8
     41,3204	  0,00353274	83,6
     41,3226	  0,00352941	70,8
     41,3248	  0,00350455	79,8
      41,327	  0,00354481	77,9
     41,3292	   0,0035266	71,8
     41,3314	  0,00353127	77,6
     41,3336	  0,00352899	76,9
     41,3358	  0,00355286	77,5
      41,338	  0,00362852	71,1
     41,3402	  0,00348965	74,4
     41,3424	  0,00358869	79,4
     41,3446	  0,00359138	77,7
     41,3468	  0,00360145	73,4
      41,349	   0,0035824	79,4
     41,3512	  0,00358828	77,4
     41,3534	  0,00354393	77,8
     41,3556	  0,00357741	76,0
     41,3578	  0,00359445	79,0
       41,36	  0,00361769	73,6
     41,3622	  0,00355966	78,1
     41,3644	  0,00359356	80,9
     41,3666	  0,00360621	78,1
     41,3688	  0,00360007	74,8
      41,371	  0,00368763	71,8
     41,3732	    0,003682	81,6
     41,3754	  0,00356847	72,3
     41,3776	  0,00354322	77,9
     41,3798	  0,00363746	80,0
      41,382	  0,00370266	75,0
     41,3842	   0,0036116	75,1
     41,3864	  0,00364556	80,9
     41,3886	  0,00373252	77,7
     41,3908	  0,00366571	80,2
      41,393	  0,00367732	74,1
     41,3952	  0,00365688	74,9
     41,3974	  0,00370371	81,7
     41,3996	  0,00368015	73,1
     41,4018	  0,00363878	77,5
      41,404	  0,00357993	82,5
     41,4062	  0,00370682	75,4
     41,4084	  0,00376239	78,4
     41,4106	  0,00363882	80,4
     41,4128	  0,00371951	78,6
      41,415	  0,00366651	78,6
     41,4172	  0,00363806	76,4
     41,4194	  0,00373639	79,1
     41,4216	  0,00366404	80,2
     41,4238	  0,00374793	73,4
      41,426	  0,00369308	80,2
     41,4282	  0,00371807	78,9
     41,4304	  0,00373141	70,9
     41,4326	   0,0036102	78,4
     41,4347	  0,00366141	78,3
      41,437	  0,00379937	79,1
     41,4391	   0,0038223	76,7
     41,4413	  0,00371442	78,3
     41,4436	  0,00374286	80,1
     41,4457	  0,00369415	76,5
     41,4479	  0,00383097	79,1
     41,4501	  0,00375647	76,5
     41,4523	  0,00377393	76,4
     41,4545	  0,00379209	78,1
     41,4567	  0,00376515	73,7
     41,4589	  0,00379915	81,3
     41,4611	  0,00379608	78,9
     41,4633	  0,00383004	76,3
     41,4655	  0,00377634	82,4
     41,4677	  0,00378262	74,6
     41,4699	  0,00378072	79,9
     41,4721	  0,00380627	82,3
     41,4743	  0,00375895	71,7
     41,4765	  0,00377514	78,6
     41,4787	  0,00375783	80,2
     41,4809	  0,00385011	74,4
     41,4831	  0,00385992	81,8
     41,4853	   0,0038685	76,7
     41,4875	  0,00378893	83,0
     41,4897	  0,00383697	77,2
     41,4919	  0,00390686	81,8
     41,4941	  0,00389817	79,1
     41,4963	  0,00387489	74,9
     41,4985	  0,00390091	82,6
     41,5007	  0,00389156	77,1
     41,5029	  0,00394649	78,1
     41,5051	  0,00389718	82,2
     41,5073	  0,00376437	77,2
     41,5095	   0,0039912	83,1
     41,5117	  0,00402092	79,1
     41,5139	    0,003874	77,9
     41,5161	  0,00388305	79,7
     41,5183	  0,00384911	77,7
     41,5205	  0,00384561	82,8
     41,5227	  0,00395565	81,1
     41,5249	  0,00397051	77,2
     41,5271	  0,00397588	79,5
     41,5293	  0,00391839	79,2
     41,5315	  0,00386145	76,8
     41,5337	  0,00401268	82,6
     41,5359	  0,00401259	78,7
     41,5381	  0,00396811	79,6
     41,5403	  0,00391735	74,5
     41,5425	  0,00393945	81,6
     41,5447	  0,00395152	77,8
     41,5469	  0,00406919	74,2
     41,5491	  0,00397725	84,3
     41,5513	  0,00392851	77,0
     41,5535	  0,00406353	76,7
     41,5557	  0,00399791	82,6
     41,5579	  0,00404097	74,1
     41,5601	  0,00402268	77,1
     41,5623	  0,00407542	77,4
     41,5645	  0,00403206	83,0
     41,5667	  0,00395584	73,5
     41,5689	   0,0040012	79,7
     41,5711	  0,00411724	83,1
     41,5733	  0,00411681	71,2
     41,5755	  0,00406413	81,5
     41,5777	  0,00399781	78,8
     41,5799	  0,00406714	77,8
     41,5821	  0,00411446	84,1
     41,5843	   0,0041012	73,1
     41,5865	  0,00413653	81,1
     41,5887	  0,00413676	80,9
     41,5909	  0,00420193	75,0
     41,5931	  0,00414389	73,5
     41,5953	  0,00416307	79,8
     41,5975	  0,00409528	82,8
     41,5997	  0,00410751	74,5
     41,6019	  0,00410853	80,3
     41,6041	   0,0041739	76,4
     41,6063	  0,00416924	80,0
     41,6085	  0,00413581	78,5
     41,6107	  0,00400632	81,9
     41,6129	  0,00426349	79,2
     41,6151	  0,00424927	75,9
     41,6173	  0,00414595	81,1
     41,6195	  0,00414246	77,1
     41,6217	  0,00422248	79,1
     41,6239	  0,00423643	82,9
     41,6261	  0,00429288	78,6
     41,6283	  0,00427458	79,5
     41,6305	  0,00414474	78,1
     41,6327	  0,00423332	78,2
     41,6349	  0,00428538	80,5
     41,6371	  0,00429326	76,1
     41,6393	  0,00423359	80,8
     41,6415	  0,00419346	77,0
     41,6437	  0,00426154	82,2
     41,6459	  0,00424534	79,3
     41,6481	  0,00423157	80,4
     41,6503	  0,00429388	79,3
     41,6525	  0,00427425	77,3
     41,6547	  0,00427917	81,1
     41,6569	  0,00430335	81,3
     41,6591	  0,00437918	79,1
     41,6613	  0,00422819	79,4
     41,6635	  0,00419086	79,3
     41,6657	   0,0043039	79,0
     41,6679	   0,0043135	80,0
     41,6701	  0,00428195	82,1
     41,6723	  0,00429007	79,0
     41,6745	  0,00435901	81,1
     41,6767	   0,0043044	77,6
     41,6789	  0,00442819	80,2
     41,6811	  0,00436123	83,4
     41,6833	  0,00426578	76,3
     41,6855	  0,00439588	86,4
     41,6877	  0,00434483	81,8
     41,6899	  0,00435163	79,7
     41,6921	  0,00444025	81,7
     41,6943	   0,0044022	79,7
     41,6965	  0,00441584	82,5
     41,6987	    0,004383	79,4
     41,7009	  0,00443926	81,5
     41,7031	  0,00445208	79,4
     41,7053	  0,00439733	83,6
     41,7075	  0,00438508	79,5
     41,7097	  0,00446544	84,4
     41,7119	  0,00450869	80,6
     41,7141	    0,004533	79,1
     41,7163	  0,00449083	85,8
     41,7185	  0,00444613	78,9
     41,7207	  0,00444426	81,4
     41,7229	  0,00452997	83,0
     41,7251	  0,00445141	76,3
     41,7273	   0,0044362	76,5
     41,7295	  0,00457254	81,0
     41,7317	  0,00446274	83,9
     41,7339	  0,00443381	78,4
     41,7361	  0,00447366	84,7
     41,7383	  0,00455227	81,4
     41,7405	  0,00454835	81,1
     41,7427	  0,00453367	82,1
     41,7449	  0,00455209	79,3
     41,7471	  0,00458939	84,6
     41,7493	  0,00455443	77,2
     41,7515	  0,00456558	84,0
     41,7537	   0,0045992	80,8
     41,7559	  0,00457723	87,7
     41,7581	  0,00464563	78,8
     41,7603	  0,00464665	85,9
     41,7625	  0,00457505	80,5
     41,7647	  0,00456609	78,4
     41,7669	  0,00471039	86,0
     41,7691	  0,00466421	81,3
     41,7713	  0,00460477	82,4
     41,7735	  0,00452754	80,1
     41,7757	  0,00462259	86,3
     41,7779	  0,00476478	82,6
     41,7801	  0,00472404	82,9
     41,7823	  0,00466778	82,6
     41,7845	  0,00466767	81,7
     41,7867	  0,00470568	84,3
     41,7889	  0,00475493	79,6
     41,7911	  0,00465505	87,5
     41,7933	  0,00466977	80,0
     41,7955	  0,00479378	83,2
     41,7977	  0,00476765	80,0
     41,7999	  0,00473938	86,2
     41,8021	  0,00475945	78,8
     41,8043	   0,0046942	80,3
     41,8064	  0,00468525	84,3
     41,8087	  0,00481742	82,8
     41,8109	  0,00487862	85,7
      41,813	   0,0047492	78,3
     41,8153	  0,00462665	81,7
     41,8174	  0,00475933	78,9
     41,8196	   0,0048834	86,6
     41,8218	  0,00484219	79,4
      41,824	  0,00477061	84,9
     41,8262	  0,00484127	77,7
     41,8284	  0,00486828	83,7
     41,8306	  0,00492566	85,7
     41,8328	  0,00490298	75,9
      41,835	    0,004896	80,5
     41,8372	  0,00490903	85,7
     41,8394	  0,00484795	85,3
     41,8416	  0,00490834	77,5
     41,8438	  0,00496514	84,5
      41,846	  0,00494313	80,9
     41,8482	  0,00486129	85,8
     41,8504	  0,00493707	82,1
     41,8526	  0,00505657	85,0
     41,8548	  0,00496176	85,3
      41,857	  0,00501686	77,9
     41,8592	  0,00498998	89,5
     41,8614	  0,00509733	81,7
     41,8636	  0,00505847	84,4
     41,8658	   0,0050627	79,8
      41,868	  0,00508408	86,4
     41,8702	   0,0050821	83,1
     41,8724	  0,00496236	84,6
     41,8746	  0,00503108	78,9
     41,8768	  0,00499152	88,7
      41,879	  0,00502403	81,5
     41,8812	  0,00512085	81,8
     41,8834	  0,00515939	86,5
     41,8856	  0,00513819	81,3
     41,8878	  0,00507246	87,3
       41,89	  0,00510887	84,7
     41,8922	  0,00515496	84,7
     41,8944	  0,00514997	82,4
     41,8966	  0,00517115	85,6
     41,8988	  0,00526014	78,8
      41,901	  0,00512658	88,6
     41,9032	  0,00506324	82,0
     41,9054	  0,00511517	85,7
     41,9076	  0,00520407	81,4
     41,9098	  0,00527315	86,4
      41,912	  0,00524897	82,7
     41,9142	  0,00526966	81,8
     41,9164	  0,00521621	79,8
     41,9186	  0,00516318	89,9
     41,9208	  0,00513359	84,8
      41,923	  0,00524241	83,1
     41,9252	   0,0052545	85,0
     41,9274	  0,00536146	87,6
     41,9296	  0,00529439	83,4
     41,9318	  0,00530846	82,6
      41,934	  0,00526315	87,0
     41,9362	  0,00527114	84,1
     41,9384	  0,00535339	86,7
     41,9406	  0,00534804	81,6
     41,9428	  0,00539101	89,2
      41,945	  0,00532646	83,1
     41,9472	  0,00539223	87,1
     41,9494	  0,00538751	83,6
     41,9516	  0,00538749	85,5
     41,9538	  0,00542418	87,8
      41,956	  0,00551026	87,6
     41,9582	   0,0054391	82,9
     41,9604	  0,00541982	92,9
     41,9626	  0,00537999	84,9
     41,9648	  0,00546173	86,9
      41,967	  0,00543313	82,2
     41,9692	  0,00543267	90,8
     41,9714	   0,0055873	85,5
     41,9736	  0,00557709	83,9
     41,9758	   0,0055288	88,9
      41,978	  0,00550423	90,4
     41,9802	  0,00545754	82,3
     41,9824	  0,00544521	87,6
     41,9846	  0,00560021	87,2
     41,9868	  0,00559541	86,9
      41,989	  0,00549193	89,0
     41,9912	  0,00552623	83,7
     41,9934	  0,00561005	88,8
     41,9956	  0,00569794	85,5
     41,9978	  0,00571899	87,5
          42	  0,00565879	83,4
     42,0022	  0,00565451	82,9
     42,0044	  0,00568366	89,8
     42,0066	  0,00569564	88,9
     42,0088	   0,0056506	85,7
      42,011	  0,00567881	87,4
     42,0132	  0,00575467	86,4
     42,0154	  0,00582638	89,3
     42,0176	   0,0058231	83,2
     42,0198	  0,00574787	88,7
      42,022	  0,00573013	84,6
     42,0242	  0,00574373	92,4
     42,0264	  0,00576702	85,6
     42,0286	  0,00587582	92,2
     42,0308	  0,00583262	89,4
      42,033	  0,00585585	88,6
     42,0352	  0,00588982	87,2
     42,0374	  0,00590506	86,5
     42,0396	  0,00583547	89,5
     42,0418	  0,00580171	90,8
      42,044	  0,00593076	85,8
     42,0462	  0,00592728	91,1
     42,0484	   0,0059337	86,7
     42,0506	   0,0059523	91,9
     42,0528	  0,00587525	81,3
      42,055	  0,00591542	89,8
     42,0572	  0,00592406	86,0
     42,0594	  0,00599476	87,6
     42,0616	   0,0060742	89,5
     42,0638	  0,00597641	89,2
      42,066	  0,00603549	86,7
     42,0682	  0,00588894	90,7
     42,0704	  0,00595584	90,4
     42,0726	  0,00614856	89,1
     42,0748	  0,00622942	85,1
      42,077	  0,00615617	95,6
     42,0792	  0,00619537	87,1
     42,0814	  0,00615997	91,4
     42,0836	  0,00616913	90,0
     42,0858	   0,0061128	85,1
      42,088	   0,0060915	94,9
     42,0902	  0,00614803	88,0
     42,0924	  0,00624174	87,4
     42,0946	  0,00626812	90,9
     42,0968	  0,00625043	91,4
      42,099	  0,00616699	90,5
     42,1012	  0,00621242	85,2
     42,1034	  0,00622515	84,6
     42,1056	  0,00623521	91,7
     42,1078	  0,00622251	88,0
       42,11	  0,00617184	95,2
     42,1122	  0,00622682	88,2
     42,1144	  0,00630573	93,3
     42,1166	  0,00637158	89,0
     42,1188	  0,00634859	95,6
      42,121	  0,00633534	87,6
     42,1232	  0,00640498	93,9
     42,1254	  0,00643049	91,7
     42,1276	  0,00648912	93,7
     42,1298	  0,00653052	87,9
      42,132	  0,00652356	91,6
     42,1342	  0,00651998	87,0
     42,1364	  0,00654061	94,0
     42,1386	  0,00651908	88,5
     42,1408	  0,00649118	93,5
      42,143	  0,00651936	88,4
     42,1452	  0,00651708	95,3
     42,1474	  0,00652487	93,4
     42,1496	  0,00653756	92,6
     42,1518	  0,00657923	90,7
      42,154	  0,00663815	91,4
     42,1562	  0,00663983	96,8
     42,1584	  0,00662925	92,6
     42,1606	  0,00665437	93,8
     42,1628	   0,0066733	90,8
      42,165	  0,00671073	90,8
     42,1672	  0,00671328	94,2
     42,1694	  0,00666498	88,5
     42,1716	  0,00671824	88,3
     42,1738	  0,00675508	95,1
      42,176	   0,0067863	88,4
     42,1782	  0,00663425	97,4
     42,1804	  0,00667566	91,0
     42,1826	  0,00674614	94,7
     42,1847	  0,00681585	90,0
      42,187	  0,00681684	97,3
     42,1891	  0,00687023	97,5
     42,1913	  0,00685918	93,3
     42,1936	  0,00683585	88,7
     42,1957	  0,00683721	96,1
     42,1979	  0,00691102	92,4
     42,2001	  0,00703041	96,9
     42,2023	  0,00701795	88,3
     42,2045	  0,00699657	96,3
     42,2067	  0,00698105	95,8
     42,2089	  0,00702489	90,8
     42,2111	  0,00691046	101,1
     42,2133	   0,0070365	89,2
     42,2155	  0,00708285	95,3
     42,2177	  0,00708531	91,0
     42,2199	  0,00712014	101,8
     42,2221	  0,00715079	90,1
     42,2243	  0,00709406	95,2
     42,2265	  0,00713926	92,6
     42,2287	  0,00714748	99,8
     42,2309	  0,00719672	94,2
     42,2331	   0,0072699	95,4
     42,2353	  0,00735984	99,3
     42,2375	  0,00734209	90,9
     42,2397	  0,00736976	99,0
     42,2419	  0,00736632	91,5
     42,2441	  0,00736656	99,8
     42,2463	  0,00731825	92,3
     42,2485	  0,00744648	99,8
     42,2507	  0,00738081	94,9
     42,2529	  0,00740068	97,7
     42,2551	  0,00742414	91,3
     42,2573	  0,00745327	93,6
     42,2595	  0,00754811	93,1
     42,2617	   0,0075571	92,2
     42,2639	  0,00752723	99,7
     42,2661	  0,00748218	97,2
     42,2683	  0,00742802	100,7
     42,2705	  0,00748036	90,6
     42,2727	  0,00756501	101,8
     42,2749	  0,00757579	94,8
     42,2771	  0,00769287	102,8
     42,2793	  0,00769646	96,2
     42,2815	  0,00776021	100,2
     42,2837	  0,00780122	99,0
     42,2859	  0,00777327	95,7
     42,2881	  0,00787291	102,1
     42,2903	   0,0077667	93,5
     42,2925	  0,00782473	100,3
     42,2947	  0,00787847	94,6
     42,2969	  0,00787408	103,8
     42,2991	  0,00782274	95,1
     42,3013	  0,00784854	102,7
     42,3035	  0,00788969	97,1
     42,3057	  0,00796568	101,5
     42,3079	  0,00802382	100,6
     42,3101	  0,00801685	104,9
     42,3123	  0,00798828	92,7
     42,3145	  0,00797889	98,0
     42,3167	  0,00807336	97,5
     42,3189	  0,00803901	99,9
     42,3211	  0,00805785	102,8
     42,3233	  0,00810226	102,0
     42,3255	  0,00810624	104,5
     42,3277	  0,00815355	97,3
     42,3299	  0,00814971	101,0
     42,3321	  0,00811818	101,6
     42,3343	  0,00812846	102,3
     42,3365	  0,00817188	104,0
     42,3387	   0,0082204	95,4
     42,3409	  0,00824993	103,8
     42,3431	  0,00824525	100,3
     42,3453	  0,00827602	109,0
     42,3475	  0,00830213	100,4
     42,3497	  0,00837033	105,8
     42,3519	  0,00839057	104,2
     42,3541	  0,00847101	101,1
     42,3563	  0,00852442	106,5
     42,3585	  0,00846182	97,9
     42,3607	  0,00844295	102,5
     42,3629	  0,00841658	100,2
     42,3651	  0,00849173	106,1
     42,3673	  0,00848015	102,9
     42,3695	   0,0085196	103,4
     42,3717	   0,0085563	107,5
     42,3739	  0,00855078	100,3
     42,3761	   0,0086785	105,4
     42,3783	  0,00870234	101,2
     42,3805	   0,0087342	109,1
     42,3827	  0,00874281	104,2
     42,3849	  0,00869981	107,9
     42,3871	  0,00883857	102,8
     42,3893	  0,00880489	104,5
     42,3915	  0,00883828	105,3
     42,3937	  0,00886491	106,4
     42,3959	  0,00889527	107,4
     42,3981	  0,00883138	103,4
     42,4003	   0,0088238	107,0
     42,4025	    0,008871	106,1
     42,4047	  0,00888326	101,5
     42,4069	  0,00894732	106,6
     42,4091	  0,00894117	102,3
     42,4113	  0,00902612	112,1
     42,4135	  0,00916632	105,0
     42,4157	  0,00925849	109,4
     42,4179	    0,009237	105,0
     42,4201	  0,00925618	110,9
     42,4223	  0,00928673	106,3
     42,4245	  0,00929255	107,9
     42,4267	  0,00933918	103,8
     42,4289	  0,00932966	106,8
     42,4311	   0,0093276	110,3
     42,4333	  0,00935255	106,9
     42,4355	  0,00936068	111,1
     42,4377	   0,0094854	110,6
     42,4399	  0,00946676	105,8
     42,4421	  0,00942694	110,8
     42,4443	  0,00947595	106,4
     42,4465	  0,00958557	117,5
     42,4487	  0,00948305	107,1
     42,4509	  0,00948563	114,4
     42,4531	  0,00956493	107,5
     42,4553	  0,00961982	110,4
     42,4575	  0,00963729	115,4
     42,4597	  0,00961482	111,8
     42,4619	  0,00969742	113,1
     42,4641	  0,00969573	112,7
     42,4663	  0,00977359	111,9
     42,4685	  0,00977221	114,0
     42,4707	  0,00988449	110,7
     42,4729	  0,00990668	118,8
     42,4751	  0,00990886	109,9
     42,4773	  0,00990292	115,8
     42,4795	  0,00995725	108,1
     42,4817	   0,0100396	116,2
     42,4839	   0,0100458	115,6
     42,4861	   0,0100682	109,4
     42,4883	   0,0100221	119,1
     42,4905	  0,00999041	116,1
     42,4927	   0,0100825	112,4
     42,4949	   0,0101497	116,5
     42,4971	   0,0102534	109,0
     42,4993	   0,0102901	119,5
     42,5015	   0,0103111	113,8
     42,5037	   0,0103248	119,2
     42,5059	   0,0102767	114,4
     42,5081	   0,0103239	112,8
     42,5103	   0,0103694	117,6
     42,5125	   0,0104066	110,7
     42,5147	   0,0105082	119,4
     42,5169	   0,0105233	117,4
     42,5191	    0,010531	120,3
     42,5213	    0,010586	119,8
     42,5235	   0,0105726	115,9
     42,5257	   0,0106464	122,7
     42,5279	   0,0106521	113,5
     42,5301	   0,0105922	125,0
     42,5323	   0,0105872	119,7
     42,5345	   0,0105822	120,3
     42,5367	   0,0106154	120,0
     42,5389	   0,0106534	116,1
     42,5411	   0,0107469	120,0
     42,5433	   0,0108301	122,9
     42,5455	   0,0107498	122,9
     42,5477	   0,0108076	125,5
     42,5499	   0,0107955	118,0
     42,5521	   0,0108417	124,5
     42,5543	   0,0107944	118,4
     42,5564	   0,0108315	122,6
     42,5587	   0,0109375	122,0
     42,5609	   0,0109571	121,8
      42,563	   0,0109797	129,3
     42,5653	   0,0110169	124,2
     42,5674	   0,0110119	123,5
     42,5696	   0,0111206	126,1
     42,5718	   0,0111259	121,9
      42,574	   0,0111771	125,5
     42,5762	   0,0111279	126,2
     42,5784	     0,01115	127,5
     42,5806	   0,0112183	129,2
     42,5828	   0,0111873	119,8
      42,585	      0,0113	126,4
     42,5872	   0,0113036	125,4
     42,5894	    0,011338	127,1
     42,5916	   0,0113093	131,2
     42,5938	    0,011369	127,4
      42,596	   0,0114318	129,1
     42,5982	   0,0114595	128,1
     42,6004	    0,011425	127,6
     42,6026	    0,011462	128,9
     42,6048	   0,0114008	121,7
      42,607	   0,0113817	134,2
     42,6092	   0,0114749	124,1
     42,6114	   0,0115569	132,3
     42,6136	   0,0115619	128,4
     42,6158	   0,0116088	127,6
      42,618	   0,0116509	126,8
     42,6202	   0,0117203	128,0
     42,6224	   0,0116264	125,8
     42,6246	    0,011733	135,8
     42,6268	   0,0117593	130,2
      42,629	   0,0117947	135,2
     42,6312	   0,0117465	125,3
     42,6334	   0,0117932	134,2
     42,6356	   0,0117685	131,9
     42,6378	    0,011824	131,2
       42,64	     0,01178	131,6
     42,6422	   0,0117983	137,2
     42,6444	     0,01181	133,6
     42,6466	   0,0118599	137,9
     42,6488	   0,0118489	132,9
      42,651	   0,0119093	134,4
     42,6532	   0,0119338	134,9
     42,6554	   0,0119243	136,3
     42,6576	   0,0120141	139,9
     42,6598	   0,0120391	137,8
      42,662	    0,012004	139,8
     42,6642	   0,0121215	136,3
     42,6664	   0,0121084	133,8
     42,6686	   0,0121403	138,7
     42,6708	   0,0121655	141,4
      42,673	   0,0122128	133,8
     42,6752	   0,0122329	141,1
     42,6774	   0,0121956	139,9
     42,6796	   0,0122191	140,6
     42,6818	   0,0122078	145,8
      42,684	   0,0122206	137,9
     42,6862	   0,0122839	140,0
     42,6884	   0,0123231	137,9
     42,6906	   0,0122534	142,0
     42,6928	   0,0122785	143,4
      42,695	   0,0122041	143,6
     42,6972	    0,012217	143,2
     42,6994	   0,0122671	147,2
     42,7016	   0,0123094	141,1
     42,7038	   0,0122193	146,1
      42,706	   0,0122992	137,3
     42,7082	   0,0123499	139,7
     42,7104	   0,0123491	147,3
     42,7126	   0,0123035	140,4
     42,7148	   0,0122766	145,2
      42,717	   0,0122744	148,2
     42,7192	   0,0122758	145,8
     42,7214	   0,0123288	150,7
     42,7236	   0,0123839	142,5
     42,7258	   0,0123239	149,0
      42,728	   0,0122858	148,3
     42,7302	    0,012366	143,8
     42,7324	   0,0123499	153,7
     42,7346	   0,0122944	150,0
     42,7368	   0,0123647	146,3
      42,739	   0,0123721	152,7
     42,7412	   0,0123509	151,1
     42,7434	   0,0124107	148,8
     42,7456	    0,012353	153,1
     42,7478	   0,0123482	147,7
       42,75	    0,012352	150,1
     42,7522	   0,0123327	152,4
     42,7544	   0,0123067	150,2
     42,7566	   0,0122691	157,2
     42,7588	    0,012274	155,3
      42,761	    0,012284	152,9
     42,7632	   0,0122723	154,6
     42,7654	   0,0122861	149,9
     42,7676	   0,0122616	153,5
     42,7698	   0,0122824	156,0
      42,772	   0,0123556	151,3
     42,7742	   0,0123795	159,4
     42,7764	   0,0123079	155,7
     42,7786	   0,0123197	152,8
     42,7808	   0,0123484	157,1
      42,783	   0,0123221	157,6
     42,7852	   0,0123548	152,8
     42,7874	   0,0122689	158,0
     42,7896	   0,0122736	154,1
     42,7918	   0,0123133	157,2
      42,794	   0,0122129	158,6
     42,7962	   0,0121455	159,2
     42,7984	   0,0122036	162,7
     42,8006	   0,0123167	161,1
     42,8028	   0,0122164	156,3
      42,805	   0,0121884	161,0
     42,8072	   0,0122055	162,0
     42,8094	   0,0121605	156,2
     42,8116	   0,0121631	162,2
     42,8138	     0,01213	157,9
      42,816	   0,0121415	160,7
     42,8182	   0,0121867	162,9
     42,8204	   0,0122079	158,7
     42,8226	   0,0121074	166,1
     42,8248	   0,0120997	165,3
      42,827	   0,0120737	164,7
     42,8292	    0,012051	162,7
     42,8314	   0,0120945	166,0
     42,8336	   0,0120072	163,9
     42,8358	   0,0120392	162,8
      42,838	   0,0120125	164,9
     42,8402	   0,0119833	159,2
     42,8424	   0,0120351	167,2
     42,8446	   0,0119764	164,6
     42,8468	   0,0119287	166,8
      42,849	   0,0119082	170,7
     42,8512	   0,0119442	166,1
     42,8534	   0,0119217	163,2
     42,8556	   0,0118918	172,1
     42,8578	   0,0118766	167,5
       42,86	   0,0118385	165,3
     42,8622	   0,0118456	169,2
     42,8644	   0,0118813	162,1
     42,8666	   0,0118655	167,5
     42,8688	    0,011758	169,1
      42,871	   0,0116097	168,6
     42,8732	   0,0116242	174,4
     42,8754	   0,0116107	173,0
     42,8776	    0,011552	169,4
     42,8798	   0,0115332	170,9
      42,882	   0,0115372	174,9
     42,8842	   0,0114852	168,2
     42,8864	    0,011542	172,4
     42,8886	   0,0115783	171,8
     42,8908	    0,011588	169,3
      42,893	   0,0114841	174,8
     42,8952	   0,0113504	168,2
     42,8974	   0,0114199	170,7
     42,8996	   0,0114126	170,4
     42,9018	   0,0113682	173,3
      42,904	   0,0112448	173,2
     42,9062	    0,011325	177,7
     42,9084	   0,0112787	179,5
     42,9106	   0,0111369	174,3
     42,9128	   0,0111805	175,4
      42,915	   0,0112183	178,7
     42,9172	   0,0111709	171,8
     42,9194	   0,0111643	174,8
     42,9216	   0,0111788	172,9
     42,9238	   0,0110938	172,1
      42,926	   0,0111137	178,0
     42,9282	   0,0110169	176,2
     42,9304	   0,0110322	175,7
     42,9326	   0,0110176	180,6
     42,9347	    0,010979	174,0
      42,937	   0,0109333	176,1
     42,9391	    0,011024	176,5
     42,9413	   0,0109777	183,3
     42,9436	   0,0109401	177,0
     42,9457	   0,0109887	180,6
     42,9479	   0,0109308	173,6
     42,9501	   0,0108771	172,1
     42,9523	   0,0107978	178,6
     42,9545	    0,010741	176,2
     42,9567	   0,0106207	183,2
     42,9589	   0,0106013	181,5
     42,9611	   0,0106026	182,5
     42,9633	     0,01064	176,5
     42,9655	    0,010635	184,4
     42,9677	   0,0105818	182,3
     42,9699	   0,0104969	179,1
     42,9721	   0,0104763	184,7
     42,9743	   0,0104205	182,7
     42,9765	   0,0103079	179,8
     42,9787	   0,0103354	184,0
     42,9809	   0,0103441	181,0
     42,9831	    0,010376	179,5
     42,9853	   0,0103192	181,6
     42,9875	   0,0102576	182,0
     42,9897	   0,0102689	177,9
     42,9919	   0,0102411	188,7
     42,9941	   0,0102529	182,1
     42,9963	   0,0102144	182,8
     42,9985	   0,0101957	189,7
     43,0007	   0,0101081	185,8
     43,0029	   0,0100704	185,3
     43,0051	   0,0100785	187,4
     43,0073	   0,0100163	191,2
     43,0095	   0,0099889	187,6
     43,0117	   0,0100025	184,2
     43,0139	  0,00995875	196,4
     43,0161	  0,00985537	187,1
     43,0183	  0,00982574	184,0
     43,0205	  0,00989006	186,7
     43,0227	  0,00989712	184,2
     43,0249	  0,00995779	190,0
     43,0271	  0,00979611	197,9
     43,0293	  0,00973343	-152,7
     43,0315	  0,00970123	-180,6
     43,0337	  0,00960363	-172,9
     43,0359	  0,00968658	-168,6
     43,0381	  0,00958435	-173,2
     43,0403	  0,00950001	-169,0
     43,0425	  0,00954312	-164,4
     43,0447	  0,00951932	-172,4
     43,0469	  0,00950952	-169,6
     43,0491	  0,00942575	-167,6
     43,0513	  0,00946776	-171,5
     43,0535	  0,00941538	-170,2
     43,0557	  0,00935001	-172,2
     43,0579	  0,00939099	-175,9
     43,0601	  0,00940793	-173,3
     43,0623	  0,00934319	-168,4
     43,0645	  0,00928682	-173,4
     43,0667	  0,00935626	-172,0
     43,0689	  0,00928332	-166,1
     43,0711	  0,00922447	-171,2
     43,0733	   0,0092053	-170,2
     43,0755	  0,00911742	-165,4
     43,0777	  0,00909538	-166,1
     43,0799	  0,00901912	-168,2
     43,0821	  0,00904458	-162,4
     43,0843	  0,00896852	-165,4
     43,0865	  0,00901895	-165,0
     43,0887	  0,00899176	-167,5
     43,0909	  0,00897491	-164,4
     43,0931	  0,00888435	-165,6
     43,0953	  0,00894744	-169,8
     43,0975	  0,00890453	-164,0
     43,0997	  0,00884572	-167,6
     43,1019	   0,0088825	-168,6
     43,1041	  0,00885143	-164,8
     43,1063	   0,0088355	-158,4
     43,1085	  0,00878398	-167,9
     43,1107	  0,00866159	-168,2
     43,1129	  0,00867346	-159,4
     43,1151	  0,00861744	-168,7
     43,1173	  0,00862548	-168,1
     43,1195	  0,00864113	-162,9
     43,1217	   0,0085741	-165,4
     43,1239	  0,00854541	-164,5
     43,1261	  0,00847296	-171,1
     43,1283	  0,00851466	-163,6
     43,1305	    0,008489	-166,9
     43,1327	  0,00843701	-167,7
     43,1349	  0,00834748	-161,5
     43,1371	  0,00846481	-162,8
     43,1393	  0,00836909	-164,6
     43,1415	  0,00835316	-156,9
     43,1437	  0,00829807	-158,8
     43,1459	  0,00825005	-161,7
     43,1481	  0,00821181	-158,4
     43,1503	  0,00808727	-154,4
     43,1525	  0,00810542	-158,7
     43,1547	  0,00808168	-162,8
     43,1569	  0,00812377	-161,7
     43,1591	   0,0081253	-158,9
     43,1613	  0,00822062	-163,9
     43,1635	  0,00817462	-161,9
     43,1657	  0,00817439	-156,3
     43,1679	  0,00817113	-160,7
     43,1701	  0,00811973	-163,3
     43,1723	  0,00798944	-158,8
     43,1745	  0,00792397	-154,6
     43,1767	  0,00788786	-160,5
     43,1789	  0,00785533	-162,5
     43,1811	  0,00785917	-156,4
     43,1833	  0,00794158	-160,7
     43,1855	  0,00797954	-164,7
     43,1877	  0,00801734	-160,8
     43,1899	  0,00795295	-156,2
     43,1921	  0,00780639	-162,9
     43,1943	  0,00777664	-159,9
     43,1965	  0,00771335	-157,2
     43,1987	  0,00773506	-160,7
     43,2009	  0,00773236	-159,1
     43,2031	  0,00769267	-161,1
     43,2053	  0,00767048	-161,8
     43,2075	  0,00767932	-159,6
     43,2097	  0,00762253	-162,4
     43,2119	  0,00757812	-163,4
     43,2141	  0,00763965	-157,1
     43,2163	  0,00758265	-163,1
     43,2185	  0,00756681	-164,0
     43,2207	  0,00754996	-158,4
     43,2229	  0,00746359	-155,6
     43,2251	  0,00745255	-161,4
     43,2273	  0,00738924	-158,4
     43,2295	  0,00737893	-158,8
     43,2317	   0,0074004	-162,8
     43,2339	  0,00737611	-156,7
     43,2361	  0,00730192	-150,9
     43,2383	  0,00720247	-160,0
     43,2405	  0,00729193	-157,8
     43,2427	  0,00729314	-163,2
     43,2449	  0,00726762	-153,8
     43,2471	  0,00720006	-156,2
     43,2493	   0,0071593	-162,2
     43,2515	  0,00710683	-154,6
     43,2537	  0,00720921	-154,7
     43,2559	  0,00709032	-156,7
     43,2581	  0,00713649	-158,7
     43,2603	  0,00713661	-151,1
     43,2625	  0,00709763	-153,5
     43,2647	  0,00705234	-157,8
     43,2669	  0,00703714	-156,9
     43,2691	  0,00698589	-151,6
     43,2713	  0,00690988	-154,7
     43,2735	    0,006855	-159,1
     43,2757	  0,00683526	-154,7
     43,2779	  0,00690704	-152,1
     43,2801	  0,00689551	-155,5
     43,2823	  0,00685479	-157,5
     43,2845	  0,00690631	-151,8
     43,2867	  0,00684937	-149,9
     43,2889	  0,00666087	-154,9
     43,2911	  0,00665149	-155,2
     43,2933	   0,0067322	-155,7
     43,2955	  0,00676693	-149,2
     43,2977	  0,00663392	-153,7
     43,2999	  0,00664172	-155,3
     43,3021	  0,00668555	-148,5
     43,3043	  0,00661275	-148,2
     43,3064	  0,00656064	-157,0
     43,3087	  0,00654484	-153,4
     43,3109	  0,00655999	-146,1
      43,313	  0,00659069	-156,1
     43,3153	  0,00664761	-154,6
     43,3174	  0,00668222	-154,5
     43,3196	  0,00659651	-150,8
     43,3218	  0,00653467	-147,9
      43,324	  0,00643731	-155,4
     43,3262	  0,00652649	-156,5
     43,3284	  0,00654019	-153,2
     43,3306	   0,0064468	-154,9
     43,3328	  0,00641485	-156,6
      43,335	  0,00636021	-148,9
     43,3372	  0,00635467	-148,3
     43,3394	  0,00631074	-152,0
     43,3416	  0,00626181	-149,6
     43,3438	  0,00634619	-156,1
      43,346	  0,00634913	-149,5
     43,3482	  0,00631295	-149,5
     43,3504	  0,00629778	-155,0
     43,3526	  0,00626475	-151,4
     43,3548	  0,00622516	-149,4
      43,357	  0,00630767	-153,6
     43,3592	  0,00623776	-149,9
     43,3614	  0,00607062	-146,7
     43,3636	  0,00603569	-149,9
     43,3658	  0,00604134	-152,2
      43,368	  0,00611818	-153,5
     43,3702	  0,00616925	-152,5
     43,3724	  0,00618634	-149,0
     43,3746	  0,00610506	-151,1
     43,3768	   0,0060442	-149,3
      43,379	  0,00607514	-148,5
     43,3812	  0,00602457	-150,0
     43,3834	  0,00601761	-153,9
     43,3856	  0,00603448	-153,1
     43,3878	  0,00599841	-148,0
       43,39	  0,00590617	-146,7
     43,3922	  0,00589581	-148,1
     43,3944	  0,00589858	-155,4
     43,3966	  0,00592993	-150,8
     43,3988	  0,00593518	-147,6
      43,401	  0,00583099	-146,3
     43,4032	  0,00579288	-151,5
     43,4054	   0,0058363	-150,3
     43,4076	  0,00583617	-146,5
     43,4098	   0,0058613	-150,8
      43,412	  0,00584749	-152,7
     43,4142	  0,00588276	-147,8
     43,4164	  0,00584269	-143,8
     43,4186	  0,00584058	-142,8
     43,4208	  0,00581915	-146,2
      43,423	  0,00564743	-148,4
     43,4252	  0,00567667	-143,2
     43,4274	   0,0056266	-142,7
     43,4296	  0,00567272	-146,6
     43,4318	  0,00573298	-147,8
      43,434	  0,00568527	-143,2
     43,4362	  0,00563195	-143,7
     43,4384	  0,00566653	-148,2
     43,4406	  0,00563203	-145,9
     43,4428	  0,00559528	-149,2
      43,445	  0,00555537	-145,6
     43,4472	  0,00551892	-145,5
     43,4494	  0,00547728	-151,9
     43,4516	  0,00550994	-148,4
     43,4538	  0,00546628	-146,1
      43,456	  0,00543396	-148,0
     43,4582	  0,00532728	-149,5
     43,4604	  0,00535741	-147,1
     43,4626	  0,00543422	-145,0
     43,4648	  0,00542654	-145,5
      43,467	  0,00538286	-151,9
     43,4692	  0,00542864	-148,8
     43,4714	  0,00541881	-145,9
     43,4736	    0,005427	-146,8
     43,4758	   0,0053488	-151,3
      43,478	  0,00535568	-150,4
     43,4802	  0,00525163	-148,8
     43,4824	  0,00522965	-144,0
     43,4846	  0,00530064	-147,5
     43,4868	  0,00538493	-149,1
      43,489	    0,005294	-148,9
     43,4912	  0,00528694	-143,2
     43,4934	  0,00527087	-143,4
     43,4956	  0,00524581	-144,8
     43,4978	  0,00518776	-145,5
        43,5	  0,00517383	-142,6

