X-Data [Hz]	Laser (M - Filtered) [m/s]	Phase [Deg]	Laser (M - Filtered) [m/s]	Phase [Deg]	
	002: [07-03-24 13:41]		003: [07-03-24 13:46]	
          24	    0,021814	81,6	   0,0270736	81,9
     24,0034	    0,023721	81,7	   0,0270646	81,7
     24,0068	   0,0251059	82,0	   0,0270391	81,8
     24,0103	   0,0257455	81,5	   0,0262712	81,5
     24,0137	   0,0263125	81,6	   0,0269541	81,9
     24,0171	   0,0265763	81,9	   0,0271827	81,8
     24,0205	   0,0265992	81,7	   0,0271411	81,8
     24,0239	   0,0268833	81,7	   0,0269972	81,8
     24,0274	   0,0270075	81,8	    0,026999	82,0
     24,0308	   0,0270555	81,8	   0,0271881	81,9
     24,0342	    0,027071	81,9	   0,0272675	81,9
     24,0376	   0,0269166	81,8	   0,0271899	82,1
     24,0411	   0,0271318	81,9	   0,0273392	82,0
     24,0445	   0,0272144	81,9	    0,027308	81,9
     24,0479	    0,027257	81,9	    0,027251	81,8
     24,0513	   0,0272202	81,8	   0,0273648	81,9
     24,0547	   0,0271798	81,7	   0,0273724	81,8
     24,0582	   0,0272558	81,7	   0,0273349	81,9
     24,0616	   0,0272947	81,9	   0,0274138	81,9
      24,065	   0,0273331	81,8	   0,0272546	81,9
     24,0684	   0,0273792	81,8	   0,0272699	82,0
     24,0718	   0,0273008	81,8	   0,0274632	82,1
     24,0753	   0,0272284	81,8	   0,0274623	82,1
     24,0787	    0,027273	81,8	   0,0275398	81,9
     24,0821	    0,027348	81,9	   0,0274815	82,0
     24,0855	   0,0274509	81,9	   0,0271292	82,0
      24,089	   0,0274407	81,8	   0,0274498	82,2
     24,0924	   0,0274586	81,8	   0,0275909	82,1
     24,0958	   0,0272975	81,8	   0,0275931	82,0
     24,0992	   0,0274271	81,8	   0,0275994	82,2
     24,1026	   0,0274706	81,9	   0,0276872	82,0
     24,1061	   0,0275743	82,0	   0,0275822	82,1
     24,1095	   0,0275995	81,9	   0,0276658	82,1
     24,1129	   0,0275946	81,8	   0,0276368	81,9
     24,1163	   0,0275435	82,0	   0,0276778	82,2
     24,1197	   0,0274358	81,9	   0,0277489	82,3
     24,1232	   0,0275785	82,0	   0,0276976	82,2
     24,1266	   0,0276959	81,8	   0,0278008	82,1
       24,13	   0,0277217	82,0	   0,0278801	82,1
     24,1334	   0,0277494	82,1	   0,0278479	82,2
     24,1369	   0,0277549	82,1	   0,0279107	82,1
     24,1403	   0,0278182	82,0	   0,0278869	82,2
     24,1437	   0,0276052	81,9	   0,0278168	82,2
     24,1471	   0,0276807	81,9	   0,0278801	82,3
     24,1505	   0,0277186	81,9	   0,0279981	82,2
      24,154	   0,0278152	82,1	   0,0280366	82,2
     24,1574	   0,0279183	82,1	    0,027963	82,2
     24,1608	   0,0279347	82,2	   0,0279525	82,3
     24,1642	   0,0279596	82,1	   0,0280585	82,2
     24,1676	   0,0280163	82,1	   0,0280964	82,3
     24,1711	   0,0277976	82,0	   0,0281142	82,2
     24,1745	   0,0278896	82,0	   0,0281734	82,3
     24,1779	   0,0277768	82,2	   0,0281368	82,3
     24,1813	    0,027833	81,9	   0,0281747	82,1
     24,1848	   0,0279504	82,2	   0,0282093	82,4
     24,1882	   0,0281195	82,1	   0,0282098	82,4
     24,1916	   0,0281108	82,3	   0,0282359	82,4
      24,195	   0,0281631	82,1	   0,0282462	82,4
     24,1984	   0,0281669	82,2	   0,0283089	82,4
     24,2019	   0,0281521	82,2	   0,0282852	82,2
     24,2053	   0,0281392	82,2	   0,0282385	82,4
     24,2087	   0,0280331	82,1	   0,0283792	82,4
     24,2121	   0,0281359	82,1	   0,0282558	82,3
     24,2155	   0,0281216	82,2	   0,0282745	82,4
      24,219	   0,0281635	82,2	   0,0283747	82,4
     24,2224	   0,0283154	82,3	   0,0284623	82,4
     24,2258	    0,028313	82,1	   0,0284335	82,4
     24,2292	    0,028411	82,2	   0,0284403	82,5
     24,2326	   0,0284234	82,4	   0,0285101	82,4
     24,2361	   0,0283726	82,3	   0,0285727	82,4
     24,2395	   0,0283389	82,1	   0,0285949	82,6
     24,2429	   0,0282514	82,2	   0,0285591	82,5
     24,2463	   0,0284594	82,4	   0,0286043	82,4
     24,2498	   0,0282881	82,1	    0,028654	82,5
     24,2532	   0,0283546	82,2	   0,0286037	82,5
     24,2566	   0,0283082	82,0	   0,0286691	82,5
       24,26	   0,0284576	82,3	   0,0287124	82,4
     24,2634	   0,0284175	82,3	   0,0287044	82,3
     24,2669	   0,0284902	82,4	   0,0288074	82,6
     24,2703	   0,0286507	82,4	   0,0288363	82,6
     24,2737	    0,028653	82,5	   0,0288139	82,6
     24,2771	    0,028766	82,3	   0,0288759	82,6
     24,2805	   0,0287639	82,4	   0,0289447	82,5
      24,284	   0,0287958	82,6	   0,0288995	82,6
     24,2874	   0,0287858	82,4	   0,0289188	82,7
     24,2908	   0,0288279	82,4	   0,0287831	82,6
     24,2942	   0,0289206	82,5	   0,0289651	82,6
     24,2977	   0,0288636	82,6	    0,028924	82,6
     24,3011	   0,0289046	82,5	   0,0288239	82,6
     24,3045	   0,0289143	82,5	   0,0290647	82,7
     24,3079	   0,0289454	82,4	   0,0290286	82,7
     24,3113	   0,0290057	82,5	   0,0291551	82,7
     24,3148	   0,0289313	82,5	   0,0291911	82,8
     24,3182	   0,0290333	82,4	   0,0292329	82,8
     24,3216	   0,0291166	82,4	   0,0292118	82,8
      24,325	   0,0289388	82,7	   0,0291511	82,6
     24,3284	   0,0291031	82,6	   0,0292984	82,9
     24,3319	    0,029017	82,9	   0,0292019	82,8
     24,3353	   0,0290634	82,6	   0,0290069	82,8
     24,3387	   0,0291043	82,4	   0,0291247	82,8
     24,3421	   0,0290448	82,5	   0,0293766	83,0
     24,3456	   0,0290716	82,8	     0,02935	82,8
      24,349	   0,0289906	82,5	   0,0294379	82,9
     24,3524	   0,0292648	82,8	   0,0294043	82,9
     24,3558	   0,0292809	82,6	   0,0292972	82,9
     24,3592	   0,0292231	82,6	   0,0295179	82,9
     24,3627	   0,0291832	82,7	   0,0294768	83,0
     24,3661	    0,029298	82,7	   0,0293596	83,0
     24,3695	   0,0292095	82,7	   0,0293783	83,0
     24,3729	   0,0292877	82,7	   0,0295283	83,0
     24,3763	   0,0293987	82,7	   0,0295858	83,0
     24,3798	   0,0292931	82,7	   0,0294477	83,1
     24,3832	   0,0294298	82,8	   0,0296159	83,0
     24,3866	   0,0295694	82,8	   0,0297557	83,0
       24,39	   0,0295479	82,8	    0,029772	83,1
     24,3934	   0,0295495	82,8	    0,029579	82,9
     24,3969	   0,0295795	82,8	    0,029754	83,0
     24,4003	   0,0294413	82,7	   0,0298018	83,2
     24,4037	   0,0295597	82,7	   0,0298302	83,0
     24,4071	   0,0295686	82,8	   0,0298296	83,1
     24,4106	   0,0295287	82,7	   0,0298873	83,1
      24,414	   0,0298249	83,0	   0,0300115	83,3
     24,4174	   0,0297938	82,8	   0,0300774	83,2
     24,4208	   0,0299095	82,9	   0,0300654	83,0
     24,4242	   0,0298462	82,9	   0,0301047	83,2
     24,4277	    0,029653	83,0	     0,03002	83,2
     24,4311	   0,0297872	82,8	   0,0301655	83,3
     24,4345	   0,0298886	83,0	   0,0301805	83,3
     24,4379	   0,0300475	83,0	    0,030178	83,2
     24,4413	   0,0300838	83,0	   0,0302466	83,3
     24,4448	   0,0299285	83,0	   0,0301923	83,3
     24,4482	   0,0299619	83,0	   0,0303124	83,4
     24,4516	   0,0298954	83,0	   0,0303495	83,1
      24,455	   0,0300773	82,9	   0,0302401	83,3
     24,4585	   0,0300074	83,0	   0,0302961	83,3
     24,4619	   0,0299113	83,1	    0,030306	83,4
     24,4653	   0,0299701	82,9	   0,0304344	83,6
     24,4687	   0,0300848	83,2	    0,030433	83,3
     24,4721	   0,0300621	83,2	   0,0305266	83,4
     24,4756	   0,0301025	83,0	   0,0305944	83,6
      24,479	   0,0304732	83,3	   0,0305939	83,4
     24,4824	   0,0303997	83,2	   0,0306657	83,5
     24,4858	   0,0303599	83,1	   0,0304746	83,5
     24,4892	   0,0302669	83,1	   0,0306868	83,5
     24,4927	   0,0303124	83,2	   0,0306293	83,5
     24,4961	   0,0302753	83,3	   0,0305776	83,5
     24,4995	   0,0303319	83,4	   0,0307132	83,6
     24,5029	   0,0303604	83,2	     0,03073	83,5
     24,5064	   0,0303709	83,2	   0,0308544	83,5
     24,5098	   0,0305087	83,2	   0,0309215	83,6
     24,5132	   0,0304458	83,3	   0,0309138	83,6
     24,5166	   0,0304577	83,1	   0,0309967	83,9
       24,52	   0,0306515	83,4	   0,0309768	83,7
     24,5235	    0,030705	83,4	   0,0307691	83,7
     24,5269	   0,0307806	83,5	   0,0309353	83,7
     24,5303	   0,0307088	83,4	    0,031056	83,7
     24,5337	   0,0308753	83,6	    0,031052	83,7
     24,5371	   0,0307235	83,4	   0,0311225	83,9
     24,5406	   0,0308024	83,4	   0,0311969	83,8
      24,544	   0,0307467	83,5	   0,0312324	83,7
     24,5474	   0,0309195	83,4	   0,0312524	83,9
     24,5508	   0,0308564	83,2	   0,0312652	83,9
     24,5543	   0,0310509	83,5	   0,0313449	83,9
     24,5577	   0,0311556	83,5	   0,0312712	83,9
     24,5611	   0,0309939	83,5	   0,0315192	84,0
     24,5645	   0,0309034	83,4	    0,031413	83,9
     24,5679	   0,0309991	83,7	   0,0315316	83,9
     24,5714	   0,0311061	83,6	   0,0316064	84,0
     24,5748	   0,0312353	83,7	   0,0315483	84,1
     24,5782	   0,0312479	83,6	   0,0314832	83,9
     24,5816	   0,0314634	83,8	   0,0316112	84,0
      24,585	   0,0314207	83,7	   0,0316053	83,9
     24,5885	   0,0312349	83,8	   0,0317377	84,1
     24,5919	   0,0313448	83,8	   0,0317314	84,2
     24,5953	   0,0313517	83,6	   0,0317532	83,9
     24,5987	   0,0313378	83,8	    0,031824	84,0
     24,6021	   0,0313512	83,8	   0,0318279	84,1
     24,6056	   0,0315178	83,8	    0,031649	84,2
      24,609	   0,0316569	83,7	   0,0319421	84,2
     24,6124	   0,0316247	83,8	    0,031941	84,2
     24,6158	   0,0315114	83,8	    0,031977	84,2
     24,6193	   0,0315407	83,9	   0,0320729	84,2
     24,6227	   0,0316159	83,8	    0,032006	84,2
     24,6261	   0,0317996	83,9	   0,0320065	84,3
     24,6295	    0,031829	84,0	   0,0321184	84,4
     24,6329	   0,0317864	84,0	   0,0320865	84,3
     24,6364	   0,0317572	83,8	   0,0322252	84,3
     24,6398	   0,0318476	84,0	   0,0321025	84,3
     24,6432	   0,0318816	84,0	   0,0322012	84,4
     24,6466	   0,0321053	84,0	   0,0321036	84,1
       24,65	   0,0320258	84,1	   0,0323487	84,3
     24,6535	    0,032137	84,1	   0,0325585	84,6
     24,6569	   0,0320702	83,9	   0,0325618	84,6
     24,6603	   0,0320107	83,7	   0,0326986	84,6
     24,6637	   0,0321146	84,1	   0,0324049	84,5
     24,6672	   0,0322467	84,1	   0,0325226	84,6
     24,6706	   0,0323345	84,3	   0,0327421	84,7
      24,674	    0,032206	84,2	   0,0327573	84,7
     24,6774	   0,0322679	83,8	   0,0329129	84,7
     24,6808	    0,032336	84,0	   0,0327757	84,6
     24,6843	   0,0325256	84,3	   0,0328848	84,6
     24,6877	   0,0325025	84,4	   0,0328021	84,8
     24,6911	   0,0325176	84,2	   0,0330219	84,6
     24,6945	   0,0325047	84,3	   0,0329882	84,6
     24,6979	   0,0325276	84,4	   0,0328077	84,8
     24,7014	   0,0326609	84,3	   0,0329065	84,8
     24,7048	   0,0325838	84,2	    0,033074	84,8
     24,7082	   0,0326036	84,2	   0,0332461	84,9
     24,7116	   0,0326456	84,3	   0,0330171	84,9
     24,7151	   0,0326502	84,2	   0,0330674	84,8
     24,7185	    0,032779	84,5	   0,0332532	84,9
     24,7219	   0,0328251	84,5	   0,0332212	85,0
     24,7253	   0,0328814	84,6	   0,0335749	85,0
     24,7287	   0,0329159	84,6	   0,0334889	85,1
     24,7322	   0,0330068	84,5	   0,0335488	85,0
     24,7356	   0,0329889	84,7	   0,0336432	85,1
      24,739	   0,0330508	84,7	   0,0337273	85,3
     24,7424	     0,03302	84,5	    0,033812	85,2
     24,7458	   0,0330291	84,2	   0,0337942	85,2
     24,7493	   0,0333337	84,7	   0,0338601	85,2
     24,7527	   0,0333953	84,7	    0,033834	85,4
     24,7561	   0,0331701	84,6	   0,0339288	85,4
     24,7595	   0,0332258	84,4	   0,0339926	85,4
      24,763	   0,0334111	84,8	   0,0338781	85,4
     24,7664	   0,0335573	84,7	   0,0340579	85,4
     24,7698	   0,0334369	84,8	   0,0340763	85,4
     24,7732	   0,0334088	84,8	   0,0342214	85,5
     24,7766	   0,0336751	84,8	   0,0341867	85,5
     24,7801	   0,0336533	84,9	   0,0342981	85,5
     24,7835	   0,0336333	85,0	   0,0343287	85,7
     24,7869	   0,0337932	85,0	   0,0343449	85,7
     24,7903	   0,0336413	84,8	   0,0344877	85,7
     24,7937	   0,0338301	85,0	   0,0345229	85,8
     24,7972	   0,0338122	85,0	   0,0345792	85,9
     24,8006	   0,0338278	84,7	   0,0346293	85,8
      24,804	   0,0339889	85,0	   0,0349489	86,0
     24,8074	   0,0340672	85,1	   0,0348165	86,1
     24,8109	   0,0340769	85,2	   0,0351695	86,0
     24,8143	    0,034187	85,0	   0,0352304	86,1
     24,8177	   0,0344223	85,3	   0,0350104	86,3
     24,8211	   0,0341348	84,9	    0,036696	85,9
     24,8245	    0,034252	85,3	     0,03423	89,4
      24,828	   0,0343073	85,4	   0,0398632	77,8
     24,8314	   0,0344938	85,3	   0,0559008	89,5
     24,8348	   0,0344601	85,3	    0,068845	109,6
     24,8382	   0,0344167	85,1	   0,0733629	122,1
     24,8416	   0,0345747	85,4	   0,0748403	129,8
     24,8451	   0,0346196	85,3	   0,0756393	133,7
     24,8485	   0,0346164	85,2	   0,0762552	137,4
     24,8519	   0,0347365	85,5	   0,0765049	140,4
     24,8553	   0,0348301	85,7	   0,0765216	141,9
     24,8587	   0,0346624	85,5	    0,076737	144,0
     24,8622	   0,0347011	85,2	   0,0766019	145,8
     24,8656	   0,0349236	85,4	   0,0766012	147,0
      24,869	   0,0348523	85,5	   0,0768017	147,9
     24,8724	   0,0349366	85,2	   0,0764783	149,1
     24,8759	   0,0350746	85,7	   0,0765758	149,7
     24,8793	   0,0351146	85,6	   0,0766971	150,3
     24,8827	     0,03507	85,2	   0,0765446	151,1
     24,8861	   0,0350668	85,3	   0,0765804	151,8
     24,8895	   0,0352607	85,5	   0,0764433	152,3
      24,893	   0,0352394	85,4	   0,0764745	152,6
     24,8964	   0,0352929	85,3	   0,0765026	153,2
     24,8998	   0,0354293	85,8	   0,0763789	153,3
     24,9032	   0,0353717	85,7	   0,0762937	154,2
     24,9066	    0,035489	85,8	   0,0761887	154,6
     24,9101	    0,035559	85,9	   0,0761575	155,0
     24,9135	   0,0356269	85,8	   0,0761911	155,7
     24,9169	   0,0356866	86,0	   0,0759829	155,9
     24,9203	   0,0359198	86,2	   0,0759362	156,5
     24,9238	   0,0358774	85,9	   0,0761281	156,7
     24,9272	   0,0358661	85,9	   0,0758821	157,5
     24,9306	   0,0360895	86,1	   0,0757908	157,7
      24,934	   0,0360437	85,9	   0,0756952	158,0
     24,9374	   0,0360593	85,8	   0,0757961	158,7
     24,9409	   0,0362142	86,1	   0,0757134	159,0
     24,9443	   0,0362823	86,3	   0,0753905	159,1
     24,9477	   0,0363573	86,1	    0,075535	159,6
     24,9511	   0,0363973	86,4	   0,0755175	159,9
     24,9545	    0,036456	86,6	   0,0753506	160,0
      24,958	   0,0365493	86,5	   0,0753186	160,5
     24,9614	   0,0367448	86,6	   0,0753223	160,3
     24,9648	    0,036625	86,5	   0,0750911	160,7
     24,9682	   0,0366596	86,4	   0,0750858	161,3
     24,9717	   0,0369063	86,7	   0,0752072	161,2
     24,9751	   0,0368487	86,5	   0,0749563	161,8
     24,9785	   0,0370079	86,6	   0,0750129	162,1
     24,9819	   0,0369117	86,5	   0,0748446	162,2
     24,9853	   0,0370468	86,5	   0,0747699	162,6
     24,9888	   0,0372753	86,8	   0,0749424	162,7
     24,9922	   0,0371386	86,4	   0,0746476	162,7
     24,9956	   0,0373347	86,7	   0,0745969	163,2
      24,999	   0,0374011	86,9	   0,0744647	163,4
     25,0024	   0,0374625	86,8	   0,0745218	163,9
     25,0059	   0,0375853	87,2	   0,0744101	164,0
     25,0093	     0,03763	87,0	   0,0743359	164,3
     25,0127	   0,0376698	86,9	    0,074277	164,4
     25,0161	   0,0377888	87,0	   0,0743012	164,3
     25,0196	   0,0378626	87,1	   0,0741036	165,0
      25,023	   0,0379296	87,3	   0,0740444	165,0
     25,0264	   0,0380353	87,4	   0,0738936	165,2
     25,0298	   0,0381519	87,3	   0,0740037	165,5
     25,0332	   0,0381735	87,4	   0,0740045	165,6
     25,0367	   0,0382243	87,3	   0,0738648	165,9
     25,0401	   0,0383289	87,6	   0,0738936	166,1
     25,0435	   0,0385462	87,5	    0,073612	166,4
     25,0469	   0,0385354	87,7	    0,073794	166,8
     25,0503	   0,0386869	87,7	   0,0735335	166,9
     25,0538	   0,0387577	87,6	   0,0734605	167,3
     25,0572	   0,0388295	87,8	   0,0735376	167,1
     25,0606	   0,0389265	87,9	   0,0733855	167,4
      25,064	   0,0389809	87,9	   0,0735285	167,6
     25,0674	   0,0391264	88,1	   0,0733074	167,8
     25,0709	   0,0391851	87,9	   0,0732977	168,4
     25,0743	    0,039328	88,3	   0,0730285	168,6
     25,0777	   0,0393903	88,1	   0,0730655	168,8
     25,0811	    0,039508	88,4	   0,0730162	168,7
     25,0846	   0,0396192	88,5	   0,0727904	169,0
      25,088	   0,0397352	88,4	    0,072959	169,2
     25,0914	   0,0400078	88,6	   0,0726378	169,1
     25,0948	   0,0398723	88,4	   0,0728214	169,5
     25,0982	   0,0400033	88,6	   0,0724987	169,5
     25,1017	   0,0401408	88,7	   0,0726075	169,9
     25,1051	   0,0402508	88,9	   0,0724724	170,2
     25,1085	   0,0402734	88,8	   0,0725293	170,1
     25,1119	    0,040398	88,6	   0,0725419	170,2
     25,1153	     0,04058	89,1	   0,0720981	170,3
     25,1188	   0,0406703	89,0	    0,072296	170,7
     25,1222	   0,0407289	89,0	   0,0719031	170,9
     25,1256	   0,0410089	89,3	   0,0723744	171,2
      25,129	    0,041096	89,6	   0,0718194	171,1
     25,1325	   0,0412049	89,4	   0,0720319	171,7
     25,1359	     0,04128	89,6	   0,0715673	171,8
     25,1393	   0,0414707	89,5	   0,0718162	171,7
     25,1427	   0,0415125	89,7	   0,0719136	171,9
     25,1461	   0,0416997	89,9	   0,0718856	171,9
     25,1496	   0,0417939	89,7	   0,0716608	172,1
      25,153	   0,0419229	90,0	   0,0714831	172,2
     25,1564	   0,0420502	90,2	   0,0717721	172,4
     25,1598	   0,0423024	90,3	   0,0715999	172,6
     25,1632	    0,042491	90,2	   0,0715987	172,6
     25,1667	   0,0425402	90,4	   0,0712756	172,9
     25,1701	   0,0426622	90,5	   0,0714648	173,2
     25,1735	   0,0429341	90,7	   0,0713377	173,2
     25,1769	   0,0430133	90,7	   0,0712997	173,6
     25,1804	   0,0432163	90,8	   0,0711393	173,8
     25,1838	    0,043258	91,0	   0,0710949	174,0
     25,1872	    0,043532	91,2	   0,0709302	173,9
     25,1906	   0,0435959	91,1	   0,0710769	173,8
      25,194	   0,0438236	91,4	   0,0707171	174,1
     25,1975	   0,0439412	91,6	   0,0709397	174,2
     25,2009	   0,0441344	91,5	   0,0706516	174,3
     25,2043	   0,0443612	91,7	   0,0706953	174,6
     25,2077	   0,0445663	92,0	   0,0704947	174,6
     25,2111	   0,0448387	92,1	   0,0705575	175,1
     25,2146	    0,044862	92,2	   0,0705072	175,2
      25,218	   0,0449335	92,3	   0,0705262	175,2
     25,2214	   0,0453122	92,6	   0,0702251	175,1
     25,2248	   0,0454039	92,8	   0,0702768	175,6
     25,2283	   0,0457238	93,3	   0,0703484	175,7
     25,2317	   0,0461361	93,1	   0,0701084	175,7
     25,2351	    0,046289	93,2	   0,0700349	176,2
     25,2385	   0,0466367	93,5	   0,0700549	176,2
     25,2419	   0,0467061	93,7	   0,0699386	176,4
     25,2454	   0,0470091	93,8	   0,0698607	176,3
     25,2488	   0,0471289	94,5	   0,0698755	176,5
     25,2522	    0,047425	94,3	   0,0694204	176,3
     25,2556	   0,0476237	95,3	    0,069752	176,8
      25,259	   0,0482872	95,1	   0,0693813	176,8
     25,2625	   0,0482769	95,7	   0,0697333	177,1
     25,2659	   0,0487422	95,7	   0,0692177	177,3
     25,2693	   0,0487292	97,0	   0,0695328	177,4
     25,2727	   0,0498425	96,4	   0,0694134	177,5
     25,2761	   0,0495176	97,7	   0,0693406	177,7
     25,2796	   0,0504686	97,7	    0,069205	178,1
      25,283	    0,050704	98,4	   0,0690286	177,9
     25,2864	   0,0516458	99,0	   0,0690562	178,3
     25,2898	   0,0521633	99,6	   0,0689455	178,5
     25,2933	   0,0525012	101,0	   0,0689522	178,6
     25,2967	   0,0537261	102,6	   0,0686765	178,4
     25,3001	   0,0540425	104,9	   0,0683078	178,9
     25,3035	   0,0563907	105,3	   0,0688179	178,7
     25,3069	   0,0582023	108,7	   0,0683245	179,0
     25,3104	   0,0605845	113,8	   0,0686544	179,3
     25,3138	   0,0650688	122,0	   0,0684762	179,0
     25,3172	   0,0677399	132,6	    0,068324	180,0
     25,3206	   0,0721552	152,3	   0,0683275	179,3
      25,324	   0,0702785	172,3	   0,0683518	179,9
     25,3275	   0,0693068	178,1	   0,0683334	180,0
     25,3309	   0,0675099	178,9	   0,0683332	179,9
     25,3343	   0,0680853	178,4	   0,0682208	179,8
     25,3377	   0,0674399	178,9	   0,0679926	180,0
     25,3412	   0,0678826	179,3	   0,0679703	180,3
     25,3446	   0,0676477	179,5	   0,0681105	180,3
      25,348	   0,0671941	179,6	   0,0678849	181,0
     25,3514	   0,0678392	179,3	      0,0678	180,5
     25,3548	   0,0673581	180,2	   0,0675712	180,7
     25,3583	   0,0677835	180,2	   0,0677281	181,6
     25,3617	   0,0671493	180,1	   0,0674175	180,6
     25,3651	   0,0667801	180,7	   0,0674309	182,0
     25,3685	   0,0674545	180,0	   0,0674881	181,3
     25,3719	   0,0666737	180,8	    0,067057	181,2
     25,3754	       0,067	180,8	   0,0673544	181,6
     25,3788	   0,0672516	181,2	   0,0673403	181,9
     25,3822	   0,0660092	181,1	    0,067191	181,6
     25,3856	   0,0670094	180,5	   0,0671928	181,6
     25,3891	   0,0660207	181,3	   0,0669685	182,3
     25,3925	   0,0661033	181,7	   0,0671557	181,8
     25,3959	   0,0665885	181,2	    0,067035	182,0
     25,3993	    0,065971	181,7	   0,0667545	181,9
     25,4027	   0,0665839	181,6	   0,0669933	182,4
     25,4062	   0,0662628	181,6	   0,0665463	182,1
     25,4096	   0,0666558	181,9	   0,0666114	182,4
      25,413	   0,0664138	181,6	   0,0666757	182,5
     25,4164	   0,0655187	182,1	    0,066331	182,5
     25,4198	   0,0663792	182,2	   0,0664599	182,7
     25,4233	   0,0660377	182,2	   0,0664281	182,7
     25,4267	   0,0651872	182,6	   0,0663724	183,0
     25,4301	   0,0658212	182,8	   0,0663534	183,1
     25,4335	   0,0656112	182,6	   0,0662174	183,1
      25,437	   0,0651008	183,1	   0,0660551	183,5
     25,4404	    0,065792	182,7	   0,0661704	183,4
     25,4438	   0,0651113	183,0	   0,0657192	183,5
     25,4472	   0,0652062	183,6	   0,0659201	183,9
     25,4506	    0,065639	183,2	   0,0659995	183,8
     25,4541	   0,0651863	183,3	   0,0655919	183,5
     25,4575	   0,0651615	184,1	   0,0658084	184,1
     25,4609	   0,0656504	183,7	   0,0658269	184,1
     25,4643	   0,0647673	183,8	   0,0653172	184,1
     25,4677	   0,0651487	184,1	   0,0656584	184,2
     25,4712	   0,0653327	183,9	   0,0655701	184,6
     25,4746	   0,0643589	184,3	   0,0649657	184,9
      25,478	   0,0646278	184,5	   0,0653133	184,7
     25,4814	   0,0650395	184,1	   0,0653168	184,7
     25,4848	   0,0639803	184,5	    0,064877	184,7
     25,4883	   0,0645726	184,7	   0,0652872	185,0
     25,4917	   0,0647845	184,1	   0,0650736	185,0
     25,4951	   0,0646209	184,6	   0,0648171	185,5
     25,4985	    0,064383	185,1	   0,0650793	185,5
      25,502	    0,064686	184,7	   0,0649849	185,4
     25,5054	   0,0640439	184,9	   0,0646371	185,5
     25,5088	   0,0640824	185,7	   0,0646002	185,7
     25,5122	   0,0644252	185,2	   0,0649903	185,8
     25,5156	   0,0637153	185,1	   0,0642898	185,6
     25,5191	   0,0636996	185,6	   0,0645545	186,1
     25,5225	   0,0641218	185,6	   0,0646285	186,1
     25,5259	   0,0641624	185,5	   0,0642266	185,9
     25,5293	   0,0632763	186,1	   0,0643113	186,1
     25,5327	   0,0637913	186,2	   0,0642285	186,5
     25,5362	   0,0638435	185,8	   0,0643386	186,7
     25,5396	   0,0630503	186,2	   0,0639978	186,5
      25,543	   0,0631947	186,6	   0,0639384	186,7
     25,5464	   0,0638039	186,1	   0,0641948	187,0
     25,5499	   0,0631367	186,3	   0,0637243	186,9
     25,5533	    0,063691	186,4	   0,0635373	187,0
     25,5567	   0,0631589	186,9	   0,0636337	186,9
     25,5601	   0,0632254	186,6	   0,0633055	187,4
     25,5635	   0,0626104	187,0	   0,0629062	187,0
      25,567	   0,0630272	187,0	   0,0635135	187,3
     25,5704	   0,0634053	186,7	   0,0632697	187,3
     25,5738	   0,0631865	187,1	   0,0631729	187,6
     25,5772	   0,0624668	187,3	   0,0633428	187,9
     25,5806	      0,0632	187,2	   0,0634265	187,9
     25,5841	   0,0630241	187,4	    0,063217	187,8
     25,5875	   0,0626132	187,3	   0,0629352	188,1
     25,5909	   0,0626779	187,6	   0,0628701	188,0
     25,5943	   0,0628858	188,1	   0,0629875	188,4
     25,5978	   0,0628329	187,8	   0,0628507	188,2
     25,6012	   0,0620247	188,1	   0,0626631	188,1
     25,6046	   0,0620186	188,3	   0,0628873	188,6
      25,608	    0,062288	188,3	    0,062887	188,8
     25,6114	   0,0624472	188,1	   0,0626501	188,5
     25,6149	   0,0615819	188,3	   0,0624368	189,0
     25,6183	   0,0617581	188,8	   0,0625833	188,8
     25,6217	   0,0619361	189,1	   0,0625891	188,9
     25,6251	   0,0619184	188,6	   0,0623118	188,9
     25,6285	   0,0614841	188,8	   0,0621553	189,1
      25,632	   0,0610251	189,1	   0,0622547	189,2
     25,6354	   0,0619787	188,7	   0,0622224	189,5
     25,6388	   0,0617539	189,2	    0,062055	189,2
     25,6422	   0,0615967	189,1	   0,0618221	189,4
     25,6457	   0,0609164	189,5	   0,0622644	189,6
     25,6491	   0,0614734	189,6	   0,0619328	189,8
     25,6525	   0,0616573	189,5	   0,0617965	189,8
     25,6559	   0,0607162	189,7	   0,0617397	189,8
     25,6593	   0,0602243	190,1	   0,0615841	190,2
     25,6628	   0,0607516	190,0	   0,0618015	190,3
     25,6662	    0,061206	189,9	   0,0614815	190,0
     25,6696	   0,0605953	190,1	   0,0612091	190,2
      25,673	   0,0605631	190,2	   0,0609858	190,7
     25,6764	   0,0603068	190,3	   0,0612507	190,4
     25,6799	     0,06101	190,1	    0,061294	190,6
     25,6833	   0,0609409	190,4	   0,0611248	190,4
     25,6867	   0,0608118	190,2	   0,0607833	190,8
     25,6901	   0,0606132	190,1	   0,0610973	190,9
     25,6935	   0,0601212	190,8	    0,061015	191,0
      25,697	   0,0606428	190,7	    0,060922	190,9
     25,7004	   0,0605663	190,8	   0,0609663	191,4
     25,7038	   0,0597452	190,8	   0,0606017	191,1
     25,7072	   0,0599544	190,9	   0,0606505	191,5
     25,7107	   0,0599955	191,4	   0,0606297	191,4
     25,7141	   0,0602363	191,2	   0,0606976	191,8
     25,7175	   0,0603866	191,2	   0,0606262	191,5
     25,7209	   0,0599706	191,2	   0,0601593	191,7
     25,7243	   0,0594819	191,4	   0,0602493	192,0
     25,7278	   0,0593487	191,7	   0,0603044	192,0
     25,7312	   0,0600272	191,5	   0,0603669	192,0
     25,7346	   0,0599652	191,6	   0,0600564	192,0
      25,738	   0,0597027	191,7	   0,0599675	192,2
     25,7414	   0,0593481	192,0	   0,0597725	192,3
     25,7449	   0,0589134	192,6	   0,0596759	192,4
     25,7483	   0,0592931	192,0	   0,0599802	192,4
     25,7517	   0,0597413	192,1	   0,0599185	192,6
     25,7551	   0,0596055	192,3	   0,0597406	192,5
     25,7586	   0,0593412	192,2	   0,0595399	192,6
      25,762	   0,0591098	192,4	   0,0592427	192,9
     25,7654	   0,0585886	192,7	   0,0593433	192,9
     25,7688	   0,0588671	192,6	   0,0595438	193,1
     25,7722	   0,0591131	192,6	   0,0595041	193,1
     25,7757	   0,0586195	192,9	   0,0594267	193,6
     25,7791	   0,0587755	193,1	   0,0592462	193,1
     25,7825	   0,0585521	193,0	   0,0590742	193,4
     25,7859	   0,0581036	193,5	   0,0590874	193,6
     25,7893	   0,0583626	193,3	   0,0591163	193,5
     25,7928	   0,0583206	193,4	   0,0590488	193,8
     25,7962	   0,0587936	193,4	   0,0589912	194,0
     25,7996	   0,0586857	193,4	   0,0586793	194,1
      25,803	   0,0581932	193,5	   0,0585842	193,8
     25,8065	   0,0574217	193,8	   0,0586244	194,0
     25,8099	   0,0577445	194,0	   0,0587073	194,0
     25,8133	   0,0576918	194,2	   0,0586796	194,3
     25,8167	   0,0574109	194,4	   0,0585096	194,3
     25,8201	   0,0582689	194,0	   0,0585077	194,4
     25,8236	   0,0576945	194,4	   0,0582751	194,3
      25,827	   0,0571505	194,2	   0,0581137	194,7
     25,8304	   0,0570565	194,6	   0,0580365	194,7
     25,8338	   0,0568377	194,8	   0,0579482	194,7
     25,8372	   0,0567555	194,9	   0,0580279	194,8
     25,8407	   0,0574825	194,5	   0,0579675	195,0
     25,8441	   0,0572581	195,0	   0,0579157	194,8
     25,8475	   0,0575991	194,5	   0,0578895	194,9
     25,8509	   0,0575984	194,9	   0,0577029	194,9
     25,8543	   0,0569518	194,7	   0,0577797	195,3
     25,8578	   0,0568952	195,1	   0,0574771	195,3
     25,8612	   0,0564799	195,1	   0,0574019	195,3
     25,8646	   0,0560508	195,7	   0,0572676	195,6
      25,868	   0,0563232	195,5	   0,0572083	195,6
     25,8715	   0,0569363	195,1	   0,0573283	195,9
     25,8749	   0,0567743	195,7	   0,0573032	195,8
     25,8783	   0,0566034	195,5	   0,0573176	195,8
     25,8817	    0,056802	195,6	   0,0572667	195,9
     25,8851	   0,0566255	195,6	   0,0569957	195,8
     25,8886	   0,0568732	195,6	   0,0564774	196,1
      25,892	   0,0562344	195,9	   0,0565723	196,5
     25,8954	   0,0559835	196,2	   0,0564683	196,6
     25,8988	   0,0564297	196,0	   0,0562461	196,7
     25,9022	   0,0560669	196,2	   0,0564682	196,5
     25,9057	   0,0557794	196,6	   0,0564691	196,4
     25,9091	   0,0561576	196,2	   0,0562474	196,9
     25,9125	   0,0559731	196,5	   0,0565678	196,6
     25,9159	   0,0563235	196,6	   0,0564384	197,0
     25,9194	   0,0561777	196,4	   0,0565134	197,0
     25,9228	   0,0561614	196,5	   0,0562238	196,9
     25,9262	   0,0560103	196,8	   0,0558707	197,1
     25,9296	   0,0553497	196,7	   0,0558864	197,1
      25,933	   0,0558744	196,8	   0,0557432	197,1
     25,9365	   0,0549023	197,2	   0,0557283	197,4
     25,9399	   0,0546189	197,4	   0,0558035	197,5
     25,9433	   0,0551668	197,3	   0,0555409	197,3
     25,9467	   0,0552627	197,2	   0,0553617	197,6
     25,9501	   0,0549335	197,4	   0,0552903	197,7
     25,9536	   0,0546109	197,7	   0,0556031	197,8
      25,957	   0,0546471	197,7	   0,0554814	197,8
     25,9604	   0,0553099	197,6	   0,0553884	198,0
     25,9638	   0,0552221	197,6	   0,0556699	198,1
     25,9673	   0,0547434	197,8	   0,0554654	198,1
     25,9707	   0,0552016	197,8	   0,0553037	198,2
     25,9741	   0,0552096	197,9	    0,055278	197,9
     25,9775	   0,0551106	198,1	   0,0553611	198,5
     25,9809	   0,0548788	198,0	   0,0552716	198,4
     25,9844	   0,0548862	198,3	   0,0549971	198,3
     25,9878	   0,0548796	198,2	   0,0550168	198,3
     25,9912	    0,054822	198,4	   0,0549577	198,7
     25,9946	   0,0544118	198,3	   0,0544103	198,7
      25,998	   0,0546457	198,4	   0,0545841	198,5
     26,0015	    0,054556	198,6	   0,0545601	198,8
     26,0049	   0,0537639	198,8	   0,0543066	199,0
     26,0083	   0,0539654	198,8	   0,0543814	198,8
     26,0117	   0,0541453	198,6	   0,0542699	198,9
     26,0152	   0,0536077	199,0	   0,0539639	199,2
     26,0186	   0,0535891	199,0	   0,0540219	199,4
      26,022	   0,0536986	199,1	   0,0539501	199,4
     26,0254	    0,053573	199,3	   0,0534638	199,5
     26,0288	   0,0535387	199,3	   0,0538995	199,3
     26,0323	   0,0536498	199,4	   0,0539889	199,6
     26,0357	   0,0531115	199,8	   0,0538739	199,6
     26,0391	   0,0530516	199,6	   0,0537246	199,7
     26,0425	   0,0532123	199,7	   0,0537292	199,8
     26,0459	   0,0530719	199,6	   0,0535631	199,7
     26,0494	   0,0531135	199,8	   0,0533273	199,9
     26,0528	   0,0529714	199,8	    0,053691	-160,0
     26,0562	   0,0529765	199,7	   0,0533258	-160,0
     26,0596	   0,0530002	199,6	   0,0530868	-159,9
      26,063	   0,0530581	-159,9	   0,0528483	-159,5
     26,0665	   0,0528383	-159,7	   0,0528174	-159,7
     26,0699	   0,0527638	-160,0	   0,0527378	-159,4
     26,0733	   0,0529137	-159,7	   0,0525052	-159,4
     26,0767	   0,0530138	-159,6	   0,0528166	-159,5
     26,0802	   0,0524889	-159,4	    0,052894	-159,4
     26,0836	   0,0524829	-159,6	   0,0523454	-159,5
      26,087	   0,0527055	-159,2	   0,0528569	-159,4
     26,0904	   0,0525269	-159,3	   0,0527532	-159,1
     26,0938	    0,052513	-159,2	   0,0522992	-159,0
     26,0973	   0,0525798	-159,2	   0,0527185	-159,1
     26,1007	   0,0522578	-159,1	   0,0525075	-159,0
     26,1041	   0,0522982	-159,0	   0,0520088	-159,0
     26,1075	   0,0524627	-158,7	   0,0524195	-159,0
     26,1109	   0,0522377	-159,0	   0,0522416	-158,5
     26,1144	   0,0522765	-158,9	   0,0521185	-158,5
     26,1178	   0,0522212	-158,6	   0,0521874	-158,5
     26,1212	   0,0519448	-158,6	   0,0520573	-158,3
     26,1246	    0,052073	-158,4	    0,052222	-158,4
     26,1281	    0,051935	-158,4	   0,0519218	-158,2
     26,1315	   0,0514347	-158,8	   0,0518963	-158,3
     26,1349	   0,0515719	-158,4	   0,0518762	-157,8
     26,1383	   0,0514408	-158,0	   0,0513325	-157,5
     26,1417	   0,0511054	-157,8	   0,0511477	-158,1
     26,1452	   0,0512927	-157,6	   0,0514562	-157,5
     26,1486	   0,0510475	-157,9	   0,0508874	-157,5
      26,152	   0,0510105	-157,8	   0,0507728	-157,6
     26,1554	   0,0508832	-157,7	   0,0507203	-157,5
     26,1588	   0,0510794	-157,8	   0,0510116	-157,5
     26,1623	    0,051144	-157,7	   0,0510835	-157,4
     26,1657	   0,0511095	-157,7	   0,0508723	-157,4
     26,1691	   0,0510764	-157,5	   0,0510674	-157,3
     26,1725	    0,051123	-157,4	   0,0513481	-157,0
      26,176	   0,0508301	-157,4	   0,0511471	-157,0
     26,1794	   0,0508443	-157,3	    0,051157	-156,6
     26,1828	   0,0506448	-157,0	   0,0506993	-156,7
     26,1862	   0,0505528	-157,0	   0,0509318	-156,6
     26,1896	   0,0504695	-157,2	   0,0505899	-156,6
     26,1931	   0,0503139	-156,9	   0,0499515	-156,8
     26,1965	    0,050051	-157,3	   0,0501754	-157,0
     26,1999	   0,0501758	-156,9	   0,0499802	-156,8
     26,2033	    0,050136	-156,9	   0,0498668	-156,3
     26,2067	   0,0502636	-157,0	   0,0501932	-156,4
     26,2102	   0,0502387	-156,6	   0,0498326	-156,4
     26,2136	   0,0502072	-156,6	   0,0504102	-156,2
      26,217	   0,0498609	-156,4	   0,0500829	-155,7
     26,2204	   0,0500191	-156,4	   0,0500027	-155,5
     26,2239	   0,0496772	-156,2	   0,0499157	-155,8
     26,2273	   0,0497187	-156,4	   0,0494485	-156,0
     26,2307	   0,0495462	-156,9	   0,0496892	-155,7
     26,2341	   0,0496005	-156,1	   0,0490904	-155,9
     26,2375	   0,0497174	-155,8	   0,0494367	-155,9
      26,241	   0,0495992	-156,1	    0,049246	-155,9
     26,2444	   0,0494695	-155,6	   0,0493058	-155,6
     26,2478	   0,0492197	-155,6	   0,0495256	-155,3
     26,2512	   0,0494034	-155,6	   0,0493591	-155,5
     26,2546	   0,0489597	-155,6	   0,0492538	-155,0
     26,2581	   0,0489414	-155,5	   0,0488957	-155,4
     26,2615	   0,0488823	-155,3	   0,0488265	-155,3
     26,2649	   0,0488085	-155,3	   0,0484391	-155,3
     26,2683	   0,0489333	-155,3	   0,0486648	-155,0
     26,2717	   0,0488965	-155,0	   0,0489541	-154,9
     26,2752	   0,0489506	-155,1	   0,0488343	-155,0
     26,2786	   0,0484152	-155,1	   0,0487184	-154,5
      26,282	   0,0486706	-154,9	   0,0486496	-154,7
     26,2854	   0,0476865	-155,3	   0,0483288	-154,5
     26,2889	    0,048063	-154,6	   0,0484556	-154,8
     26,2923	   0,0481857	-154,7	   0,0482707	-154,3
     26,2957	    0,048377	-154,6	   0,0481948	-154,4
     26,2991	   0,0482595	-154,5	   0,0484623	-154,1
     26,3025	   0,0482345	-154,8	   0,0484045	-154,3
      26,306	    0,047909	-154,8	    0,048192	-154,2
     26,3094	   0,0478251	-154,4	    0,047928	-153,9
     26,3128	   0,0476854	-154,4	   0,0477736	-154,5
     26,3162	   0,0480013	-154,3	   0,0476232	-154,2
     26,3196	   0,0478586	-154,0	   0,0479887	-153,6
     26,3231	   0,0478632	-154,0	    0,047655	-154,2
     26,3265	   0,0474365	-154,4	   0,0477878	-153,7
     26,3299	   0,0473176	-154,4	   0,0474705	-154,0
     26,3333	    0,047124	-154,3	   0,0473591	-153,5
     26,3368	   0,0474437	-153,8	   0,0474784	-153,4
     26,3402	   0,0475549	-153,9	   0,0476067	-153,2
     26,3436	   0,0469055	-153,7	   0,0472331	-153,5
      26,347	   0,0469795	-153,9	    0,047656	-152,9
     26,3504	   0,0469128	-153,5	   0,0469588	-153,6
     26,3539	   0,0470761	-153,6	   0,0472881	-153,0
     26,3573	   0,0469057	-153,4	   0,0469777	-153,1
     26,3607	   0,0470067	-153,5	   0,0469513	-152,8
     26,3641	   0,0467062	-153,1	   0,0466021	-152,8
     26,3675	   0,0469519	-153,1	   0,0472002	-152,8
      26,371	   0,0465337	-153,0	   0,0462247	-152,9
     26,3744	   0,0466459	-152,9	   0,0465661	-152,6
     26,3778	   0,0466154	-152,9	   0,0466346	-152,6
     26,3812	   0,0464135	-152,6	   0,0466259	-152,5
     26,3847	   0,0464492	-152,7	   0,0463405	-152,8
     26,3881	    0,046414	-152,7	   0,0460986	-152,3
     26,3915	   0,0462123	-152,7	   0,0460629	-152,2
     26,3949	    0,046348	-152,9	   0,0462303	-152,3
     26,3983	     0,04602	-152,5	   0,0462411	-152,1
     26,4018	   0,0457704	-152,6	    0,046174	-152,2
     26,4052	   0,0457263	-152,6	   0,0457479	-151,9
     26,4086	   0,0458279	-152,1	   0,0460309	-152,1
      26,412	   0,0458578	-152,3	   0,0456394	-152,2
     26,4154	   0,0457184	-152,3	   0,0459088	-151,8
     26,4189	   0,0454166	-152,1	   0,0452957	-151,7
     26,4223	   0,0452516	-152,3	   0,0454228	-151,9
     26,4257	   0,0455575	-151,9	   0,0452983	-151,5
     26,4291	   0,0451626	-151,9	   0,0454777	-151,4
     26,4326	   0,0452267	-152,0	   0,0452495	-151,5
      26,436	   0,0447708	-152,0	   0,0450708	-151,5
     26,4394	   0,0450402	-151,5	   0,0452142	-151,5
     26,4428	   0,0451031	-151,6	   0,0450843	-151,2
     26,4462	    0,045144	-151,5	    0,045193	-151,3
     26,4497	   0,0448784	-151,3	   0,0451001	-151,4
     26,4531	   0,0449255	-151,4	   0,0448427	-151,2
     26,4565	    0,044851	-151,3	    0,044809	-151,2
     26,4599	   0,0445055	-151,4	   0,0445928	-151,0
     26,4633	   0,0445262	-151,8	   0,0448699	-150,8
     26,4668	   0,0445178	-151,1	   0,0447369	-151,4
     26,4702	   0,0441222	-151,4	   0,0446191	-150,4
     26,4736	   0,0441943	-151,5	   0,0445482	-150,9
      26,477	   0,0445167	-151,3	   0,0447591	-150,7
     26,4804	   0,0440317	-151,1	   0,0445557	-151,0
     26,4839	   0,0441947	-150,7	   0,0444914	-150,5
     26,4873	   0,0441801	-150,7	   0,0441733	-150,3
     26,4907	   0,0443593	-150,6	   0,0442087	-150,5
     26,4941	   0,0439855	-150,8	   0,0441188	-150,7
     26,4976	   0,0439641	-150,3	   0,0440606	-150,3
      26,501	   0,0438846	-150,4	      0,0442	-150,1
     26,5044	    0,043553	-150,6	   0,0441821	-150,3
     26,5078	   0,0436966	-150,5	   0,0440247	-150,1
     26,5112	   0,0438478	-150,3	   0,0438782	-150,1
     26,5147	   0,0436034	-150,2	   0,0438432	-150,2
     26,5181	   0,0439375	-150,0	   0,0435735	-150,0
     26,5215	   0,0434251	-150,1	   0,0434928	-150,1
     26,5249	   0,0435255	-150,2	   0,0435468	-149,6
     26,5283	   0,0432331	-150,4	   0,0433526	-149,4
     26,5318	   0,0430122	-149,9	   0,0430152	-149,7
     26,5352	   0,0429946	-149,6	   0,0433658	-149,7
     26,5386	   0,0431737	-150,2	    0,043449	-149,4
      26,542	   0,0433389	-149,6	   0,0431424	-149,7
     26,5455	   0,0430204	-149,8	   0,0431829	-149,3
     26,5489	   0,0430019	-149,8	   0,0433802	-149,4
     26,5523	   0,0425482	-149,8	   0,0432873	-149,7
     26,5557	   0,0427876	-149,3	     0,04287	-149,3
     26,5591	   0,0425937	-149,5	   0,0432289	-149,5
     26,5626	   0,0424212	-149,6	   0,0429924	-149,4
      26,566	   0,0427372	-149,5	   0,0426185	-149,5
     26,5694	   0,0424146	-148,9	    0,042929	-148,8
     26,5728	   0,0424416	-149,8	   0,0428887	-149,0
     26,5762	   0,0422602	-149,0	   0,0426274	-149,3
     26,5797	   0,0422496	-149,0	   0,0426443	-148,5
     26,5831	   0,0425057	-149,3	   0,0426255	-149,0
     26,5865	   0,0422661	-148,7	   0,0425076	-149,1
     26,5899	   0,0421257	-149,0	   0,0424603	-148,2
     26,5934	   0,0422282	-148,8	   0,0424673	-148,9
     26,5968	   0,0421784	-148,8	   0,0424785	-148,9
     26,6002	    0,041972	-149,1	   0,0421516	-148,3
     26,6036	     0,04166	-148,5	   0,0422378	-148,7
      26,607	   0,0416747	-148,7	   0,0421649	-148,8
     26,6105	   0,0415131	-148,6	   0,0417115	-148,2
     26,6139	   0,0417514	-148,5	    0,041896	-148,9
     26,6173	   0,0416513	-149,2	   0,0417238	-148,1
     26,6207	   0,0415327	-148,2	   0,0417987	-147,9
     26,6241	   0,0414178	-148,1	   0,0416045	-148,4
     26,6276	   0,0414772	-148,3	   0,0416699	-148,0
      26,631	   0,0414899	-148,3	   0,0419065	-147,6
     26,6344	   0,0413539	-148,1	   0,0419413	-148,0
     26,6378	   0,0412626	-148,6	   0,0416897	-147,5
     26,6413	   0,0410719	-147,8	   0,0415849	-147,5
     26,6447	   0,0411055	-148,3	   0,0415078	-147,8
     26,6481	   0,0411291	-148,2	   0,0413661	-147,4
     26,6515	   0,0407952	-147,9	   0,0413673	-147,3
     26,6549	   0,0410182	-147,9	   0,0412342	-147,8
     26,6584	   0,0410692	-147,7	   0,0408429	-147,7
     26,6618	    0,040653	-147,3	   0,0410814	-147,3
     26,6652	   0,0407974	-147,9	   0,0410721	-147,7
     26,6686	   0,0404425	-147,5	   0,0409205	-147,1
      26,672	   0,0404906	-147,3	   0,0408999	-147,4
     26,6755	   0,0402371	-147,7	   0,0408532	-147,4
     26,6789	   0,0403066	-147,3	   0,0407585	-147,1
     26,6823	   0,0403975	-147,8	   0,0407389	-147,4
     26,6857	   0,0403217	-147,4	   0,0406519	-146,9
     26,6891	   0,0403058	-147,3	   0,0405455	-147,1
     26,6926	   0,0401935	-147,5	   0,0406264	-147,0
      26,696	   0,0400584	-147,2	   0,0404293	-146,8
     26,6994	   0,0401502	-147,0	   0,0402414	-147,1
     26,7028	   0,0399592	-147,5	   0,0403045	-147,2
     26,7063	   0,0400216	-146,8	   0,0402346	-146,8
     26,7097	   0,0398818	-147,1	   0,0402793	-146,6
     26,7131	   0,0398663	-146,7	   0,0402876	-146,3
     26,7165	   0,0396241	-146,7	   0,0399688	-146,5
     26,7199	    0,039532	-146,6	   0,0401531	-146,3
     26,7234	   0,0395736	-146,7	   0,0400534	-146,3
     26,7268	   0,0393117	-146,7	    0,039876	-146,8
     26,7302	   0,0394575	-146,5	   0,0398331	-145,9
     26,7336	   0,0393309	-146,4	   0,0397782	-146,2
      26,737	   0,0392348	-146,5	   0,0396878	-146,3
     26,7405	   0,0390665	-146,5	   0,0394545	-146,0
     26,7439	    0,039153	-146,7	   0,0394384	-146,1
     26,7473	   0,0388347	-146,5	   0,0392439	-146,3
     26,7507	    0,038949	-146,7	   0,0391753	-146,3
     26,7542	   0,0388529	-146,5	    0,039164	-145,8
     26,7576	   0,0388525	-146,3	   0,0391798	-145,9
      26,761	   0,0387258	-146,4	   0,0388816	-146,1
     26,7644	   0,0385006	-145,9	   0,0389607	-145,5
     26,7678	   0,0386159	-145,9	   0,0387987	-145,8
     26,7713	   0,0384813	-145,9	   0,0389821	-145,7
     26,7747	    0,038418	-146,2	   0,0386568	-145,8
     26,7781	   0,0383308	-146,0	   0,0386166	-145,9
     26,7815	   0,0382193	-145,9	   0,0385479	-145,4
     26,7849	   0,0380927	-145,9	   0,0384036	-145,8
     26,7884	   0,0381115	-145,9	   0,0384341	-145,2
     26,7918	   0,0379635	-145,9	   0,0383645	-145,2
     26,7952	   0,0380969	-145,4	    0,038449	-145,1
     26,7986	   0,0380149	-145,4	   0,0383025	-145,4
     26,8021	   0,0377694	-145,8	   0,0385076	-145,1
     26,8055	   0,0378948	-145,3	   0,0380305	-145,1
     26,8089	   0,0376925	-145,7	   0,0377165	-145,1
     26,8123	   0,0378108	-145,3	   0,0380677	-144,8
     26,8157	   0,0375265	-145,4	    0,037825	-145,1
     26,8192	    0,037689	-145,2	    0,037769	-144,8
     26,8226	   0,0376524	-145,1	   0,0376594	-144,4
      26,826	   0,0375169	-144,9	    0,037558	-144,7
     26,8294	   0,0373359	-145,0	   0,0374908	-144,2
     26,8328	   0,0373769	-144,9	   0,0371077	-144,7
     26,8363	   0,0372131	-145,0	   0,0369343	-144,4
     26,8397	   0,0372491	-144,7	    0,037101	-144,1
     26,8431	    0,037082	-144,9	   0,0370409	-144,9
     26,8465	   0,0370686	-144,6	   0,0370041	-144,6
       26,85	   0,0368701	-144,7	   0,0370188	-144,4
     26,8534	   0,0365457	-145,0	   0,0370561	-144,4
     26,8568	   0,0364737	-144,6	   0,0365133	-144,4
     26,8602	   0,0365392	-144,4	   0,0367754	-144,3
     26,8636	   0,0364238	-144,6	   0,0365658	-144,2
     26,8671	    0,036303	-144,6	   0,0367669	-144,3
     26,8705	   0,0362817	-144,4	   0,0363625	-144,4
     26,8739	   0,0362966	-144,2	   0,0363339	-144,1
     26,8773	   0,0360183	-144,4	    0,036196	-144,1
     26,8807	   0,0360994	-143,9	   0,0361736	-144,2
     26,8842	   0,0359795	-144,1	   0,0361163	-144,0
     26,8876	   0,0353185	-144,3	   0,0361225	-144,2
      26,891	   0,0356548	-144,0	   0,0360126	-143,2
     26,8944	   0,0355678	-143,7	   0,0357929	-144,0
     26,8979	   0,0352631	-143,7	   0,0355499	-143,4
     26,9013	   0,0353134	-143,6	   0,0363901	-143,4
     26,9047	   0,0350869	-144,0	   0,0353279	-144,2
     26,9081	   0,0352817	-143,7	   0,0351707	-143,8
     26,9115	   0,0352249	-144,0	   0,0350941	-142,8
      26,915	   0,0350927	-143,7	   0,0357786	-143,5
     26,9184	   0,0350069	-143,4	    0,035441	-143,8
     26,9218	   0,0350038	-143,6	   0,0354092	-143,1
     26,9252	   0,0348137	-143,8	   0,0348421	-143,4
     26,9286	   0,0346324	-143,7	   0,0348344	-143,5
     26,9321	   0,0345223	-143,9	   0,0346304	-143,0
     26,9355	   0,0343152	-143,3	   0,0348413	-143,6
     26,9389	   0,0344719	-143,7	   0,0345543	-143,5
     26,9423	   0,0342435	-143,3	   0,0343468	-143,1
     26,9457	   0,0341567	-143,5	   0,0343597	-143,3
     26,9492	   0,0341115	-143,3	   0,0344412	-143,0
     26,9526	   0,0341784	-143,7	   0,0344338	-142,9
      26,956	   0,0339393	-143,3	   0,0343153	-142,7
     26,9594	    0,033918	-143,3	   0,0341151	-142,5
     26,9629	   0,0339655	-143,1	   0,0342547	-142,8
     26,9663	    0,033783	-143,0	    0,034346	-143,1
     26,9697	   0,0337669	-143,5	   0,0341484	-142,9
     26,9731	    0,033719	-143,4	   0,0340378	-142,7
     26,9765	   0,0336415	-143,1	   0,0341503	-142,6
       26,98	   0,0335029	-142,9	   0,0337734	-142,6
     26,9834	   0,0335615	-142,7	   0,0340704	-142,3
     26,9868	   0,0334374	-143,1	   0,0338562	-142,1
     26,9902	   0,0334401	-142,9	    0,033874	-142,8
     26,9936	   0,0333925	-142,8	     0,03397	-142,4
     26,9971	   0,0334561	-142,9	    0,034035	-142,7
     27,0005	   0,0334046	-142,4	   0,0336958	-142,0
     27,0039	    0,033345	-142,8	   0,0337434	-142,3
     27,0073	   0,0332964	-142,5	   0,0335848	-141,8
     27,0108	   0,0331968	-142,5	   0,0338464	-142,0
     27,0142	   0,0332347	-142,5	    0,033538	-142,0
     27,0176	   0,0332035	-142,4	   0,0333076	-142,3
      27,021	   0,0332644	-142,0	   0,0334806	-142,0
     27,0244	   0,0331338	-142,1	   0,0333977	-141,7
     27,0279	     0,03314	-141,8	   0,0334906	-141,8
     27,0313	   0,0330745	-141,9	   0,0334539	-141,4
     27,0347	   0,0329562	-141,7	    0,033454	-141,3
     27,0381	   0,0329696	-141,8	   0,0334504	-141,4
     27,0415	   0,0329597	-141,9	   0,0332181	-141,3
      27,045	   0,0329413	-142,0	   0,0332197	-141,3
     27,0484	   0,0330856	-141,8	   0,0330209	-141,1
     27,0518	   0,0328662	-141,7	   0,0335168	-141,6
     27,0552	   0,0327247	-141,6	   0,0336633	-141,7
     27,0587	   0,0327776	-141,6	   0,0332029	-141,9
     27,0621	   0,0326199	-141,3	   0,0331987	-141,1
     27,0655	    0,032828	-141,4	   0,0328203	-140,8
     27,0689	   0,0327571	-141,0	   0,0329823	-140,7
     27,0723	   0,0327868	-141,3	   0,0326763	-140,8
     27,0758	   0,0325791	-141,4	   0,0326757	-140,9
     27,0792	   0,0328134	-141,3	    0,032812	-140,4
     27,0826	   0,0322086	-141,4	   0,0327578	-141,4
      27,086	   0,0325178	-141,2	   0,0326346	-140,9
     27,0894	   0,0322811	-141,5	   0,0326163	-141,1
     27,0929	   0,0323699	-140,9	   0,0323919	-140,9
     27,0963	   0,0323262	-140,5	   0,0326515	-140,6
     27,0997	   0,0319609	-140,6	   0,0325493	-141,0
     27,1031	    0,032491	-140,9	   0,0326791	-140,8
     27,1066	   0,0324282	-140,9	   0,0325215	-140,2
       27,11	   0,0321372	-140,2	   0,0322797	-139,9
     27,1134	   0,0324431	-140,8	   0,0324054	-140,2
     27,1168	   0,0323546	-141,0	   0,0321709	-140,1
     27,1202	   0,0322043	-141,0	    0,032375	-140,9
     27,1237	   0,0322089	-140,6	   0,0321716	-140,2
     27,1271	    0,032159	-140,7	   0,0320972	-140,1
     27,1305	   0,0319234	-139,7	   0,0315239	-140,1
     27,1339	   0,0318109	-140,0	   0,0315513	-139,7
     27,1373	   0,0317082	-140,9	   0,0319039	-139,8
     27,1408	   0,0316744	-139,4	    0,031586	-139,5
     27,1442	   0,0315856	-139,8	   0,0318311	-140,0
     27,1476	   0,0316322	-140,4	   0,0316418	-139,9
      27,151	   0,0316068	-140,6	   0,0316301	-139,9
     27,1544	   0,0314265	-139,6	   0,0318221	-140,4
     27,1579	   0,0315911	-140,4	   0,0315292	-139,4
     27,1613	   0,0315732	-140,2	    0,031525	-140,6
     27,1647	    0,031368	-140,5	   0,0316072	-140,4
     27,1681	   0,0313245	-140,5	   0,0314083	-140,2
     27,1716	   0,0314295	-139,9	   0,0311789	-140,4
      27,175	   0,0311183	-140,5	   0,0313935	-140,4
     27,1784	   0,0313004	-140,2	   0,0313638	-140,2
     27,1818	   0,0310937	-140,0	   0,0314534	-140,2
     27,1852	    0,031088	-140,1	   0,0313926	-139,9
     27,1887	   0,0311035	-140,2	   0,0312616	-139,8
     27,1921	   0,0310314	-139,8	   0,0311812	-140,0
     27,1955	   0,0309261	-140,0	   0,0311837	-139,8
     27,1989	   0,0309191	-139,9	   0,0309477	-139,8
     27,2023	   0,0308626	-139,7	   0,0308759	-139,8
     27,2058	   0,0308622	-139,6	    0,031099	-139,5
     27,2092	   0,0306489	-139,7	   0,0309713	-139,1
     27,2126	   0,0306457	-139,6	   0,0308665	-139,6
      27,216	   0,0307275	-139,2	   0,0307872	-139,7
     27,2195	   0,0304219	-139,6	   0,0306909	-139,7
     27,2229	   0,0303613	-139,5	   0,0306682	-139,4
     27,2263	   0,0303946	-139,3	    0,030628	-139,5
     27,2297	   0,0304015	-139,3	   0,0304898	-139,5
     27,2331	   0,0303175	-139,3	    0,030441	-139,5
     27,2366	   0,0303156	-139,0	   0,0303946	-139,4
       27,24	   0,0302021	-139,3	   0,0301705	-139,4
     27,2434	   0,0301743	-139,2	   0,0303144	-139,2
     27,2468	   0,0300503	-138,9	   0,0302251	-139,3
     27,2502	   0,0299845	-139,2	   0,0301723	-139,0
     27,2537	   0,0299472	-139,2	   0,0301181	-138,8
     27,2571	     0,02973	-138,8	   0,0301323	-138,7
     27,2605	   0,0298769	-138,8	   0,0300135	-138,9
     27,2639	    0,029784	-139,1	   0,0299716	-138,7
     27,2674	   0,0297688	-138,6	   0,0298755	-138,6
     27,2708	   0,0297198	-138,9	   0,0297856	-138,6
     27,2742	   0,0296295	-138,8	    0,029736	-138,7
     27,2776	    0,029601	-138,9	   0,0298394	-138,5
      27,281	   0,0296211	-139,0	   0,0295674	-139,0
     27,2845	   0,0295616	-138,8	   0,0294343	-138,8
     27,2879	   0,0293075	-138,4	   0,0294587	-138,6
     27,2913	   0,0292683	-138,4	   0,0294526	-138,8
     27,2947	   0,0293179	-138,8	   0,0294211	-138,6
     27,2981	    0,029177	-138,3	   0,0294004	-138,1
     27,3016	   0,0291707	-138,4	   0,0293382	-138,5
      27,305	   0,0290851	-138,2	   0,0291937	-138,4
     27,3084	   0,0290681	-138,3	    0,029149	-138,3
     27,3118	   0,0291096	-138,0	   0,0291155	-137,9
     27,3152	     0,02898	-137,9	    0,029052	-138,1
     27,3187	   0,0288616	-138,1	   0,0288841	-138,1
     27,3221	   0,0287729	-138,1	   0,0289901	-137,8
     27,3255	   0,0287291	-138,0	   0,0284951	-138,1
     27,3289	   0,0287541	-137,8	   0,0286056	-138,0
     27,3324	   0,0286595	-137,8	   0,0286097	-138,0
     27,3358	   0,0285838	-137,8	   0,0285528	-138,2
     27,3392	   0,0284576	-137,6	   0,0286945	-138,0
     27,3426	   0,0284283	-137,7	   0,0285818	-137,8
      27,346	    0,028391	-138,0	   0,0285699	-137,8
     27,3495	   0,0283513	-137,7	   0,0284212	-137,8
     27,3529	   0,0282846	-137,6	   0,0283029	-137,4
     27,3563	   0,0281139	-137,7	   0,0282224	-137,4
     27,3597	   0,0280602	-137,8	   0,0281227	-137,6
     27,3631	   0,0279838	-137,4	   0,0279932	-137,1
     27,3666	   0,0279869	-137,3	   0,0277427	-136,6
       27,37	    0,027757	-137,1	   0,0275637	-137,1
     27,3734	   0,0276371	-136,9	   0,0274288	-136,6
     27,3768	    0,027607	-137,2	   0,0276146	-137,3
     27,3803	   0,0276717	-137,3	   0,0276026	-136,8
     27,3837	   0,0274869	-137,0	   0,0273733	-137,0
     27,3871	     0,02711	-136,4	   0,0272042	-136,6
     27,3905	   0,0271958	-136,4	   0,0273408	-136,5
     27,3939	   0,0269138	-136,4	   0,0269712	-136,8
     27,3974	   0,0267265	-136,2	   0,0268355	-136,8
     27,4008	   0,0267689	-136,7	   0,0266681	-136,3
     27,4042	   0,0267874	-136,9	   0,0269428	-136,5
     27,4076	   0,0267928	-136,4	   0,0266138	-135,9
      27,411	   0,0268006	-136,3	   0,0263865	-136,2
     27,4145	   0,0264869	-135,6	   0,0263992	-136,2
     27,4179	   0,0262096	-135,7	   0,0263667	-135,2
     27,4213	   0,0260625	-136,6	   0,0262401	-135,4
     27,4247	    0,026209	-136,9	   0,0264698	-135,3
     27,4282	   0,0262636	-136,8	   0,0263293	-136,8
     27,4316	   0,0259993	-135,4	   0,0263287	-136,6
      27,435	    0,025757	-135,5	   0,0257378	-135,9
     27,4384	   0,0256326	-135,0	   0,0255967	-135,9
     27,4418	   0,0256536	-135,9	   0,0256223	-136,1
     27,4453	   0,0253666	-136,5	   0,0256541	-135,3
     27,4487	   0,0253415	-136,3	    0,025424	-134,7
     27,4521	   0,0250741	-133,3	   0,0258916	-136,0
     27,4555	   0,0252063	-134,2	   0,0257594	-135,6
     27,4589	   0,0249014	-133,6	   0,0250733	-135,8
     27,4624	   0,0249551	-135,7	    0,025143	-136,0
     27,4658	   0,0250238	-135,8	   0,0249359	-135,3
     27,4692	   0,0249031	-135,5	   0,0249159	-136,3
     27,4726	   0,0248624	-135,2	   0,0250504	-134,1
     27,4761	   0,0247474	-133,5	   0,0250554	-134,1
     27,4795	    0,025152	-134,1	   0,0251248	-134,0
     27,4829	    0,024937	-134,0	   0,0249064	-135,4
     27,4863	   0,0247338	-134,6	   0,0246724	-135,5
     27,4897	   0,0245027	-134,6	   0,0246887	-134,5
     27,4932	   0,0248686	-135,3	    0,024565	-134,0
     27,4966	   0,0245918	-133,7	    0,024673	-134,1
        27,5	   0,0251149	-135,2	   0,0247426	-134,6

