X-Data [Hz]	Laser (M - Filtered) [m/s]	Phase [Deg]	Laser (M - Filtered) [m/s]	Phase [Deg]	
	002: [06-17-24 15:02]		003: [06-17-24 15:12]	
          31	  0,00965554	72,8	    0,011514	72,9
     31,0029	    0,011533	74,4	   0,0117035	74,9
     31,0059	   0,0112154	75,3	   0,0116192	74,4
     31,0088	   0,0116571	70,9	   0,0116708	74,8
     31,0117	   0,0116935	75,8	   0,0116658	74,8
     31,0147	   0,0114364	72,9	   0,0117286	73,3
     31,0176	   0,0119336	73,2	    0,011704	74,9
     31,0205	   0,0116079	74,7	   0,0117929	74,5
     31,0235	    0,011769	72,0	   0,0116936	73,1
     31,0264	   0,0117731	75,2	   0,0118296	74,1
     31,0293	   0,0118176	74,6	    0,011778	72,3
     31,0323	    0,011867	74,7	   0,0118502	73,7
     31,0352	   0,0118461	75,0	   0,0119025	73,6
     31,0381	   0,0118615	73,7	   0,0118489	73,0
     31,0411	   0,0118378	75,8	   0,0119813	73,0
      31,044	   0,0119363	74,1	   0,0118856	73,1
     31,0469	   0,0119554	75,2	    0,012021	74,3
     31,0499	   0,0119066	74,4	     0,01198	73,3
     31,0528	   0,0118477	74,6	   0,0120342	73,2
     31,0557	   0,0121382	74,6	   0,0119746	75,1
     31,0587	   0,0118675	73,9	   0,0120726	75,3
     31,0616	   0,0121832	74,2	   0,0120311	74,7
     31,0645	   0,0120645	74,8	    0,012094	74,7
     31,0674	   0,0121207	73,6	     0,01213	74,4
     31,0704	   0,0121236	73,4	   0,0120872	74,6
     31,0733	   0,0121109	73,8	   0,0122313	75,6
     31,0762	   0,0122306	73,6	   0,0121178	74,3
     31,0792	   0,0121877	72,9	   0,0122082	73,4
     31,0821	   0,0122413	73,4	   0,0123009	74,4
      31,085	   0,0122608	75,1	   0,0121707	72,9
      31,088	   0,0123368	74,4	   0,0123625	73,4
     31,0909	   0,0123174	74,8	   0,0122873	72,9
     31,0938	   0,0123731	74,4	   0,0123237	74,2
     31,0968	   0,0122719	75,7	   0,0124181	74,4
     31,0997	   0,0124378	74,5	   0,0123806	73,4
     31,1026	   0,0123842	74,8	   0,0124021	75,3
     31,1056	   0,0124973	72,8	   0,0124578	74,3
     31,1085	   0,0124027	73,0	   0,0124899	74,8
     31,1114	   0,0125622	73,6	   0,0124878	73,3
     31,1144	    0,012486	73,9	   0,0125142	74,9
     31,1173	   0,0125555	73,2	   0,0125776	74,2
     31,1202	   0,0126101	73,0	   0,0125564	72,8
     31,1232	   0,0125991	74,4	   0,0126603	73,5
     31,1261	   0,0126411	74,7	   0,0126063	74,1
      31,129	   0,0126326	74,0	   0,0126649	75,2
      31,132	   0,0127192	74,7	   0,0126372	74,6
     31,1349	   0,0127124	74,1	    0,012738	74,9
     31,1378	   0,0127499	75,1	   0,0127492	74,3
     31,1408	    0,012777	74,0	   0,0127792	73,8
     31,1437	   0,0127902	74,7	   0,0128295	74,0
     31,1466	   0,0128338	74,0	   0,0127848	75,1
     31,1496	   0,0127626	73,0	    0,012935	73,0
     31,1525	   0,0129284	73,3	   0,0128326	74,6
     31,1554	   0,0128367	74,0	   0,0129825	73,5
     31,1584	   0,0129936	74,8	   0,0129078	74,4
     31,1613	   0,0129448	75,7	   0,0130151	75,3
     31,1642	   0,0130425	75,5	   0,0129622	75,9
     31,1672	   0,0130194	75,3	   0,0130913	73,8
     31,1701	   0,0130624	74,9	   0,0130381	75,1
      31,173	   0,0130285	74,1	   0,0131603	73,3
      31,176	   0,0130781	75,2	   0,0131177	73,6
     31,1789	   0,0131842	73,2	   0,0131386	73,4
     31,1818	   0,0131455	73,5	   0,0131575	74,5
     31,1848	   0,0132089	73,3	   0,0132236	75,1
     31,1877	    0,013236	75,0	   0,0132157	74,8
     31,1906	   0,0131793	75,1	   0,0132954	75,0
     31,1935	   0,0133657	75,0	    0,013326	73,7
     31,1965	   0,0132805	74,7	   0,0133533	73,8
     31,1994	   0,0134508	74,4	   0,0133786	74,0
     31,2023	   0,0134008	74,5	   0,0134546	73,7
     31,2053	   0,0133945	72,7	    0,013398	74,2
     31,2082	   0,0134551	72,9	   0,0134416	75,1
     31,2111	   0,0134982	74,4	   0,0134398	75,2
     31,2141	   0,0135582	75,3	   0,0135556	73,3
      31,217	    0,013589	75,5	   0,0135883	73,6
     31,2199	    0,013647	73,4	    0,013582	73,1
     31,2229	   0,0136469	73,9	   0,0136342	74,2
     31,2258	    0,013734	73,2	   0,0137187	74,7
     31,2287	   0,0136181	74,1	   0,0136293	74,6
     31,2317	   0,0138101	75,2	   0,0138163	73,7
     31,2346	   0,0137386	74,7	   0,0137162	73,6
     31,2375	   0,0137986	74,1	   0,0138638	73,9
     31,2405	    0,013819	74,6	   0,0138037	74,9
     31,2434	   0,0138767	73,3	   0,0138981	74,7
     31,2463	   0,0138665	72,7	   0,0139028	75,0
     31,2493	   0,0139617	74,7	   0,0140656	74,1
     31,2522	    0,013983	74,8	   0,0139271	74,5
     31,2551	   0,0139481	74,6	   0,0140677	72,8
     31,2581	   0,0141155	75,1	   0,0140365	75,4
      31,261	    0,014047	73,2	   0,0141041	74,4
     31,2639	    0,014151	73,2	   0,0141587	75,0
     31,2669	   0,0140786	73,3	   0,0142397	73,6
     31,2698	   0,0141737	75,8	   0,0142317	73,2
     31,2727	   0,0142621	75,8	   0,0142058	74,7
     31,2757	   0,0142576	74,2	   0,0143978	74,3
     31,2786	   0,0143525	74,8	   0,0143035	76,1
     31,2815	   0,0144084	73,6	   0,0144197	74,6
     31,2845	   0,0144263	74,0	   0,0144484	75,3
     31,2874	   0,0144351	72,8	   0,0143349	73,0
     31,2903	   0,0145238	76,1	   0,0145397	75,5
     31,2933	   0,0145556	74,7	   0,0144702	74,8
     31,2962	   0,0144949	74,8	   0,0146975	74,8
     31,2991	   0,0146168	73,6	   0,0145207	74,0
     31,3021	   0,0146685	72,7	   0,0147149	72,0
      31,305	   0,0146886	74,8	   0,0147261	76,3
     31,3079	   0,0147288	75,2	   0,0147198	75,1
     31,3109	   0,0148352	75,2	   0,0148771	74,9
     31,3138	   0,0148184	73,2	    0,014798	74,5
     31,3167	   0,0148518	75,1	    0,014932	74,4
     31,3196	   0,0149573	74,3	   0,0150165	73,9
     31,3226	   0,0149158	75,5	   0,0149113	74,8
     31,3255	    0,015023	75,3	   0,0151033	74,8
     31,3284	   0,0149926	74,4	   0,0150326	74,4
     31,3314	   0,0151435	74,2	    0,015139	72,9
     31,3343	   0,0151219	74,7	   0,0151279	75,0
     31,3372	   0,0151477	73,7	   0,0151097	75,1
     31,3402	   0,0152533	76,1	   0,0153013	75,2
     31,3431	    0,015269	72,8	   0,0152601	74,1
      31,346	   0,0152882	73,7	   0,0154194	73,4
      31,349	   0,0153893	74,6	   0,0153859	74,3
     31,3519	   0,0154298	75,1	   0,0154931	75,7
     31,3548	    0,015435	75,0	   0,0154927	73,9
     31,3578	   0,0155656	73,7	   0,0155306	74,0
     31,3607	   0,0155183	73,8	   0,0156442	75,7
     31,3636	   0,0155499	75,2	   0,0156085	75,5
     31,3666	   0,0157657	75,7	   0,0157387	72,6
     31,3695	   0,0156822	74,3	   0,0157435	75,1
     31,3724	   0,0158029	73,6	    0,015843	74,8
     31,3754	   0,0158049	74,6	   0,0158563	75,6
     31,3783	   0,0158653	74,7	   0,0158543	73,3
     31,3812	   0,0158977	75,5	   0,0160294	73,0
     31,3842	   0,0160096	74,7	   0,0160454	76,1
     31,3871	   0,0160471	73,9	   0,0160266	75,3
       31,39	   0,0160587	75,0	   0,0161664	75,4
      31,393	   0,0162205	75,2	   0,0161582	73,8
     31,3959	   0,0162229	75,7	   0,0162571	75,6
     31,3988	   0,0162331	73,6	   0,0162878	75,5
     31,4018	   0,0163181	74,4	   0,0163177	74,8
     31,4047	   0,0164437	75,3	   0,0164963	74,0
     31,4076	   0,0163845	74,6	   0,0164469	74,1
     31,4106	   0,0165735	74,4	   0,0165141	76,0
     31,4135	   0,0166139	75,3	   0,0166107	75,6
     31,4164	   0,0165748	76,0	   0,0166412	74,4
     31,4194	   0,0168295	75,1	   0,0166008	74,5
     31,4223	   0,0166918	74,5	   0,0168293	74,1
     31,4252	   0,0167066	74,5	   0,0167289	76,0
     31,4282	   0,0169337	75,3	   0,0168543	73,6
     31,4311	   0,0168786	74,4	   0,0170123	74,7
      31,434	   0,0169485	75,0	   0,0169483	76,1
      31,437	   0,0170379	75,9	   0,0171104	74,7
     31,4399	   0,0170843	76,8	   0,0171764	75,5
     31,4428	    0,017181	74,6	   0,0171299	74,9
     31,4457	   0,0171653	74,8	   0,0172662	75,5
     31,4487	   0,0173602	75,2	   0,0173931	75,5
     31,4516	   0,0174569	76,6	   0,0173478	74,2
     31,4545	   0,0174304	73,9	   0,0174653	76,5
     31,4575	   0,0175612	74,2	   0,0175982	76,3
     31,4604	   0,0175298	75,0	   0,0176441	73,8
     31,4633	   0,0176546	77,5	   0,0177152	74,7
     31,4663	    0,017799	76,5	   0,0177389	74,5
     31,4692	   0,0176909	73,9	   0,0178271	75,1
     31,4721	   0,0178385	75,8	   0,0179717	74,5
     31,4751	    0,017975	74,7	    0,018007	75,6
      31,478	    0,017979	76,1	   0,0180938	75,0
     31,4809	   0,0180586	74,3	   0,0181797	75,1
     31,4839	   0,0181762	74,0	   0,0182263	74,1
     31,4868	   0,0181929	75,6	   0,0182787	76,1
     31,4897	   0,0182974	76,2	   0,0183997	74,2
     31,4927	   0,0184287	76,0	   0,0185113	75,9
     31,4956	   0,0185053	73,7	   0,0184067	76,1
     31,4985	   0,0184697	76,1	   0,0186114	76,3
     31,5015	   0,0186292	76,6	   0,0186814	73,9
     31,5044	   0,0188305	74,8	   0,0187353	76,0
     31,5073	   0,0187451	76,2	   0,0189261	76,4
     31,5103	   0,0187981	76,9	   0,0189477	75,2
     31,5132	   0,0190718	75,0	   0,0190104	74,8
     31,5161	   0,0191301	75,6	    0,019148	76,6
     31,5191	   0,0190669	76,0	   0,0192112	74,8
      31,522	    0,019204	74,6	   0,0193087	75,7
     31,5249	   0,0193695	74,8	   0,0193537	76,9
     31,5279	   0,0194171	76,5	   0,0194853	74,4
     31,5308	    0,019356	75,8	   0,0194805	74,3
     31,5337	   0,0195924	74,8	   0,0197133	77,8
     31,5367	   0,0198285	77,4	   0,0197337	74,6
     31,5396	   0,0197324	75,2	   0,0198797	74,7
     31,5425	   0,0197826	75,9	   0,0199986	76,6
     31,5455	   0,0199853	75,5	   0,0200597	76,8
     31,5484	   0,0199956	77,1	   0,0201497	76,0
     31,5513	   0,0201243	74,8	   0,0203229	75,3
     31,5543	   0,0201503	76,7	   0,0204816	75,3
     31,5572	   0,0204155	77,1	   0,0204274	75,9
     31,5601	   0,0205311	76,5	   0,0205925	76,6
      31,563	   0,0205676	75,0	   0,0206336	75,6
      31,566	   0,0206663	77,2	   0,0207914	76,7
     31,5689	   0,0207754	77,5	    0,020934	75,1
     31,5718	   0,0208834	76,1	   0,0210575	75,8
     31,5748	    0,020841	77,7	   0,0211641	76,8
     31,5777	   0,0211416	77,5	   0,0212931	76,9
     31,5806	     0,02117	75,4	   0,0213886	75,5
     31,5836	   0,0213817	76,0	   0,0214358	75,8
     31,5865	   0,0214741	77,2	   0,0216412	76,3
     31,5894	   0,0215973	75,3	   0,0217852	76,9
     31,5924	   0,0216967	74,7	   0,0218598	75,1
     31,5953	   0,0218579	77,4	   0,0218631	75,3
     31,5982	   0,0219423	76,0	   0,0220974	77,2
     31,6012	   0,0220298	76,8	   0,0223069	77,3
     31,6041	   0,0221223	77,9	    0,022393	75,9
      31,607	   0,0222585	75,6	   0,0224668	77,5
       31,61	   0,0224725	76,4	   0,0226551	77,4
     31,6129	   0,0225853	77,7	   0,0228642	75,9
     31,6158	    0,022646	75,3	   0,0230189	76,9
     31,6188	   0,0228358	75,7	   0,0231231	77,1
     31,6217	   0,0230676	77,7	    0,023196	77,6
     31,6246	    0,023229	77,2	   0,0232841	75,7
     31,6276	   0,0232461	76,8	   0,0235075	76,5
     31,6305	   0,0233836	77,6	    0,023672	76,0
     31,6334	   0,0236138	77,5	   0,0238872	76,6
     31,6364	    0,023819	77,8	   0,0240407	77,8
     31,6393	   0,0239457	77,6	   0,0241817	77,4
     31,6422	   0,0239957	76,8	   0,0243237	75,6
     31,6452	   0,0241976	78,5	   0,0245499	77,9
     31,6481	   0,0243558	76,6	   0,0247263	76,3
      31,651	   0,0245156	77,2	    0,024814	77,1
      31,654	   0,0247751	78,0	   0,0250281	78,4
     31,6569	   0,0249324	77,0	   0,0252113	76,9
     31,6598	   0,0250677	79,0	   0,0254203	78,4
     31,6628	   0,0251691	77,4	   0,0256429	76,9
     31,6657	   0,0253658	77,8	   0,0258597	77,0
     31,6686	   0,0256256	78,8	    0,026098	78,9
     31,6716	   0,0256753	77,1	   0,0262267	78,9
     31,6745	    0,025982	79,8	   0,0264347	78,9
     31,6774	   0,0262129	78,0	   0,0266054	77,4
     31,6804	   0,0264694	78,3	   0,0268211	79,5
     31,6833	   0,0266478	79,0	   0,0270983	77,9
     31,6862	   0,0267366	77,4	   0,0272898	79,6
     31,6891	   0,0269518	79,1	   0,0275682	77,9
     31,6921	   0,0272679	77,7	   0,0278793	79,2
      31,695	   0,0275248	80,1	   0,0281307	79,2
     31,6979	   0,0276546	79,7	   0,0282948	77,7
     31,7009	   0,0279254	79,7	   0,0285267	80,7
     31,7038	   0,0281442	79,4	   0,0287936	79,4
     31,7067	   0,0282313	79,1	   0,0291077	79,5
     31,7097	    0,028711	80,1	   0,0294169	79,5
     31,7126	   0,0289642	79,8	   0,0296507	78,5
     31,7155	   0,0291838	78,6	   0,0300507	81,0
     31,7185	   0,0294046	80,4	    0,030382	80,3
     31,7214	   0,0296763	80,0	   0,0306698	81,3
     31,7243	   0,0299401	80,5	   0,0310425	80,3
     31,7273	   0,0302529	79,7	   0,0313814	80,8
     31,7302	   0,0304795	81,7	   0,0317063	80,9
     31,7331	    0,030858	81,0	   0,0320437	79,9
     31,7361	   0,0311944	81,1	    0,032374	82,0
      31,739	   0,0315492	81,8	   0,0328217	80,7
     31,7419	   0,0318706	80,2	   0,0333171	81,9
     31,7449	   0,0321729	83,3	   0,0337736	80,8
     31,7478	   0,0325143	82,1	   0,0342823	81,7
     31,7507	   0,0328695	82,5	   0,0347831	81,7
     31,7537	   0,0331141	81,6	   0,0352085	84,0
     31,7566	   0,0336628	82,1	   0,0358349	84,3
     31,7595	   0,0340211	82,9	   0,0364239	82,8
     31,7625	   0,0344631	83,8	   0,0372022	83,5
     31,7654	   0,0349264	84,6	   0,0383563	83,9
     31,7683	   0,0353725	82,7	   0,0396682	85,4
     31,7713	   0,0356997	85,7	   0,0414172	85,3
     31,7742	   0,0362681	83,9	   0,0432652	88,1
     31,7771	   0,0368756	85,3	   0,0452408	88,9
     31,7801	   0,0371879	86,0	   0,0475691	92,3
      31,783	   0,0377948	86,2	   0,0497257	92,0
     31,7859	   0,0383819	85,3	   0,0518255	96,1
     31,7889	   0,0389269	86,5	    0,054204	97,2
     31,7918	   0,0396955	88,0	    0,056264	102,2
     31,7947	   0,0403218	87,0	   0,0584244	102,5
     31,7977	   0,0409584	89,7	   0,0601121	106,7
     31,8006	   0,0416182	87,7	    0,061974	108,6
     31,8035	   0,0421167	90,7	   0,0637764	112,0
     31,8065	   0,0432067	90,9	   0,0651919	113,3
     31,8094	   0,0440284	93,2	   0,0664939	116,1
     31,8123	   0,0448655	93,0	   0,0679182	118,7
     31,8152	   0,0457916	94,6	   0,0691271	121,5
     31,8182	   0,0463773	94,3	   0,0703519	123,4
     31,8211	   0,0477042	95,3	   0,0712647	127,2
      31,824	   0,0484467	97,6	   0,0718252	128,2
      31,827	   0,0495288	99,8	   0,0730446	132,1
     31,8299	   0,0507948	99,0	   0,0736183	132,6
     31,8328	   0,0519108	101,9	    0,074545	135,2
     31,8358	   0,0533143	104,0	   0,0748372	135,7
     31,8387	    0,054569	106,5	   0,0755316	140,0
     31,8416	   0,0558795	104,8	   0,0758369	140,6
     31,8446	   0,0575346	109,2	   0,0762453	143,1
     31,8475	   0,0587424	110,1	   0,0764016	143,6
     31,8504	   0,0600383	114,9	   0,0767337	147,2
     31,8534	   0,0617409	115,7	   0,0769317	146,5
     31,8563	   0,0635885	121,7	   0,0768343	147,9
     31,8592	   0,0649022	122,3	   0,0772154	149,7
     31,8622	   0,0664836	126,6	    0,077243	152,5
     31,8651	   0,0680615	130,2	    0,077199	153,5
      31,868	   0,0694727	135,4	   0,0770693	156,2
      31,871	   0,0706829	136,2	    0,077031	157,0
     31,8739	   0,0713184	140,2	   0,0769235	156,8
     31,8768	   0,0726273	143,2	    0,076707	159,0
     31,8798	   0,0733089	148,1	   0,0766121	160,6
     31,8827	   0,0740953	149,2	   0,0763973	163,9
     31,8856	   0,0743807	153,9	     0,07631	162,6
     31,8886	   0,0744881	157,9	   0,0761369	166,1
     31,8915	   0,0745458	159,0	   0,0759921	165,2
     31,8944	   0,0748645	164,0	   0,0757252	167,5
     31,8974	   0,0749105	162,6	   0,0755535	167,0
     31,9003	   0,0742157	167,2	   0,0753083	169,3
     31,9032	   0,0742773	167,6	   0,0748987	169,2
     31,9062	   0,0739315	171,6	   0,0744958	170,9
     31,9091	   0,0737459	170,5	   0,0741626	172,3
      31,912	   0,0732034	172,6	   0,0739755	174,3
      31,915	   0,0728147	173,7	   0,0733363	176,9
     31,9179	   0,0723509	175,6	   0,0731343	175,0
     31,9208	   0,0719849	176,9	   0,0728175	177,7
     31,9238	   0,0714284	178,2	   0,0724922	177,6
     31,9267	   0,0710672	180,5	   0,0722281	180,1
     31,9296	   0,0706172	179,5	   0,0716332	178,9
     31,9326	   0,0700354	181,9	   0,0713796	179,8
     31,9355	   0,0698288	182,0	   0,0705254	182,9
     31,9384	   0,0689571	184,7	   0,0705358	182,2
     31,9413	   0,0688066	182,8	   0,0699811	184,9
     31,9443	   0,0681709	184,3	     0,06984	183,6
     31,9472	   0,0679572	185,3	   0,0691526	185,1
     31,9501	   0,0675818	185,7	   0,0686673	186,1
     31,9531	    0,067171	189,4	    0,068609	186,9
      31,956	    0,066578	187,3	   0,0680831	189,8
     31,9589	   0,0662342	189,8	   0,0676998	187,8
     31,9619	    0,065742	189,2	   0,0673122	190,7
     31,9648	   0,0653668	192,4	   0,0666059	191,5
     31,9677	   0,0649335	193,8	   0,0660149	191,0
     31,9707	   0,0643405	193,0	   0,0658326	192,6
     31,9736	   0,0639015	193,3	   0,0653019	192,6
     31,9765	   0,0635643	194,0	   0,0648371	195,1
     31,9795	   0,0629421	194,7	   0,0644512	195,6
     31,9824	   0,0626685	194,8	   0,0640924	195,2
     31,9853	   0,0620139	197,8	   0,0638936	196,2
     31,9883	   0,0616615	197,4	   0,0634151	194,4
     31,9912	   0,0609151	199,4	    0,062596	199,0
     31,9941	   0,0606329	198,5	   0,0625161	197,8
     31,9971	   0,0601277	199,9	   0,0619816	198,1
          32	    0,059673	-159,7	   0,0615808	199,7
     32,0029	    0,059232	-159,2	   0,0612549	199,8
     32,0059	   0,0589498	-158,4	   0,0608683	-159,4
     32,0088	   0,0585087	-157,5	   0,0600263	-158,0
     32,0117	   0,0578777	-157,1	   0,0598488	-157,7
     32,0147	   0,0574214	-156,4	   0,0595853	-157,4
     32,0176	   0,0571863	-155,9	   0,0588739	-156,6
     32,0205	   0,0565475	-154,6	   0,0586614	-156,2
     32,0235	   0,0560507	-154,3	   0,0582426	-155,4
     32,0264	   0,0556679	-153,9	   0,0578183	-154,7
     32,0293	   0,0552752	-153,5	   0,0574435	-154,3
     32,0323	   0,0548911	-153,0	   0,0568656	-153,4
     32,0352	   0,0543109	-152,1	   0,0565933	-152,9
     32,0381	   0,0539626	-151,4	   0,0561169	-152,1
     32,0411	   0,0536937	-151,0	   0,0556371	-151,6
      32,044	   0,0531745	-150,4	   0,0548938	-150,7
     32,0469	   0,0526127	-149,6	   0,0549291	-151,2
     32,0499	   0,0523183	-149,0	   0,0543973	-149,8
     32,0528	   0,0519938	-148,6	    0,053896	-149,4
     32,0557	   0,0514498	-147,8	   0,0535278	-148,6
     32,0587	   0,0510022	-147,6	   0,0531289	-148,7
     32,0616	   0,0506332	-147,0	   0,0526862	-148,0
     32,0645	   0,0502523	-146,0	   0,0523209	-147,3
     32,0674	   0,0498332	-146,1	   0,0518287	-147,3
     32,0704	   0,0494709	-145,5	   0,0515242	-146,3
     32,0733	   0,0490386	-145,0	   0,0510983	-145,7
     32,0762	   0,0486849	-144,6	   0,0507227	-145,1
     32,0792	   0,0482992	-144,6	   0,0502302	-144,1
     32,0821	   0,0479145	-143,7	   0,0498653	-144,3
      32,085	   0,0474551	-143,7	   0,0494278	-144,2
      32,088	   0,0470769	-143,0	   0,0491329	-143,5
     32,0909	   0,0467111	-142,3	   0,0486716	-143,1
     32,0938	   0,0462709	-142,3	   0,0482684	-142,3
     32,0968	    0,045969	-141,5	   0,0478623	-142,4
     32,0997	   0,0455933	-140,7	   0,0474108	-141,7
     32,1026	   0,0452951	-140,5	   0,0470868	-141,3
     32,1056	    0,044864	-140,0	   0,0466823	-140,8
     32,1085	   0,0444919	-139,4	   0,0462419	-140,1
     32,1114	   0,0441472	-139,3	   0,0458366	-139,8
     32,1144	   0,0436903	-138,8	   0,0454994	-139,2
     32,1173	   0,0433542	-138,2	   0,0451158	-138,9
     32,1202	   0,0429828	-137,9	   0,0447476	-138,2
     32,1232	   0,0426582	-137,6	   0,0443025	-138,1
     32,1261	   0,0422437	-137,1	   0,0439148	-137,8
      32,129	   0,0418756	-136,5	   0,0435484	-137,7
      32,132	   0,0414512	-136,1	    0,043101	-136,9
     32,1349	   0,0411161	-136,0	   0,0427289	-136,5
     32,1378	   0,0407527	-135,1	   0,0423823	-135,9
     32,1408	   0,0403899	-135,1	   0,0419816	-135,7
     32,1437	   0,0400996	-134,6	   0,0416471	-135,2
     32,1466	   0,0397229	-134,4	   0,0412332	-134,8
     32,1496	    0,039396	-133,5	   0,0409464	-134,7
     32,1525	   0,0390114	-133,8	    0,040536	-134,2
     32,1554	   0,0386566	-133,7	   0,0402165	-133,8
     32,1584	   0,0383863	-132,6	    0,039778	-133,4
     32,1613	   0,0379492	-132,5	    0,039547	-133,3
     32,1642	   0,0376017	-132,3	    0,039043	-132,7
     32,1672	    0,037306	-131,8	   0,0388675	-132,2
     32,1701	   0,0370285	-131,3	   0,0384363	-131,8
      32,173	   0,0366967	-131,4	   0,0381655	-131,7
      32,176	     0,03631	-130,8	   0,0377693	-131,7
     32,1789	   0,0359504	-130,3	   0,0373752	-131,3
     32,1818	   0,0356036	-130,1	   0,0370359	-130,6
     32,1847	   0,0352155	-129,8	   0,0366246	-130,3
     32,1877	    0,034984	-129,5	    0,036311	-130,0
     32,1906	   0,0345961	-129,5	   0,0360183	-129,4
     32,1936	   0,0343855	-128,9	   0,0357082	-129,2
     32,1965	   0,0341257	-128,6	   0,0354057	-128,8
     32,1994	   0,0338124	-128,6	   0,0350833	-129,4
     32,2023	   0,0333547	-128,0	    0,034706	-128,6
     32,2053	   0,0331205	-127,5	   0,0343305	-128,5
     32,2082	   0,0327301	-127,8	    0,034033	-128,1
     32,2111	   0,0324569	-127,3	   0,0337755	-127,5
     32,2141	   0,0322748	-127,1	   0,0335036	-127,5
      32,217	    0,031957	-126,4	   0,0331813	-127,3
     32,2199	   0,0315585	-126,6	   0,0327655	-126,9
     32,2229	   0,0314047	-126,2	   0,0325289	-126,7
     32,2258	   0,0309492	-125,9	   0,0321872	-126,7
     32,2287	   0,0306813	-126,0	   0,0318032	-126,3
     32,2317	   0,0304366	-125,4	    0,031578	-125,7
     32,2346	   0,0300563	-125,1	    0,031299	-125,4
     32,2375	   0,0298999	-125,1	    0,030945	-125,7
     32,2405	   0,0296099	-125,0	   0,0307254	-125,2
     32,2434	   0,0293086	-124,5	    0,030431	-124,9
     32,2463	   0,0290668	-124,3	   0,0301763	-125,1
     32,2493	   0,0287562	-124,4	    0,029863	-125,1
     32,2522	   0,0284546	-124,2	    0,029576	-124,2
     32,2551	    0,028243	-123,7	   0,0292588	-124,2
     32,2581	   0,0279606	-123,4	   0,0290596	-123,8
      32,261	   0,0277026	-123,2	   0,0286901	-124,0
     32,2639	   0,0275184	-122,7	    0,028311	-123,4
     32,2669	   0,0271761	-122,9	   0,0281589	-123,4
     32,2698	   0,0269548	-123,0	    0,027953	-123,1
     32,2727	   0,0266946	-122,6	   0,0276248	-123,1
     32,2757	   0,0264127	-122,2	   0,0273824	-122,7
     32,2786	   0,0261967	-122,5	    0,027151	-122,9
     32,2815	   0,0258883	-122,0	   0,0268803	-122,7
     32,2845	   0,0257103	-122,1	   0,0265703	-122,4
     32,2874	   0,0254027	-121,5	   0,0263313	-122,5
     32,2903	   0,0253058	-121,9	   0,0260586	-121,9
     32,2933	   0,0250798	-121,5	   0,0258934	-121,8
     32,2962	   0,0247683	-120,9	   0,0256568	-121,8
     32,2991	   0,0244908	-121,0	   0,0254054	-121,3
     32,3021	   0,0243889	-120,9	   0,0251232	-121,6
      32,305	   0,0241646	-120,8	    0,024909	-121,1
     32,3079	    0,023968	-121,3	   0,0246774	-121,2
     32,3109	   0,0237256	-120,7	   0,0244753	-120,8
     32,3138	   0,0234222	-120,2	   0,0242301	-121,0
     32,3167	   0,0232657	-120,6	   0,0239312	-120,9
     32,3196	   0,0231151	-120,1	   0,0237476	-120,7
     32,3226	   0,0228652	-120,3	   0,0235782	-120,2
     32,3255	   0,0225962	-120,4	   0,0233181	-120,4
     32,3284	   0,0224344	-119,1	   0,0231418	-120,4
     32,3314	   0,0222078	-119,7	   0,0229349	-119,8
     32,3343	    0,022071	-119,5	   0,0227307	-120,2
     32,3372	   0,0217868	-119,6	   0,0224302	-119,7
     32,3402	   0,0215434	-119,5	    0,022285	-119,7
     32,3431	   0,0214737	-119,0	   0,0220652	-119,5
      32,346	   0,0212861	-118,9	   0,0218564	-119,1
      32,349	    0,020991	-118,7	   0,0216358	-119,3
     32,3519	    0,020763	-118,5	    0,021497	-118,9
     32,3548	    0,020656	-118,8	    0,021237	-119,2
     32,3578	   0,0205654	-118,8	   0,0210839	-118,8
     32,3607	   0,0203384	-118,4	   0,0208871	-118,8
     32,3636	   0,0200699	-118,2	   0,0207356	-118,9
     32,3666	   0,0199518	-118,8	   0,0205076	-119,1
     32,3695	   0,0198032	-118,4	   0,0202423	-118,4
     32,3724	    0,019648	-118,2	    0,020117	-118,5
     32,3754	   0,0194393	-118,0	   0,0200105	-118,7
     32,3783	   0,0192473	-118,1	   0,0197577	-118,6
     32,3812	   0,0191012	-118,0	   0,0195583	-118,2
     32,3842	   0,0189864	-117,9	   0,0195033	-118,0
     32,3871	   0,0187884	-117,3	   0,0192712	-118,2
       32,39	   0,0185525	-117,8	   0,0191093	-118,2
      32,393	   0,0184067	-118,0	   0,0189528	-118,1
     32,3959	   0,0183944	-117,7	   0,0187797	-118,0
     32,3988	   0,0182046	-117,3	    0,018653	-117,4
     32,4018	   0,0179778	-117,1	   0,0184847	-117,6
     32,4047	   0,0177877	-117,5	   0,0183436	-117,7
     32,4076	   0,0177421	-117,7	   0,0180675	-117,5
     32,4106	   0,0175153	-117,3	   0,0179585	-117,3
     32,4135	   0,0174393	-116,8	   0,0179022	-117,3
     32,4164	   0,0172485	-117,1	   0,0176371	-117,5
     32,4194	   0,0171071	-117,0	   0,0175305	-116,9
     32,4223	   0,0169812	-117,2	   0,0174327	-117,1
     32,4252	   0,0167895	-116,8	    0,017167	-117,6
     32,4282	   0,0166788	-117,1	    0,017034	-117,0
     32,4311	   0,0166045	-116,9	   0,0169921	-116,9
      32,434	   0,0163841	-116,8	   0,0168575	-117,1
      32,437	    0,016251	-116,8	   0,0166598	-117,0
     32,4399	   0,0161371	-116,6	   0,0164871	-116,5
     32,4428	   0,0160198	-116,4	   0,0164691	-117,0
     32,4457	   0,0159437	-116,8	   0,0163068	-117,0
     32,4487	   0,0157801	-116,3	   0,0161053	-116,8
     32,4516	   0,0156154	-116,6	   0,0159693	-116,3
     32,4545	   0,0155049	-116,5	   0,0158666	-116,5
     32,4575	   0,0154262	-116,3	   0,0157046	-116,3
     32,4604	   0,0152743	-116,2	   0,0156316	-116,6
     32,4633	   0,0151201	-116,0	   0,0154921	-116,6
     32,4663	   0,0149882	-116,4	   0,0152796	-116,6
     32,4692	   0,0149707	-116,4	   0,0152403	-116,9
     32,4721	   0,0147928	-115,6	   0,0151359	-116,4
     32,4751	   0,0146359	-116,7	   0,0149377	-116,4
      32,478	   0,0145464	-116,2	   0,0148362	-116,4
     32,4809	   0,0144736	-116,1	   0,0147983	-116,6
     32,4839	    0,014342	-116,0	   0,0146205	-116,4
     32,4868	   0,0141756	-116,1	   0,0145079	-116,3
     32,4897	   0,0141548	-116,2	   0,0144365	-116,0
     32,4927	    0,014052	-115,9	   0,0142419	-116,3
     32,4956	   0,0138962	-115,6	   0,0142553	-116,1
     32,4985	   0,0137466	-115,6	   0,0140722	-116,4
     32,5015	   0,0137264	-115,8	   0,0139079	-116,0
     32,5044	   0,0136305	-115,7	   0,0138892	-115,7
     32,5073	   0,0134869	-115,7	   0,0137841	-115,8
     32,5103	   0,0133642	-115,9	   0,0136249	-116,1
     32,5132	   0,0132536	-116,0	    0,013571	-115,7
     32,5161	   0,0131564	-116,0	   0,0134424	-116,0
     32,5191	   0,0131456	-115,6	   0,0132943	-115,7
      32,522	   0,0130127	-115,0	   0,0132631	-116,0
     32,5249	    0,012863	-115,6	   0,0131367	-115,8
     32,5279	   0,0127448	-115,9	   0,0130358	-116,2
     32,5308	   0,0127631	-115,8	   0,0128719	-116,1
     32,5337	    0,012654	-115,2	   0,0128614	-115,2
     32,5367	   0,0124441	-115,4	   0,0128086	-115,6
     32,5396	   0,0124413	-115,7	   0,0126708	-115,7
     32,5425	   0,0123665	-115,5	   0,0124987	-115,4
     32,5455	    0,012202	-115,0	   0,0124821	-115,4
     32,5484	   0,0121043	-115,7	   0,0124471	-115,6
     32,5513	     0,01209	-115,5	   0,0122158	-115,7
     32,5543	   0,0120228	-115,4	    0,012171	-115,5
     32,5572	   0,0118743	-114,6	    0,012121	-115,7
     32,5601	   0,0118272	-115,6	   0,0119902	-115,5
      32,563	   0,0117699	-115,4	   0,0119392	-115,5
      32,566	   0,0116198	-114,9	   0,0118217	-115,5
     32,5689	    0,011532	-115,2	   0,0117476	-115,0
     32,5718	   0,0115083	-115,1	   0,0117328	-115,6
     32,5748	   0,0114513	-114,6	   0,0115507	-115,7
     32,5777	   0,0112696	-115,4	    0,011474	-115,5
     32,5806	   0,0112645	-115,7	   0,0114397	-115,7
     32,5836	    0,011179	-114,7	   0,0113566	-115,6
     32,5865	   0,0111234	-115,2	   0,0112276	-115,5
     32,5894	   0,0109893	-114,9	   0,0111813	-114,8
     32,5924	   0,0109166	-115,1	   0,0110952	-115,3
     32,5953	   0,0108689	-115,4	   0,0110164	-115,3
     32,5982	   0,0107807	-115,2	   0,0109405	-115,2
     32,6012	   0,0107025	-115,0	    0,010864	-115,7
     32,6041	   0,0106517	-115,5	   0,0108129	-115,1
      32,607	   0,0105744	-114,5	   0,0107204	-115,6
       32,61	   0,0105214	-115,1	    0,010628	-114,9
     32,6129	   0,0103656	-114,8	   0,0105484	-115,0
     32,6158	   0,0103361	-115,1	   0,0105276	-115,3
     32,6188	   0,0102865	-115,2	    0,010416	-115,4
     32,6217	   0,0101927	-114,9	   0,0102946	-115,1
     32,6246	   0,0101424	-115,2	   0,0102885	-114,4
     32,6276	   0,0100956	-114,6	   0,0102451	-115,6
     32,6305	  0,00994454	-114,5	   0,0101153	-115,0
     32,6334	  0,00996794	-115,4	   0,0101456	-115,3
     32,6364	  0,00994014	-114,8	   0,0099623	-115,3
     32,6393	  0,00976949	-114,7	  0,00994277	-114,6
     32,6422	  0,00974932	-115,5	  0,00997494	-115,0
     32,6452	   0,0096905	-114,4	   0,0097434	-115,4
     32,6481	  0,00959213	-115,0	  0,00972761	-114,9
      32,651	  0,00959153	-114,9	  0,00974495	-114,6
      32,654	  0,00948533	-114,8	  0,00962346	-115,0
     32,6569	   0,0094269	-114,9	  0,00948787	-115,0
     32,6598	  0,00935576	-114,3	  0,00942202	-114,6
     32,6628	  0,00927701	-115,0	  0,00945121	-115,1
     32,6657	  0,00920909	-114,8	   0,0093417	-115,4
     32,6686	  0,00918846	-114,3	  0,00928032	-114,4
     32,6716	  0,00909115	-115,1	  0,00934658	-115,3
     32,6745	   0,0091058	-114,3	   0,0091036	-115,4
     32,6774	  0,00894997	-115,2	  0,00910387	-114,9
     32,6804	  0,00896418	-114,9	  0,00905058	-114,8
     32,6833	  0,00889174	-114,8	  0,00900069	-114,8
     32,6862	   0,0088551	-114,7	  0,00899814	-115,2
     32,6891	  0,00873846	-114,9	  0,00885467	-115,3
     32,6921	  0,00875418	-114,3	  0,00883332	-114,8
      32,695	  0,00864374	-115,1	  0,00876229	-115,3
     32,6979	  0,00861188	-114,5	   0,0087543	-115,0
     32,7009	  0,00845583	-115,0	  0,00866602	-114,9
     32,7038	  0,00858808	-114,6	  0,00855757	-114,0
     32,7067	  0,00838467	-114,6	  0,00861317	-115,3
     32,7097	  0,00844223	-115,1	  0,00841255	-114,8
     32,7126	  0,00830836	-114,8	  0,00854277	-114,6
     32,7155	  0,00824601	-115,5	  0,00834663	-115,3
     32,7185	  0,00829645	-114,3	  0,00833558	-114,8
     32,7214	  0,00817621	-115,1	  0,00829965	-115,1
     32,7243	  0,00813441	-114,1	  0,00821381	-115,0
     32,7273	   0,0080342	-114,7	  0,00817128	-114,9
     32,7302	  0,00806966	-114,7	  0,00810798	-114,6
     32,7331	  0,00801677	-114,5	  0,00811937	-115,0
     32,7361	  0,00789514	-115,2	  0,00799792	-114,9
      32,739	  0,00792681	-114,3	  0,00800936	-114,6
     32,7419	   0,0077622	-114,7	  0,00790072	-114,5
     32,7449	  0,00780051	-115,1	  0,00791109	-114,7
     32,7478	  0,00776973	-114,2	  0,00779758	-114,8
     32,7507	  0,00762361	-115,0	  0,00772848	-115,0
     32,7537	  0,00769031	-114,4	  0,00775492	-115,2
     32,7566	  0,00755754	-114,5	  0,00767687	-115,0
     32,7595	  0,00752677	-115,5	  0,00765369	-114,7
     32,7625	  0,00755514	-114,0	  0,00754836	-114,9
     32,7654	  0,00742203	-115,0	  0,00757719	-114,6
     32,7683	  0,00749656	-114,0	  0,00745782	-115,0
     32,7713	  0,00731408	-114,5	   0,0074651	-114,8
     32,7742	   0,0073604	-114,6	  0,00739633	-115,4
     32,7771	  0,00725579	-114,3	  0,00739584	-114,6
     32,7801	  0,00719702	-115,4	  0,00736517	-114,5
      32,783	  0,00720151	-114,4	  0,00726748	-114,4
     32,7859	  0,00715008	-115,3	  0,00726029	-115,2
     32,7889	  0,00707471	-114,3	  0,00718331	-114,7
     32,7918	  0,00704555	-115,4	    0,007178	-115,1
     32,7947	  0,00707757	-114,1	  0,00708782	-114,9
     32,7977	  0,00692355	-114,8	  0,00705319	-114,9
     32,8006	  0,00702287	-114,9	  0,00701621	-115,4
     32,8035	  0,00684034	-114,3	  0,00695478	-114,7
     32,8064	    0,006846	-115,4	  0,00697545	-114,8
     32,8094	  0,00687035	-114,0	  0,00682306	-114,8
     32,8123	  0,00671733	-115,5	  0,00691712	-114,5
     32,8153	  0,00680015	-114,4	   0,0067812	-115,3
     32,8182	   0,0066184	-114,6	   0,0067715	-114,6
     32,8211	  0,00669271	-115,2	  0,00672839	-115,1
      32,824	  0,00655672	-114,8	  0,00667492	-115,3
      32,827	  0,00659586	-115,4	  0,00667351	-115,0
     32,8299	  0,00660303	-114,1	   0,0066046	-115,1
     32,8328	  0,00645148	-114,6	  0,00658414	-115,1
     32,8358	  0,00644534	-114,5	  0,00653515	-114,4
     32,8387	  0,00640872	-115,1	  0,00650244	-115,5
     32,8416	  0,00642514	-114,6	  0,00647901	-114,3
     32,8446	  0,00632105	-115,5	    0,006389	-115,0
     32,8475	  0,00633048	-114,8	  0,00636796	-115,0
     32,8504	  0,00627361	-115,2	  0,00637174	-114,6
     32,8534	  0,00622573	-114,8	  0,00628797	-115,9
     32,8563	  0,00619381	-114,6	   0,0062627	-114,7
     32,8592	  0,00616905	-114,7	  0,00623731	-115,6
     32,8622	  0,00614964	-114,4	  0,00621493	-114,8
     32,8651	  0,00614249	-114,8	  0,00613574	-115,2
      32,868	   0,0060032	-114,9	  0,00612114	-115,1
      32,871	  0,00601106	-115,5	  0,00611929	-115,0
     32,8739	    0,006018	-114,2	  0,00600942	-114,8
     32,8768	  0,00594254	-115,4	  0,00604856	-115,7
     32,8798	  0,00589404	-115,0	  0,00595992	-114,7
     32,8827	   0,0059105	-114,9	  0,00595988	-115,2
     32,8856	  0,00582247	-114,9	   0,0059032	-115,1
     32,8886	  0,00582544	-115,0	  0,00587483	-114,8
     32,8915	  0,00585163	-114,4	  0,00579758	-115,8
     32,8944	  0,00566039	-115,0	  0,00582856	-115,1
     32,8974	    0,005779	-114,7	  0,00577644	-115,3
     32,9003	  0,00562593	-116,1	  0,00580917	-114,3
     32,9032	  0,00568999	-113,6	  0,00562371	-115,5
     32,9062	  0,00555932	-117,0	  0,00574905	-115,0
     32,9091	  0,00563087	-113,7	   0,0056167	-115,3
      32,912	  0,00556901	-115,4	   0,0056475	-115,1
      32,915	  0,00557193	-115,4	  0,00556898	-114,6
     32,9179	  0,00548583	-114,8	   0,0055587	-115,4
     32,9208	   0,0055085	-114,9	  0,00550959	-114,8
     32,9238	  0,00542839	-114,4	  0,00548251	-115,3
     32,9267	  0,00541893	-115,5	  0,00546015	-115,4
     32,9296	  0,00535459	-114,8	  0,00538993	-115,1
     32,9326	  0,00536329	-115,3	  0,00539116	-115,6
     32,9355	  0,00526284	-115,6	  0,00538327	-115,0
     32,9384	  0,00529601	-115,5	  0,00534892	-115,3
     32,9413	  0,00518357	-115,7	  0,00527661	-114,9
     32,9443	  0,00529326	-114,1	  0,00527489	-115,4
     32,9472	  0,00514901	-115,7	  0,00523108	-115,0
     32,9501	  0,00522518	-114,3	  0,00519999	-115,2
     32,9531	  0,00511331	-116,0	  0,00520245	-115,5
      32,956	  0,00509985	-115,0	  0,00517007	-115,1
     32,9589	  0,00505348	-115,6	  0,00513036	-115,6
     32,9619	  0,00505573	-114,7	   0,0051323	-115,2
     32,9648	  0,00500639	-116,0	  0,00500206	-116,2
     32,9677	  0,00499326	-114,6	  0,00510953	-115,2
     32,9707	   0,0050306	-115,8	  0,00488915	-115,8
     32,9736	  0,00488575	-114,5	  0,00501377	-116,0
     32,9765	  0,00495986	-115,7	  0,00495173	-114,7
     32,9795	  0,00484912	-115,1	  0,00488278	-115,2
     32,9824	  0,00486875	-115,6	  0,00495398	-116,0
     32,9853	  0,00482263	-115,4	  0,00481899	-115,9
     32,9883	  0,00477052	-115,9	  0,00488445	-116,3
     32,9912	  0,00478374	-115,4	  0,00476747	-115,3
     32,9941	  0,00476323	-116,2	  0,00481069	-116,8
     32,9971	   0,0047252	-115,6	  0,00480918	-114,3
          33	  0,00466915	-115,7	   0,0046985	-116,7
     33,0029	   0,0046882	-115,2	  0,00479404	-115,2
     33,0059	  0,00465452	-116,4	  0,00461957	-115,5
     33,0088	  0,00458258	-115,5	  0,00467246	-115,8
     33,0117	  0,00461227	-116,1	  0,00465034	-115,1
     33,0147	  0,00453788	-115,6	  0,00454628	-115,6
     33,0176	  0,00460242	-115,3	   0,0046511	-115,4
     33,0205	  0,00445026	-116,0	  0,00438459	-114,8
     33,0235	  0,00456976	-115,0	  0,00458794	-116,7
     33,0264	  0,00436058	-116,5	  0,00446402	-114,7
     33,0293	  0,00447443	-114,5	  0,00449183	-117,0
     33,0323	   0,0044107	-116,0	  0,00447635	-114,7
     33,0352	  0,00438671	-116,2	  0,00436088	-115,7
     33,0381	  0,00436868	-115,2	  0,00444613	-115,8
     33,0411	   0,0043668	-115,8	  0,00435229	-116,2
      33,044	  0,00429731	-116,0	  0,00437882	-116,1
     33,0469	  0,00432081	-115,8	  0,00436416	-115,8
     33,0499	  0,00431213	-116,0	  0,00434249	-115,8
     33,0528	   0,0041953	-115,9	  0,00427135	-116,2
     33,0557	   0,0042672	-116,2	  0,00432717	-116,0
     33,0587	  0,00419743	-115,9	  0,00420198	-115,3
     33,0616	  0,00419428	-116,1	  0,00423132	-116,2
     33,0645	  0,00410343	-116,0	  0,00418276	-115,2
     33,0674	  0,00415646	-115,1	  0,00410668	-116,2
     33,0704	  0,00414414	-116,8	  0,00424883	-115,6
     33,0733	  0,00403785	-116,9	  0,00407647	-116,6
     33,0762	  0,00408142	-115,7	  0,00411399	-116,2
     33,0792	  0,00405632	-116,1	  0,00404199	-116,3
     33,0821	  0,00401599	-115,4	  0,00410703	-116,4
      33,085	   0,0040096	-117,0	  0,00400555	-115,3
      33,088	  0,00393343	-116,6	  0,00399169	-116,8
     33,0909	  0,00394117	-115,6	  0,00401981	-116,1
     33,0938	  0,00389454	-116,1	  0,00392199	-115,8
     33,0968	    0,003974	-116,1	  0,00393057	-116,0
     33,0997	  0,00385261	-116,9	  0,00394596	-116,6
     33,1026	  0,00383434	-115,7	  0,00386884	-116,2
     33,1056	  0,00382359	-116,4	  0,00390942	-115,5
     33,1085	  0,00386616	-116,9	  0,00387457	-116,1
     33,1114	  0,00376422	-117,1	  0,00381323	-117,4
     33,1144	  0,00377813	-115,7	  0,00379408	-116,8
     33,1173	  0,00369777	-117,5	  0,00382676	-116,4
     33,1202	  0,00374652	-115,8	   0,0037278	-116,0
     33,1232	  0,00377577	-116,2	  0,00371336	-118,7
     33,1261	  0,00365619	-117,4	  0,00378786	-115,9
      33,129	  0,00372026	-115,4	  0,00368332	-116,0
      33,132	  0,00369718	-117,1	  0,00374538	-117,0
     33,1349	  0,00362834	-115,9	  0,00360315	-117,0
     33,1378	  0,00364367	-117,3	  0,00366643	-116,9
     33,1408	  0,00355207	-116,8	  0,00361355	-116,7
     33,1437	  0,00359089	-116,3	  0,00358933	-117,0
     33,1466	  0,00359228	-116,3	  0,00353681	-118,1
     33,1496	  0,00352033	-117,3	   0,0036254	-116,3
     33,1525	  0,00353738	-116,5	  0,00354664	-116,8
     33,1554	  0,00345765	-117,0	  0,00354256	-117,2
     33,1584	  0,00346943	-116,4	  0,00347524	-117,5
     33,1613	  0,00349111	-117,0	   0,0034526	-116,6
     33,1642	  0,00342051	-118,0	  0,00339963	-118,2
     33,1672	  0,00339595	-116,7	  0,00349733	-116,5
     33,1701	  0,00339934	-116,1	  0,00340944	-115,3
      33,173	  0,00339044	-116,1	  0,00343861	-118,2
      33,176	  0,00339747	-117,7	  0,00338522	-116,7
     33,1789	  0,00327703	-118,3	   0,0033517	-118,1
     33,1818	   0,0032939	-117,5	  0,00340023	-116,7
     33,1847	  0,00335735	-117,1	  0,00326896	-117,1
     33,1877	  0,00326581	-117,9	  0,00326678	-118,2
     33,1906	  0,00327043	-116,3	  0,00338311	-117,2
     33,1936	  0,00326384	-118,1	  0,00321926	-117,2
     33,1965	   0,0032234	-117,1	  0,00326069	-119,3
     33,1994	  0,00322884	-116,6	   0,0032794	-117,0
     33,2023	  0,00318779	-118,2	   0,0032065	-118,0
     33,2053	  0,00314184	-117,3	  0,00318911	-118,2
     33,2082	  0,00317307	-117,1	  0,00321322	-117,7
     33,2111	  0,00313518	-117,9	  0,00315959	-116,7
     33,2141	  0,00313836	-117,1	  0,00315367	-117,7
      33,217	  0,00309384	-118,0	  0,00312169	-117,1
     33,2199	  0,00307401	-116,1	  0,00308355	-118,2
     33,2229	  0,00314036	-118,3	  0,00311652	-118,5
     33,2258	  0,00305959	-118,6	  0,00309347	-117,5
     33,2287	   0,0030225	-116,7	  0,00301986	-119,1
     33,2317	  0,00314005	-117,2	  0,00303595	-119,3
     33,2346	  0,00296919	-120,0	  0,00307698	-117,5
     33,2375	  0,00291815	-118,3	  0,00304293	-117,7
     33,2405	  0,00296203	-117,1	  0,00298191	-118,5
     33,2434	   0,0029597	-117,9	  0,00296287	-119,6
     33,2463	  0,00291414	-116,9	  0,00297049	-118,2
     33,2493	  0,00293284	-117,8	    0,002902	-118,5
     33,2522	  0,00289383	-118,0	  0,00293378	-119,2
     33,2551	  0,00292377	-116,7	  0,00290679	-117,6
     33,2581	  0,00287703	-118,4	   0,0028717	-119,3
      33,261	  0,00286402	-117,4	  0,00284001	-119,2
     33,2639	   0,0028786	-119,1	  0,00290657	-118,8
     33,2669	  0,00273208	-118,8	  0,00285074	-118,0
     33,2698	  0,00283389	-116,3	  0,00284867	-119,0
     33,2727	  0,00286454	-116,9	  0,00291942	-117,8
     33,2757	  0,00276403	-120,4	   0,0027728	-117,5
     33,2786	  0,00273209	-117,1	  0,00272033	-120,3
     33,2815	  0,00280779	-119,4	  0,00284553	-118,7
     33,2845	  0,00270325	-119,4	  0,00277938	-117,1
     33,2874	  0,00266477	-118,4	  0,00265827	-117,6
     33,2903	  0,00268718	-117,5	    0,002722	-120,1
     33,2933	  0,00273151	-118,3	  0,00275172	-118,8
     33,2962	  0,00267552	-118,1	  0,00266451	-118,5
     33,2991	  0,00268839	-118,8	  0,00267167	-120,6
     33,3021	  0,00259121	-118,7	  0,00275286	-116,9
      33,305	  0,00266363	-117,6	  0,00263971	-118,0
     33,3079	  0,00267871	-120,4	   0,0025914	-120,0
     33,3109	  0,00250782	-121,0	  0,00264119	-119,5
     33,3138	   0,0025184	-118,6	  0,00258787	-119,2
     33,3167	  0,00258767	-118,9	  0,00255685	-120,0
     33,3196	  0,00258232	-120,2	  0,00260239	-118,1
     33,3226	   0,0025192	-120,9	   0,0025565	-119,4
     33,3255	  0,00250039	-118,6	  0,00254468	-119,2
     33,3284	  0,00256971	-120,1	  0,00256531	-118,8
     33,3314	  0,00254184	-121,2	   0,0025302	-118,3
     33,3343	  0,00238975	-121,4	   0,0024783	-119,7
     33,3372	  0,00240693	-119,2	  0,00242452	-121,3
     33,3402	  0,00253493	-118,5	  0,00251983	-119,7
     33,3431	  0,00243356	-122,1	  0,00248251	-118,8
      33,346	  0,00236609	-121,5	  0,00244718	-118,6
      33,349	  0,00236229	-118,8	  0,00238066	-121,3
     33,3519	   0,0024655	-118,8	  0,00248873	-120,1
     33,3548	  0,00246589	-118,9	  0,00246229	-118,4
     33,3578	  0,00237635	-122,2	  0,00231031	-120,0
     33,3607	  0,00231946	-121,6	  0,00234148	-121,6
     33,3636	  0,00231171	-119,8	  0,00239434	-121,8
     33,3666	  0,00237638	-120,0	  0,00244725	-119,0
     33,3695	  0,00234965	-122,2	  0,00231873	-119,7
     33,3724	  0,00221828	-122,4	  0,00228869	-121,3
     33,3754	  0,00224819	-119,2	  0,00233105	-121,7
     33,3783	  0,00233082	-119,2	  0,00230351	-121,3
     33,3812	  0,00235979	-119,2	  0,00232082	-121,4
     33,3842	  0,00228414	-122,5	  0,00231255	-119,1
     33,3871	   0,0022218	-122,1	   0,0022374	-121,0
       33,39	  0,00211943	-120,9	  0,00224787	-121,0
      33,393	  0,00223974	-119,3	  0,00223561	-120,8
     33,3959	  0,00226513	-120,9	   0,0022092	-121,3
     33,3988	  0,00216785	-121,8	  0,00224694	-121,6
     33,4018	  0,00216815	-120,8	   0,0022525	-120,2
     33,4047	  0,00215691	-121,3	  0,00220393	-119,1
     33,4076	   0,0021105	-122,3	  0,00207925	-120,6
     33,4106	  0,00211383	-121,4	  0,00211757	-123,4
     33,4135	   0,0021466	-119,4	  0,00211541	-122,6
     33,4164	  0,00214817	-120,8	  0,00217892	-122,4
     33,4194	  0,00212586	-120,2	  0,00217707	-122,0
     33,4223	  0,00205379	-121,8	  0,00212827	-119,7
     33,4252	  0,00208745	-121,5	  0,00207955	-121,8
     33,4282	  0,00214123	-120,7	  0,00205482	-121,7
     33,4311	  0,00207968	-121,6	  0,00206965	-122,8
      33,434	  0,00205665	-122,4	  0,00207619	-122,6
      33,437	  0,00207694	-121,1	   0,0021467	-122,6
     33,4399	  0,00206003	-123,1	  0,00207138	-120,5
     33,4428	  0,00196728	-123,1	  0,00200671	-122,7
     33,4457	  0,00195393	-121,8	   0,0019284	-124,2
     33,4487	  0,00199044	-120,8	  0,00202576	-124,6
     33,4516	  0,00209585	-122,2	    0,002084	-121,6
     33,4545	  0,00197219	-125,5	  0,00211394	-117,9
     33,4575	  0,00191379	-124,4	  0,00190951	-123,4
     33,4604	  0,00189167	-123,6	  0,00193661	-124,3
     33,4633	  0,00194666	-119,8	  0,00188423	-123,8
     33,4663	  0,00194614	-121,2	   0,0019774	-124,8
     33,4692	  0,00193373	-122,2	  0,00200745	-122,1
     33,4721	  0,00188932	-124,0	   0,0020338	-121,0
     33,4751	  0,00184697	-125,0	  0,00191476	-122,6
      33,478	  0,00177957	-124,4	  0,00187439	-120,4
     33,4809	  0,00183722	-121,7	  0,00182232	-127,9
     33,4839	  0,00185898	-123,0	  0,00191996	-126,2
     33,4868	  0,00187031	-123,6	  0,00198511	-124,7
     33,4897	  0,00189043	-125,6	  0,00203266	-118,0
     33,4927	  0,00181107	-125,8	  0,00185673	-122,6
     33,4956	  0,00174333	-124,5	   0,0018333	-120,4
     33,4985	  0,00175974	-124,5	  0,00176755	-126,9
     33,5015	  0,00180578	-123,6	  0,00176702	-127,1
     33,5044	  0,00183031	-121,9	  0,00191061	-123,6
     33,5073	  0,00182929	-121,7	   0,0018968	-122,2
     33,5103	  0,00179864	-124,6	  0,00181975	-122,7
     33,5132	  0,00170955	-124,9	  0,00176994	-124,2
     33,5161	  0,00171327	-123,8	  0,00179498	-125,2
     33,5191	  0,00173717	-125,6	  0,00177594	-127,3
      33,522	  0,00170724	-124,5	  0,00183809	-124,5
     33,5249	  0,00173913	-123,1	  0,00174724	-124,8
     33,5279	  0,00172447	-126,2	  0,00175644	-122,7
     33,5308	  0,00173661	-127,0	  0,00169202	-125,7
     33,5337	  0,00167628	-126,6	  0,00170848	-127,4
     33,5367	  0,00159944	-126,2	   0,0017683	-127,2
     33,5396	  0,00157856	-124,0	  0,00175376	-126,3
     33,5425	  0,00171618	-123,3	  0,00180989	-125,4
     33,5455	  0,00174353	-123,2	  0,00179976	-121,2
     33,5484	  0,00168474	-126,4	  0,00171528	-121,3
     33,5513	  0,00159351	-128,1	  0,00172053	-124,0
     33,5543	   0,0015818	-129,2	  0,00162753	-124,6
     33,5572	   0,0015374	-126,8	  0,00167549	-126,3
     33,5601	  0,00161804	-123,7	  0,00168176	-128,0
      33,563	  0,00164226	-121,0	   0,0016595	-128,6
      33,566	  0,00168738	-123,1	  0,00170807	-127,5
     33,5689	  0,00160932	-123,9	  0,00166123	-127,1
     33,5718	  0,00163326	-125,2	  0,00158048	-125,4
     33,5748	  0,00157456	-130,4	  0,00158204	-125,7
     33,5777	  0,00159414	-126,3	  0,00168184	-123,9
     33,5806	  0,00161031	-128,3	  0,00163138	-126,4
     33,5836	   0,0015267	-126,4	   0,0015522	-126,6
     33,5865	  0,00152555	-125,7	  0,00157321	-126,5
     33,5894	   0,0015326	-127,5	  0,00158304	-127,4
     33,5924	  0,00156663	-126,1	  0,00158325	-127,4
     33,5953	  0,00156599	-124,9	  0,00161366	-127,1
     33,5982	  0,00157159	-127,1	  0,00153961	-128,4
     33,6012	  0,00160626	-124,9	  0,00158751	-125,7
     33,6041	  0,00156732	-126,2	   0,0016621	-122,1
      33,607	  0,00149319	-128,7	   0,0015499	-124,3
       33,61	  0,00150781	-125,7	  0,00147394	-127,0
     33,6129	  0,00146815	-130,2	  0,00150281	-129,4
     33,6158	  0,00146215	-130,3	  0,00144335	-134,0
     33,6188	  0,00141902	-130,6	  0,00158971	-131,2
     33,6217	  0,00137447	-129,6	  0,00156718	-126,6
     33,6246	  0,00145282	-122,4	  0,00158478	-127,7
     33,6276	  0,00152657	-121,3	  0,00161097	-122,6
     33,6305	   0,0014683	-126,5	  0,00147791	-126,0
     33,6334	  0,00140504	-128,2	  0,00137836	-126,6
     33,6364	  0,00137601	-129,5	  0,00136334	-131,8
     33,6393	   0,0013916	-128,2	  0,00141581	-124,8
     33,6422	  0,00137345	-126,9	  0,00139229	-129,0
     33,6452	  0,00148936	-122,6	  0,00149071	-127,3
     33,6481	  0,00152697	-123,9	  0,00144528	-130,4
      33,651	  0,00140568	-129,2	  0,00141776	-127,1
      33,654	  0,00143326	-129,8	  0,00141787	-129,6
     33,6569	  0,00137315	-128,2	  0,00138942	-131,8
     33,6598	  0,00141526	-126,7	  0,00132933	-128,7
     33,6628	  0,00138519	-125,4	  0,00137939	-125,0
     33,6657	   0,0014192	-130,9	  0,00143249	-132,7
     33,6686	  0,00146912	-119,3	  0,00141191	-129,8
     33,6716	  0,00139198	-126,8	  0,00143287	-129,9
     33,6745	  0,00141026	-126,1	  0,00144914	-125,8
     33,6774	   0,0013654	-127,0	  0,00142589	-122,0
     33,6804	  0,00133383	-125,4	   0,0014534	-118,6
     33,6833	   0,0012892	-129,4	  0,00131475	-126,1
     33,6862	  0,00129721	-129,5	  0,00148656	-115,9
     33,6891	  0,00130058	-131,0	   0,0013243	-123,2
     33,6921	  0,00130933	-128,4	   0,0012835	-129,5
      33,695	   0,0012404	-136,6	   0,0012657	-126,7
     33,6979	  0,00136658	-126,9	  0,00122876	-128,3
     33,7009	  0,00134715	-118,5	   0,0013187	-133,3
     33,7038	  0,00126907	-122,3	  0,00119506	-133,7
     33,7067	  0,00124695	-132,9	  0,00128929	-126,5
     33,7097	  0,00127367	-128,1	  0,00135384	-120,3
     33,7126	  0,00133787	-133,7	  0,00122511	-132,5
     33,7155	  0,00131678	-132,9	  0,00124287	-131,2
     33,7185	   0,0012347	-135,4	  0,00126557	-128,2
     33,7214	  0,00123957	-135,2	  0,00130643	-121,6
     33,7243	  0,00122822	-130,0	  0,00145065	-120,6
     33,7273	   0,0012056	-129,3	   0,0012682	-130,4
     33,7302	  0,00123934	-130,1	  0,00152888	-112,4
     33,7331	  0,00123349	-127,9	  0,00142345	-122,8
     33,7361	  0,00121671	-134,1	  0,00151856	-131,1
      33,739	  0,00119585	-131,1	  0,00132847	-123,0
     33,7419	  0,00137595	-117,5	  0,00136656	-121,3
     33,7449	  0,00128485	-128,0	  0,00125236	-128,8
     33,7478	  0,00115889	-130,7	  0,00135906	-117,4
     33,7507	   0,0012099	-124,3	  0,00123833	-130,9
     33,7537	  0,00112534	-128,5	   0,0011838	-128,5
     33,7566	  0,00108485	-132,3	  0,00124296	-134,3
     33,7595	  0,00114709	-126,2	  0,00119079	-125,7
     33,7625	  0,00112347	-136,5	   0,0012144	-125,2
     33,7654	  0,00120054	-123,0	   0,0011446	-130,7
     33,7683	  0,00112756	-134,9	  0,00128747	-128,5
     33,7713	  0,00122296	-113,6	  0,00121465	-129,8
     33,7742	  0,00110781	-127,1	  0,00116674	-130,3
     33,7771	  0,00110603	-131,3	  0,00115402	-134,4
     33,7801	  0,00110833	-139,8	  0,00111567	-137,2
      33,783	  0,00115521	-126,5	  0,00121787	-122,1
     33,7859	  0,00124294	-119,3	  0,00108374	-129,1
     33,7889	  0,00120785	-121,0	  0,00121323	-135,0
     33,7918	  0,00117206	-122,1	  0,00111722	-135,4
     33,7947	  0,00113995	-125,4	  0,00102487	-132,1
     33,7977	  0,00113176	-131,0	  0,00108784	-127,3
     33,8006	  0,00120853	-115,1	  0,00111218	-116,0
     33,8035	  0,00118241	-127,9	  0,00103698	-129,5
     33,8064	  0,00115364	-131,9	  0,00104917	-134,8
     33,8094	  0,00114821	-122,2	  0,00105934	-137,0
     33,8123	  0,00114811	-121,8	   0,0011052	-122,2
     33,8153	  0,00110209	-127,7	  0,00102752	-132,6
     33,8182	  0,00114328	-111,7	 0,000990233	-137,7
     33,8211	 0,000961949	-132,8	  0,00103476	-137,9
      33,824	 0,000991361	-129,9	   0,0011071	-121,9
      33,827	  0,00109194	-120,3	 0,000988893	-138,2
     33,8299	  0,00102661	-140,1	   0,0010411	-134,3
     33,8328	  0,00105832	-114,8	  0,00100805	-141,0
     33,8358	  0,00094818	-130,8	  0,00116506	-119,2
     33,8387	  0,00107056	-116,3	 0,000948871	-138,9
     33,8416	 0,000991283	-125,2	 0,000975597	-135,2
     33,8446	  0,00092873	-141,8	   0,0010456	-126,6
     33,8475	 0,000934886	-141,6	  0,00105184	-127,8
     33,8504	  0,00101251	-130,1	  0,00094321	-140,1
     33,8534	 0,000940432	-126,8	  0,00107491	-128,4
     33,8563	 0,000978233	-128,5	  0,00107846	-124,8
     33,8592	 0,000933229	-135,1	 0,000898713	-138,6
     33,8622	 0,000927951	-139,1	 0,000897681	-137,4
     33,8651	 0,000926869	-142,8	   0,0010181	-112,6
      33,868	 0,000879014	-130,9	 0,000893864	-139,2
      33,871	 0,000865943	-139,4	 0,000983619	-126,8
     33,8739	 0,000879124	-138,4	 0,000972621	-139,5
     33,8768	 0,000893644	-145,3	 0,000956615	-127,3
     33,8798	 0,000884309	-140,3	 0,000902069	-138,9
     33,8827	 0,000865153	-142,0	 0,000854385	-143,7
     33,8856	 0,000833473	-128,7	 0,000862477	-130,2
     33,8886	 0,000837961	-144,7	 0,000880995	-138,3
     33,8915	 0,000871705	-142,1	 0,000989173	-126,5
     33,8944	 0,000843682	-142,2	 0,000880351	-135,5
     33,8974	 0,000826329	-141,5	 0,000907991	-132,8
     33,9003	 0,000955117	-117,0	 0,000941028	-135,7
     33,9032	 0,000861578	-121,9	 0,000850432	-138,3
     33,9062	 0,000848288	-141,6	 0,000834114	-131,5
     33,9091	  0,00090385	-120,5	 0,000824642	-140,3
      33,912	 0,000801091	-138,0	 0,000900118	-123,3
      33,915	 0,000822343	-138,5	 0,000813182	-141,3
     33,9179	 0,000768998	-140,1	 0,000821499	-136,6
     33,9208	  0,00080454	-119,1	 0,000794502	-147,6
     33,9238	 0,000706848	-152,4	  0,00076952	-139,6
     33,9267	  0,00086805	-112,7	 0,000718761	-148,4
     33,9296	 0,000837544	-135,8	 0,000733002	-144,1
     33,9326	 0,000843355	-145,0	 0,000797903	-143,0
     33,9355	  0,00082518	-141,8	 0,000821053	-113,7
     33,9384	 0,000761445	-141,2	 0,000759026	-129,3
     33,9413	 0,000724184	-146,1	 0,000775807	-142,6
     33,9443	 0,000696036	-143,4	 0,000818102	-138,6
     33,9472	 0,000826399	-122,8	 0,000757589	-140,4
     33,9501	 0,000774332	-130,4	 0,000856075	-116,7
     33,9531	 0,000753436	-145,2	 0,000778685	-145,8
      33,956	 0,000694462	-141,5	 0,000781492	-142,5
     33,9589	  0,00081056	-112,6	 0,000765299	-136,9
     33,9619	 0,000714627	-150,5	 0,000700721	-152,4
     33,9648	 0,000694068	-137,2	 0,000803877	-152,3
     33,9677	 0,000792314	-140,4	 0,000681409	-123,6
     33,9707	 0,000706595	-142,3	 0,000664794	-142,3
     33,9736	 0,000680253	-142,5	 0,000793289	-138,7
     33,9765	 0,000730685	-132,5	 0,000804833	-135,2
     33,9795	 0,000588954	-147,6	 0,000843919	-150,7
     33,9824	 0,000649815	-140,0	 0,000627264	-144,5
     33,9853	 0,000666563	-113,8	 0,000655689	-142,8
     33,9883	 0,000672635	-124,8	  0,00081605	-110,7
     33,9912	 0,000657755	-142,8	  0,00066734	-148,6
     33,9941	 0,000675713	-142,4	 0,000619657	-143,6
     33,9971	 0,000692176	-127,5	 0,000658434	-143,1
          34	 0,000641013	-152,5	 0,000683179	-144,7

