X-Data [Hz]	Laser (M - Filtered) [m/s]	Phase [Deg]	Laser (M - Filtered) [m/s]	Phase [Deg]	
	002: [06-19-24 18:04]		003: [06-19-24 18:13]	
        30,5	  0,00901362	75,0	   0,0108358	73,0
     30,5024	   0,0104347	74,5	   0,0108173	74,3
     30,5049	   0,0101677	75,8	   0,0107929	74,0
     30,5073	    0,010723	74,5	   0,0107251	73,9
     30,5098	   0,0107515	74,6	   0,0107655	74,5
     30,5122	   0,0108181	73,5	   0,0108086	74,9
     30,5147	   0,0108075	74,9	   0,0107812	74,0
     30,5171	   0,0108166	74,1	    0,010764	74,9
     30,5196	   0,0108341	74,2	   0,0108992	74,8
      30,522	   0,0107959	74,0	   0,0108944	74,2
     30,5244	   0,0109393	74,8	   0,0109649	73,3
     30,5269	   0,0107627	74,6	   0,0110266	74,4
     30,5293	   0,0110953	73,3	   0,0109315	74,6
     30,5318	   0,0109884	75,1	   0,0109965	73,8
     30,5342	   0,0110657	74,0	    0,011007	73,8
     30,5367	   0,0109434	74,6	   0,0109479	74,9
     30,5391	   0,0110371	74,4	   0,0111154	73,8
     30,5415	   0,0108991	74,2	   0,0110158	73,9
      30,544	   0,0108873	75,0	   0,0110706	75,0
     30,5464	   0,0109453	74,0	   0,0110758	73,6
     30,5489	   0,0109698	74,3	   0,0110688	73,6
     30,5513	    0,010982	74,1	   0,0111187	75,7
     30,5538	   0,0109733	75,4	   0,0111559	72,7
     30,5562	   0,0110758	74,5	    0,011133	74,3
     30,5587	   0,0111902	73,7	   0,0110879	74,5
     30,5611	   0,0110869	74,1	   0,0112334	73,7
     30,5635	   0,0112592	74,2	   0,0112083	73,7
      30,566	   0,0111573	74,1	   0,0111619	74,0
     30,5684	   0,0112186	74,2	   0,0112129	74,3
     30,5709	   0,0111333	74,8	   0,0112256	74,0
     30,5733	   0,0112021	74,9	   0,0112637	74,2
     30,5758	    0,011234	74,2	   0,0112608	73,7
     30,5782	   0,0110274	74,5	   0,0111745	74,1
     30,5806	   0,0112492	75,1	   0,0112723	73,8
     30,5831	   0,0111479	74,0	   0,0112002	74,4
     30,5855	   0,0111862	73,8	   0,0112607	74,3
      30,588	   0,0111594	74,7	   0,0112711	74,0
     30,5904	   0,0113755	74,6	   0,0113911	74,5
     30,5929	   0,0112519	74,0	    0,011295	73,8
     30,5953	   0,0112047	73,7	   0,0113202	74,8
     30,5978	     0,01136	74,2	   0,0113534	74,0
     30,6002	    0,011429	75,2	   0,0113923	74,3
     30,6026	   0,0111175	74,7	   0,0114765	74,1
     30,6051	   0,0113356	73,8	   0,0114613	74,8
     30,6075	   0,0115152	74,0	   0,0114118	73,7
       30,61	   0,0111988	74,5	   0,0115326	74,4
     30,6124	    0,011421	74,9	   0,0114714	73,8
     30,6149	   0,0112669	73,9	   0,0115076	73,6
     30,6173	   0,0114929	74,9	   0,0115584	73,9
     30,6197	    0,011394	74,2	   0,0115138	74,7
     30,6222	   0,0114371	74,7	   0,0115894	73,9
     30,6246	   0,0114813	75,1	   0,0115303	74,2
     30,6271	   0,0114832	73,8	   0,0115727	73,5
     30,6295	   0,0115076	73,9	   0,0116678	74,3
      30,632	   0,0115837	75,0	   0,0116994	74,3
     30,6344	   0,0115631	75,4	   0,0116466	74,3
     30,6369	   0,0116942	74,7	   0,0115551	73,3
     30,6393	   0,0115819	73,9	   0,0115936	73,6
     30,6417	   0,0116447	74,4	   0,0117201	74,1
     30,6442	   0,0116184	73,8	   0,0116865	74,6
     30,6466	   0,0116854	75,0	   0,0116866	74,5
     30,6491	    0,011766	73,9	   0,0117656	73,8
     30,6515	   0,0117179	75,0	   0,0116709	74,2
      30,654	   0,0119006	73,0	   0,0117378	74,6
     30,6564	   0,0117285	74,4	   0,0118157	72,7
     30,6588	   0,0118055	73,7	   0,0118638	74,5
     30,6613	   0,0118301	74,2	   0,0118253	74,3
     30,6637	   0,0118141	74,8	   0,0118664	73,7
     30,6662	   0,0118515	73,4	   0,0118955	74,2
     30,6686	   0,0119123	73,5	   0,0119784	74,6
     30,6711	   0,0119644	74,6	   0,0119645	73,3
     30,6735	   0,0119618	73,6	   0,0119827	74,5
      30,676	    0,012009	74,6	   0,0119928	74,4
     30,6784	   0,0120068	74,6	   0,0118952	74,1
     30,6808	    0,011917	74,4	   0,0120491	74,1
     30,6833	   0,0119501	74,3	   0,0119505	74,5
     30,6857	    0,012078	74,8	   0,0121794	74,3
     30,6882	   0,0120906	73,4	   0,0119775	74,2
     30,6906	   0,0120298	74,9	   0,0122383	73,7
     30,6931	    0,011973	73,8	   0,0120172	75,3
     30,6955	   0,0119309	75,5	   0,0121632	73,9
     30,6979	   0,0120167	74,5	   0,0121801	75,0
     30,7004	    0,012039	73,8	   0,0120969	73,7
     30,7028	    0,012081	73,6	   0,0122641	74,2
     30,7053	   0,0120586	74,5	   0,0121587	73,3
     30,7077	   0,0121071	74,6	   0,0122408	74,3
     30,7102	   0,0122984	73,7	     0,01212	74,3
     30,7126	    0,012289	75,0	   0,0122549	74,4
     30,7151	   0,0122972	74,3	   0,0121808	73,1
     30,7175	   0,0122901	74,0	   0,0122896	74,3
     30,7199	   0,0122614	75,4	   0,0123372	74,4
     30,7224	    0,012298	74,0	   0,0124857	72,9
     30,7248	   0,0122288	74,1	   0,0123018	74,7
     30,7273	   0,0123107	74,5	   0,0124713	74,0
     30,7297	   0,0123653	74,4	   0,0123815	74,1
     30,7322	   0,0124575	73,3	   0,0124761	74,0
     30,7346	   0,0123985	74,3	   0,0124998	73,5
      30,737	   0,0124764	74,5	   0,0123824	75,4
     30,7395	   0,0125067	74,1	   0,0126063	74,1
     30,7419	   0,0123452	74,7	   0,0125444	73,5
     30,7444	   0,0124072	75,0	   0,0125624	75,7
     30,7468	   0,0124966	73,4	   0,0124815	74,1
     30,7493	   0,0124079	74,5	   0,0126571	75,1
     30,7517	   0,0126277	74,5	   0,0125676	73,2
     30,7542	   0,0125793	74,0	   0,0127344	73,9
     30,7566	   0,0126677	74,4	    0,012614	74,8
      30,759	   0,0126373	73,6	   0,0126472	73,6
     30,7615	   0,0126482	74,3	    0,012698	74,8
     30,7639	   0,0126219	74,3	   0,0127303	74,5
     30,7664	    0,012623	74,5	   0,0127766	74,6
     30,7688	   0,0128371	73,5	   0,0127665	74,2
     30,7713	   0,0127253	74,6	   0,0127535	73,4
     30,7737	   0,0128832	74,0	   0,0128652	74,5
     30,7761	   0,0127602	74,7	    0,012839	74,2
     30,7786	   0,0128085	74,8	    0,012888	74,1
      30,781	   0,0127763	74,2	   0,0129197	74,3
     30,7835	   0,0129159	74,5	   0,0128373	74,5
     30,7859	   0,0129881	75,2	   0,0130207	74,6
     30,7884	   0,0129096	73,5	   0,0129211	73,6
     30,7908	    0,012933	74,6	   0,0130287	74,2
     30,7933	   0,0129225	73,4	   0,0129614	74,3
     30,7957	   0,0129809	75,2	   0,0131124	73,8
     30,7981	    0,013102	74,6	   0,0129336	74,3
     30,8006	   0,0130632	73,6	   0,0131889	73,9
      30,803	   0,0129977	75,4	   0,0130812	75,5
     30,8055	   0,0132174	74,9	   0,0131897	73,9
     30,8079	   0,0131657	74,2	    0,013186	74,8
     30,8104	    0,013086	74,8	   0,0131929	74,8
     30,8128	   0,0132619	73,6	   0,0132576	75,0
     30,8152	     0,01322	74,7	   0,0132544	74,1
     30,8177	   0,0132746	74,4	   0,0132946	75,5
     30,8201	   0,0132212	74,5	   0,0132441	74,1
     30,8226	   0,0132404	74,4	   0,0134025	74,6
      30,825	     0,01334	75,0	   0,0132891	73,4
     30,8275	   0,0133862	74,0	   0,0133969	75,0
     30,8299	    0,013371	74,3	   0,0133939	74,9
     30,8324	   0,0132336	74,6	   0,0134542	74,4
     30,8348	   0,0134544	74,4	   0,0134439	74,0
     30,8372	   0,0134832	74,7	   0,0134659	74,5
     30,8397	   0,0135662	73,8	   0,0135541	73,8
     30,8421	   0,0135454	75,2	   0,0135385	75,3
     30,8446	   0,0134154	74,3	   0,0135246	74,8
      30,847	   0,0135585	75,0	   0,0136431	73,7
     30,8495	   0,0136669	73,9	   0,0136245	75,1
     30,8519	   0,0135705	74,8	   0,0136016	74,1
     30,8543	   0,0136501	74,0	   0,0137566	74,1
     30,8568	    0,013519	74,0	   0,0137131	75,0
     30,8592	   0,0136883	75,0	   0,0137502	74,8
     30,8617	   0,0138353	74,2	   0,0137768	74,3
     30,8641	    0,013716	74,7	   0,0138544	74,5
     30,8666	   0,0136659	75,1	   0,0138456	74,8
      30,869	    0,013871	74,8	   0,0138464	74,7
     30,8715	    0,013813	74,4	   0,0139067	74,6
     30,8739	   0,0139308	74,7	   0,0139292	74,9
     30,8763	   0,0138881	74,8	   0,0138938	74,1
     30,8788	   0,0138856	74,8	   0,0140525	73,7
     30,8812	   0,0140537	74,1	   0,0139676	74,5
     30,8837	   0,0140547	74,5	   0,0139816	74,0
     30,8861	   0,0138389	74,4	   0,0141015	74,2
     30,8886	   0,0141678	75,1	   0,0140752	74,7
      30,891	    0,014162	74,2	   0,0141399	74,6
     30,8934	     0,01414	74,2	   0,0141498	75,1
     30,8959	   0,0140618	74,4	   0,0142103	74,9
     30,8983	   0,0141626	74,7	   0,0141867	73,9
     30,9008	   0,0143172	74,9	   0,0142769	75,1
     30,9032	   0,0143355	74,7	   0,0142629	74,4
     30,9057	   0,0141734	75,0	   0,0143143	74,4
     30,9081	   0,0144227	74,4	   0,0144708	73,7
     30,9106	   0,0145068	74,8	   0,0143955	74,9
      30,913	   0,0143241	74,3	   0,0144722	74,6
     30,9154	   0,0143731	76,4	   0,0144816	74,9
     30,9179	   0,0144923	74,6	   0,0145101	74,7
     30,9203	   0,0145765	74,6	   0,0145748	74,8
     30,9228	   0,0144193	74,0	   0,0145026	74,6
     30,9252	   0,0145827	75,0	   0,0146053	75,1
     30,9277	     0,01464	75,0	   0,0147495	73,6
     30,9301	    0,014584	74,0	   0,0146093	76,3
     30,9326	   0,0146591	74,8	   0,0146068	72,5
      30,935	   0,0146877	74,8	   0,0147307	75,2
     30,9374	    0,014731	75,0	   0,0147776	74,9
     30,9399	   0,0147879	73,9	   0,0148182	75,0
     30,9423	   0,0148698	74,8	   0,0149035	74,1
     30,9448	   0,0149708	74,5	     0,01488	75,5
     30,9472	   0,0149323	74,9	   0,0149523	74,5
     30,9497	   0,0148913	74,1	   0,0149201	75,1
     30,9521	   0,0149253	75,0	     0,01498	74,1
     30,9545	   0,0150359	75,1	   0,0150648	74,6
      30,957	   0,0150174	75,4	   0,0150943	74,5
     30,9594	    0,015112	75,5	    0,015125	75,3
     30,9619	   0,0151352	74,9	   0,0151944	74,4
     30,9643	   0,0150836	74,2	    0,015163	75,7
     30,9668	    0,015222	74,6	   0,0151539	74,3
     30,9692	   0,0153149	74,8	   0,0152987	74,5
     30,9717	   0,0151227	75,2	    0,015326	74,7
     30,9741	   0,0152079	75,0	   0,0152776	75,0
     30,9765	   0,0153521	74,6	   0,0153804	74,1
      30,979	   0,0153671	75,4	   0,0155122	75,2
     30,9814	   0,0155481	74,4	   0,0154842	74,7
     30,9839	   0,0155622	75,2	   0,0154869	75,1
     30,9863	   0,0153661	76,2	   0,0155953	74,4
     30,9888	   0,0155397	75,8	   0,0156394	76,6
     30,9912	   0,0155971	75,6	   0,0155649	74,9
     30,9936	   0,0156744	75,3	   0,0157623	75,3
     30,9961	   0,0157184	75,2	   0,0155529	75,1
     30,9985	   0,0155004	76,4	    0,015735	74,1
      31,001	   0,0159383	75,0	   0,0157929	74,4
     31,0034	   0,0156684	74,7	   0,0158889	73,9
     31,0059	    0,015713	75,1	   0,0159063	75,1
     31,0083	   0,0159927	74,1	   0,0159604	75,3
     31,0108	   0,0158201	75,4	   0,0159916	75,3
     31,0132	   0,0159652	75,2	   0,0160769	74,5
     31,0156	   0,0160528	75,4	   0,0160965	75,2
     31,0181	    0,016081	74,4	   0,0161054	74,8
     31,0205	   0,0160561	75,9	   0,0162213	75,4
      31,023	    0,016226	74,5	    0,016199	74,8
     31,0254	   0,0162021	75,2	    0,016318	75,5
     31,0279	    0,016057	74,5	   0,0163108	75,1
     31,0303	   0,0163098	76,0	   0,0163962	74,9
     31,0327	   0,0165146	75,1	   0,0164147	75,7
     31,0352	   0,0164136	75,6	   0,0164612	75,0
     31,0376	   0,0165443	74,6	   0,0165602	74,8
     31,0401	   0,0165767	75,6	    0,016575	74,4
     31,0425	   0,0164887	74,9	   0,0166406	75,1
      31,045	   0,0166219	75,0	   0,0167146	74,9
     31,0474	   0,0165016	75,6	   0,0167146	75,4
     31,0499	   0,0167762	74,5	   0,0167582	75,5
     31,0523	   0,0166144	75,2	     0,01675	74,8
     31,0547	   0,0167354	75,5	   0,0168935	75,8
     31,0572	   0,0169312	75,8	   0,0169018	75,5
     31,0596	   0,0170286	75,2	   0,0169404	75,0
     31,0621	   0,0170616	75,6	   0,0171002	74,4
     31,0645	   0,0169675	74,6	   0,0171043	75,4
      31,067	   0,0170228	76,0	   0,0170795	75,3
     31,0694	   0,0171658	75,9	   0,0172031	76,0
     31,0718	   0,0172532	75,4	   0,0172364	75,0
     31,0743	   0,0172282	75,8	   0,0172811	75,3
     31,0767	   0,0173184	75,6	   0,0173762	75,7
     31,0792	   0,0173495	75,0	   0,0174037	75,4
     31,0816	   0,0174542	76,1	   0,0175011	76,3
     31,0841	    0,017473	75,2	   0,0175385	75,0
     31,0865	   0,0174279	75,5	   0,0176704	75,7
      31,089	   0,0175613	75,0	   0,0176245	75,0
     31,0914	   0,0175905	76,7	   0,0176307	75,3
     31,0938	   0,0177915	74,9	    0,017757	76,1
     31,0963	    0,017657	76,9	   0,0178448	75,0
     31,0987	   0,0179723	75,9	   0,0178833	75,3
     31,1012	   0,0178501	75,3	     0,01728	74,0
     31,1036	   0,0178817	75,7	   0,0180199	76,3
     31,1061	   0,0178173	75,9	   0,0179599	75,0
     31,1085	   0,0180051	76,0	   0,0181643	75,4
     31,1109	   0,0181998	75,9	    0,018189	75,6
     31,1134	   0,0182449	76,2	    0,018234	75,2
     31,1158	   0,0181831	76,0	   0,0183016	76,1
     31,1183	   0,0179796	76,0	   0,0183088	75,5
     31,1207	   0,0184435	76,1	    0,018533	75,2
     31,1232	   0,0182768	74,5	   0,0186025	76,0
     31,1256	   0,0185575	75,2	   0,0185827	75,2
     31,1281	   0,0182403	75,7	   0,0185866	75,2
     31,1305	   0,0185391	75,1	   0,0187124	76,0
     31,1329	   0,0186725	75,2	   0,0188608	76,2
     31,1354	   0,0187949	76,3	   0,0188966	76,6
     31,1378	   0,0186029	76,5	   0,0189726	75,4
     31,1403	   0,0189079	75,8	   0,0190628	76,1
     31,1427	   0,0186949	76,5	   0,0190164	75,9
     31,1452	   0,0186665	76,0	   0,0191593	75,0
     31,1476	   0,0187858	77,0	    0,019309	76,1
       31,15	   0,0190802	75,2	   0,0193159	75,4
     31,1525	   0,0191842	77,2	   0,0193161	76,1
     31,1549	   0,0191256	76,4	   0,0193747	75,6
     31,1574	   0,0192301	76,4	   0,0194936	76,3
     31,1598	   0,0195349	76,2	    0,019567	76,2
     31,1623	   0,0192067	76,7	   0,0197428	75,5
     31,1647	   0,0192819	76,5	   0,0198383	77,2
     31,1672	   0,0193266	75,8	   0,0198096	76,9
     31,1696	   0,0195719	77,0	   0,0200056	75,6
      31,172	   0,0190497	76,1	   0,0200405	77,3
     31,1745	   0,0196913	76,1	   0,0201123	75,7
     31,1769	   0,0196903	75,9	   0,0202578	76,9
     31,1794	   0,0199188	77,1	   0,0202279	77,1
     31,1818	     0,01935	76,0	   0,0203226	76,6
     31,1843	   0,0200303	76,5	   0,0204955	76,4
     31,1867	   0,0197566	76,3	    0,020563	76,0
     31,1891	   0,0202361	77,7	   0,0206295	76,6
     31,1916	   0,0203667	76,1	   0,0207358	76,3
      31,194	   0,0202116	78,0	   0,0208612	76,1
     31,1965	   0,0205113	77,9	   0,0209459	76,5
     31,1989	   0,0206463	77,9	   0,0205084	77,8
     31,2014	   0,0207469	76,6	   0,0209905	76,5
     31,2038	   0,0209219	77,8	   0,0211977	76,6
     31,2063	   0,0206077	78,4	   0,0213205	76,5
     31,2087	   0,0206545	77,0	   0,0214903	76,0
     31,2111	   0,0208573	78,1	   0,0215809	77,0
     31,2136	   0,0211542	77,1	   0,0215156	77,1
      31,216	    0,021168	78,0	   0,0217209	76,0
     31,2185	   0,0211841	77,7	   0,0217559	77,2
     31,2209	    0,021489	77,4	   0,0219792	77,0
     31,2234	   0,0214918	78,4	   0,0220891	77,7
     31,2258	   0,0215276	78,7	   0,0221646	77,6
     31,2283	   0,0215377	77,9	   0,0222287	77,9
     31,2307	    0,021871	77,5	   0,0222874	78,6
     31,2331	   0,0218938	78,1	   0,0223744	77,5
     31,2356	   0,0222008	79,1	   0,0224608	77,3
      31,238	   0,0222669	77,9	   0,0225253	78,6
     31,2405	   0,0222813	78,3	   0,0228193	77,4
     31,2429	   0,0224266	79,3	   0,0227547	78,6
     31,2454	    0,022447	77,2	    0,022963	77,9
     31,2478	   0,0226743	79,1	   0,0231226	77,5
     31,2502	   0,0226392	78,6	   0,0233691	78,5
     31,2527	   0,0225572	78,4	   0,0235252	78,6
     31,2551	   0,0231424	79,3	   0,0236088	78,3
     31,2576	   0,0232697	78,9	   0,0237894	78,5
       31,26	   0,0230711	78,0	   0,0238955	77,5
     31,2625	   0,0233192	79,2	   0,0239507	78,3
     31,2649	   0,0233839	78,9	   0,0239665	78,5
     31,2674	   0,0235923	79,8	    0,024221	78,4
     31,2698	   0,0237889	79,0	   0,0242843	78,7
     31,2722	   0,0235764	79,0	   0,0244382	79,4
     31,2747	    0,023524	78,5	   0,0246265	78,0
     31,2771	   0,0242169	79,8	   0,0247283	78,9
     31,2796	   0,0241237	79,7	   0,0248136	79,3
      31,282	   0,0244568	80,5	   0,0248957	78,5
     31,2845	   0,0246428	79,8	    0,025106	79,3
     31,2869	   0,0246323	81,1	   0,0252194	79,5
     31,2893	   0,0248658	80,4	   0,0255423	79,5
     31,2918	   0,0250222	79,6	   0,0256779	79,6
     31,2942	    0,025075	80,5	   0,0259238	79,6
     31,2967	   0,0253199	80,8	   0,0260104	79,0
     31,2991	   0,0255292	80,9	    0,026229	79,5
     31,3016	   0,0255689	80,8	   0,0265559	80,0
      31,304	    0,025929	80,8	   0,0268107	80,2
     31,3065	   0,0261192	81,5	   0,0269151	79,8
     31,3089	   0,0261103	81,0	   0,0269421	80,7
     31,3113	   0,0263235	81,1	   0,0272908	79,4
     31,3138	    0,026513	80,9	   0,0274469	80,2
     31,3162	   0,0264887	80,9	   0,0278325	80,8
     31,3187	   0,0269917	81,1	   0,0280628	80,9
     31,3211	   0,0271601	82,1	   0,0282072	80,7
     31,3236	   0,0271364	82,1	   0,0282905	81,5
      31,326	   0,0275135	81,1	   0,0282889	82,0
     31,3284	   0,0276399	81,1	   0,0286055	81,0
     31,3309	   0,0278261	82,0	   0,0288111	82,5
     31,3333	   0,0281561	82,2	   0,0290107	81,8
     31,3358	   0,0284099	83,2	     0,02945	81,5
     31,3382	   0,0287372	82,6	   0,0296635	82,7
     31,3407	   0,0288576	82,3	   0,0299441	83,4
     31,3431	    0,028908	82,8	   0,0302409	83,2
     31,3456	    0,029412	81,9	   0,0300123	83,0
      31,348	   0,0294061	82,4	   0,0302897	83,6
     31,3504	    0,029564	83,0	    0,030646	83,9
     31,3529	   0,0297781	85,1	   0,0308916	83,7
     31,3553	      0,0301	84,2	   0,0313233	83,9
     31,3578	   0,0302651	83,6	   0,0314637	84,2
     31,3602	   0,0305712	85,9	   0,0316751	84,2
     31,3627	   0,0304333	84,6	   0,0321897	84,5
     31,3651	    0,030666	85,1	   0,0326041	85,8
     31,3675	   0,0306986	86,7	   0,0328245	85,5
       31,37	   0,0310755	85,6	   0,0330648	87,8
     31,3724	   0,0312359	85,5	   0,0333941	88,3
     31,3749	   0,0316436	86,9	   0,0341126	88,1
     31,3773	   0,0318838	88,2	   0,0349545	87,6
     31,3798	   0,0320904	88,9	   0,0357787	87,6
     31,3822	   0,0320513	87,5	    0,035568	88,2
     31,3847	   0,0327922	88,7	   0,0365252	88,6
     31,3871	   0,0331784	89,5	   0,0373082	91,5
     31,3895	   0,0336128	91,7	   0,0379358	91,2
      31,392	   0,0333341	90,1	   0,0389747	91,8
     31,3944	   0,0339788	91,3	   0,0401856	93,6
     31,3969	   0,0343786	91,3	   0,0409451	94,9
     31,3993	   0,0346426	91,8	   0,0415647	96,1
     31,4018	   0,0349013	92,0	   0,0421528	96,7
     31,4042	   0,0357831	92,1	   0,0436561	99,0
     31,4066	   0,0360861	93,9	   0,0447805	98,6
     31,4091	   0,0364135	92,5	   0,0457597	101,1
     31,4115	   0,0367738	92,9	   0,0465534	102,9
      31,414	    0,037411	94,0	   0,0472735	105,2
     31,4164	    0,038261	96,2	   0,0478339	105,3
     31,4189	    0,038778	96,2	   0,0488142	106,8
     31,4213	   0,0393812	97,0	    0,049795	110,3
     31,4238	   0,0393345	98,4	   0,0502568	111,1
     31,4262	     0,04035	97,6	   0,0512949	111,2
     31,4286	   0,0407853	100,1	   0,0514554	113,1
     31,4311	   0,0415288	101,5	   0,0520126	115,1
     31,4335	   0,0418724	101,6	   0,0526507	116,7
      31,436	   0,0427569	101,9	   0,0534538	119,4
     31,4384	   0,0433349	103,7	   0,0540032	120,3
     31,4409	   0,0444368	104,5	   0,0542173	122,4
     31,4433	   0,0449581	106,2	    0,054869	123,8
     31,4457	   0,0454678	107,1	   0,0553354	125,2
     31,4482	   0,0460678	109,2	   0,0557234	125,6
     31,4506	    0,047303	109,2	   0,0556642	126,0
     31,4531	   0,0479758	111,6	   0,0559904	127,3
     31,4555	   0,0484586	114,1	   0,0562029	129,4
      31,458	    0,049038	115,7	   0,0566668	130,1
     31,4604	   0,0495849	117,5	   0,0565312	131,3
     31,4629	   0,0499635	120,7	   0,0573025	133,6
     31,4653	   0,0508281	123,1	    0,057324	135,8
     31,4677	   0,0514476	123,7	   0,0573475	136,3
     31,4702	   0,0517123	124,6	   0,0580663	136,9
     31,4726	   0,0520558	127,2	   0,0576065	139,2
     31,4751	   0,0525421	129,8	   0,0577521	140,3
     31,4775	   0,0535068	131,1	   0,0578933	140,8
       31,48	   0,0535063	133,0	   0,0578565	141,0
     31,4824	   0,0539645	135,1	   0,0579203	143,0
     31,4848	   0,0537945	136,8	   0,0580927	144,9
     31,4873	   0,0544586	139,0	   0,0581054	146,5
     31,4897	   0,0545326	140,1	    0,058488	145,5
     31,4922	   0,0553417	142,5	   0,0580031	147,6
     31,4946	   0,0548588	143,8	   0,0584429	148,8
     31,4971	   0,0558525	146,2	   0,0586119	150,3
     31,4995	   0,0553132	146,6	   0,0583145	150,3
      31,502	   0,0559366	148,6	   0,0585769	150,3
     31,5044	   0,0562572	148,7	   0,0579585	152,0
     31,5068	   0,0561895	150,9	   0,0577357	153,8
     31,5093	   0,0560237	153,0	   0,0576859	154,5
     31,5117	   0,0560556	153,5	   0,0579041	155,9
     31,5142	   0,0560975	154,9	   0,0580053	155,8
     31,5166	   0,0560023	156,1	   0,0579259	157,2
     31,5191	   0,0563667	157,0	   0,0575294	158,1
     31,5215	   0,0556751	158,0	   0,0578016	158,8
     31,5239	   0,0555817	159,1	   0,0578363	159,7
     31,5264	   0,0555088	159,7	   0,0572162	161,2
     31,5288	   0,0552077	161,5	   0,0567025	161,9
     31,5313	   0,0552016	162,6	   0,0572224	161,6
     31,5337	   0,0547806	164,1	   0,0561199	163,4
     31,5362	   0,0551956	163,7	    0,055815	164,1
     31,5386	    0,054522	165,7	   0,0563277	165,5
     31,5411	   0,0552166	165,9	   0,0562201	165,9
     31,5435	   0,0554793	166,6	    0,056277	166,0
     31,5459	   0,0545238	167,4	   0,0554711	168,2
     31,5484	   0,0546375	168,5	   0,0557281	168,5
     31,5508	   0,0543149	169,5	   0,0555703	168,9
     31,5533	   0,0541649	169,6	   0,0556819	169,3
     31,5557	   0,0537255	171,3	   0,0553895	171,0
     31,5582	   0,0540428	171,5	     0,05542	171,0
     31,5606	    0,053426	172,6	   0,0547127	172,9
      31,563	   0,0535823	173,6	   0,0544006	172,7
     31,5655	   0,0526383	173,7	    0,054579	173,7
     31,5679	   0,0525322	173,3	   0,0550798	173,2
     31,5704	   0,0526724	175,0	   0,0544137	174,7
     31,5728	   0,0522908	176,6	   0,0547496	175,7
     31,5753	   0,0519602	177,0	   0,0540147	175,7
     31,5777	   0,0511025	177,5	   0,0534548	176,7
     31,5802	   0,0510734	178,7	   0,0538263	177,2
     31,5826	   0,0509157	179,4	   0,0530859	178,0
      31,585	   0,0510101	179,5	   0,0519641	178,9
     31,5875	   0,0512146	180,3	   0,0535086	179,1
     31,5899	   0,0506044	180,6	   0,0522259	179,8
     31,5924	   0,0506048	181,4	   0,0522192	179,8
     31,5948	   0,0503804	182,0	   0,0519801	181,2
     31,5973	   0,0497574	182,7	   0,0517716	181,6
     31,5997	   0,0493266	182,9	   0,0512745	181,9
     31,6021	   0,0491253	182,6	   0,0512106	182,0
     31,6046	   0,0485904	184,4	   0,0512278	182,7
      31,607	   0,0480039	185,5	     0,05084	183,6
     31,6095	   0,0471785	185,8	   0,0508082	185,1
     31,6119	   0,0481779	185,3	   0,0505128	186,2
     31,6144	   0,0483886	187,1	   0,0499175	186,4
     31,6168	   0,0480939	187,0	    0,049923	186,3
     31,6193	   0,0475415	187,5	   0,0497992	185,8
     31,6217	   0,0472516	188,5	   0,0497035	186,5
     31,6241	   0,0466573	188,7	   0,0493293	187,7
     31,6266	    0,046727	188,7	   0,0485784	189,5
      31,629	   0,0463073	190,5	   0,0486402	189,7
     31,6315	   0,0458871	190,7	   0,0484623	189,7
     31,6339	   0,0460574	190,5	   0,0480537	188,9
     31,6364	    0,045832	190,3	   0,0480414	189,7
     31,6388	   0,0451182	191,7	   0,0474184	191,6
     31,6413	    0,045202	192,5	   0,0463718	191,2
     31,6437	   0,0452491	192,2	   0,0468368	191,2
     31,6461	   0,0452378	192,8	   0,0463322	192,8
     31,6486	   0,0446003	193,4	   0,0467567	192,6
      31,651	   0,0443802	194,1	    0,046088	193,9
     31,6535	   0,0438496	194,8	   0,0460627	193,5
     31,6559	     0,04396	196,1	   0,0458605	194,2
     31,6584	    0,043686	196,0	   0,0457559	194,5
     31,6608	   0,0429592	196,1	   0,0451977	196,1
     31,6632	   0,0431663	196,4	   0,0454205	196,5
     31,6657	   0,0426171	197,0	   0,0448324	196,5
     31,6681	   0,0428759	197,3	     0,04477	196,7
     31,6706	   0,0424965	197,6	   0,0439848	197,1
      31,673	   0,0421468	198,0	   0,0436781	196,9
     31,6755	   0,0416449	197,8	    0,043835	199,3
     31,6779	   0,0415407	197,6	   0,0436684	199,3
     31,6804	   0,0413149	199,4	   0,0434032	199,7
     31,6828	   0,0409617	199,6	   0,0426297	199,5
     31,6852	   0,0409235	-160,0	   0,0425964	199,4
     31,6877	   0,0405805	-159,4	   0,0421332	-159,1
     31,6901	   0,0403044	-159,5	   0,0417576	-159,1
     31,6926	   0,0395982	-158,8	   0,0417677	-158,8
      31,695	   0,0397239	-158,1	   0,0416703	-158,0
     31,6975	   0,0393397	-156,9	   0,0414658	-157,1
     31,6999	   0,0387432	-158,6	   0,0413452	-157,0
     31,7023	   0,0385103	-157,5	   0,0412624	-156,9
     31,7048	   0,0384924	-157,5	   0,0408584	-157,1
     31,7072	    0,038218	-156,0	   0,0405334	-156,1
     31,7097	   0,0381847	-155,3	   0,0401522	-156,0
     31,7121	   0,0379366	-154,6	   0,0397098	-155,7
     31,7146	   0,0377153	-154,9	   0,0392113	-156,1
      31,717	   0,0375491	-155,2	   0,0393907	-153,7
     31,7195	   0,0374256	-153,1	     0,03889	-154,3
     31,7219	    0,036838	-154,3	   0,0391373	-154,7
     31,7243	   0,0364612	-152,6	   0,0386353	-153,0
     31,7268	   0,0365601	-152,1	   0,0384134	-154,1
     31,7292	    0,036127	-152,0	   0,0384614	-153,7
     31,7317	   0,0358759	-151,7	   0,0380996	-152,6
     31,7341	   0,0358612	-152,4	   0,0373149	-150,4
     31,7366	   0,0351605	-151,1	   0,0372307	-150,1
      31,739	   0,0348041	-148,9	   0,0368908	-150,0
     31,7414	   0,0349367	-149,7	   0,0367969	-150,1
     31,7439	   0,0351226	-150,3	   0,0365304	-149,7
     31,7463	   0,0343109	-151,1	      0,0361	-151,5
     31,7488	   0,0340469	-149,3	   0,0359216	-151,0
     31,7512	   0,0341159	-149,6	   0,0355722	-149,1
     31,7537	   0,0329279	-149,5	   0,0348775	-150,3
     31,7561	    0,033343	-147,1	   0,0348634	-148,4
     31,7586	   0,0332676	-149,1	   0,0350291	-147,2
      31,761	   0,0323478	-149,1	   0,0345096	-148,5
     31,7634	   0,0324018	-149,5	   0,0341075	-148,9
     31,7659	   0,0320436	-149,1	   0,0342941	-147,9
     31,7683	   0,0322923	-148,4	   0,0340025	-147,3
     31,7708	   0,0321388	-148,2	   0,0337837	-146,3
     31,7732	   0,0317115	-145,2	   0,0332066	-145,8
     31,7757	   0,0316543	-146,8	   0,0334919	-145,9
     31,7781	   0,0315825	-147,1	   0,0331427	-145,6
     31,7805	   0,0306832	-148,1	   0,0329095	-144,6
      31,783	    0,031354	-148,3	   0,0328861	-145,0
     31,7854	   0,0304438	-146,8	   0,0319775	-143,8
     31,7879	   0,0302929	-146,6	   0,0315991	-144,1
     31,7903	   0,0304283	-145,1	   0,0312948	-144,2
     31,7928	   0,0295881	-146,0	   0,0312416	-144,3
     31,7952	   0,0297245	-147,0	   0,0310633	-144,2
     31,7977	   0,0294188	-145,6	   0,0305793	-144,7
     31,8001	   0,0291545	-145,7	   0,0304623	-142,5
     31,8025	    0,029295	-144,7	   0,0303262	-142,2
      31,805	   0,0287006	-145,1	   0,0301653	-143,7
     31,8074	   0,0284525	-143,8	   0,0299951	-142,1
     31,8099	   0,0288384	-145,3	   0,0307536	-143,0
     31,8123	    0,028601	-143,7	   0,0292092	-142,9
     31,8148	   0,0286373	-144,0	   0,0289869	-140,4
     31,8172	   0,0277987	-142,8	   0,0296342	-144,0
     31,8196	   0,0276829	-143,5	   0,0293386	-139,3
     31,8221	   0,0277806	-144,4	   0,0288268	-143,0
     31,8245	   0,0272957	-142,2	   0,0285748	-139,3
      31,827	   0,0277799	-141,5	   0,0281806	-140,7
     31,8294	   0,0270449	-140,7	    0,028347	-139,8
     31,8319	    0,026875	-140,2	   0,0281444	-141,2
     31,8343	   0,0270216	-140,1	      0,0273	-138,8
     31,8368	   0,0264898	-139,5	    0,026872	-138,3
     31,8392	   0,0269246	-139,2	   0,0272932	-138,3
     31,8416	   0,0262272	-138,7	   0,0271278	-138,7
     31,8441	   0,0262355	-138,2	   0,0275012	-138,4
     31,8465	   0,0257313	-138,1	   0,0267485	-139,7
      31,849	   0,0260394	-139,0	   0,0265793	-137,0
     31,8514	    0,025586	-137,6	   0,0267229	-137,8
     31,8539	   0,0253178	-138,1	   0,0266287	-137,9
     31,8563	   0,0254929	-136,7	   0,0257728	-134,8
     31,8587	   0,0254794	-137,6	   0,0262278	-136,5
     31,8612	   0,0252268	-137,0	   0,0259137	-137,1
     31,8636	    0,025078	-137,2	   0,0257714	-136,7
     31,8661	   0,0249694	-136,0	   0,0248463	-134,7
     31,8685	   0,0241706	-136,8	   0,0251975	-135,9
      31,871	    0,024156	-135,3	   0,0251317	-134,8
     31,8734	   0,0240447	-134,3	   0,0249656	-134,1
     31,8759	   0,0241537	-135,1	   0,0241683	-134,8
     31,8783	   0,0235114	-134,3	   0,0247594	-135,4
     31,8807	   0,0233738	-134,3	   0,0247515	-134,4
     31,8832	   0,0232535	-135,2	   0,0239112	-134,4
     31,8856	   0,0230338	-134,3	   0,0240355	-133,3
     31,8881	   0,0230585	-135,0	   0,0238289	-134,2
     31,8905	   0,0233048	-135,2	   0,0238215	-134,4
      31,893	   0,0229383	-135,0	   0,0236041	-133,4
     31,8954	   0,0224539	-133,3	   0,0234122	-133,7
     31,8979	   0,0221104	-132,6	   0,0229088	-132,7
     31,9003	   0,0221702	-133,5	   0,0228706	-133,6
     31,9027	   0,0220888	-132,6	   0,0222921	-131,7
     31,9052	   0,0210131	-131,1	   0,0226817	-133,6
     31,9076	   0,0211265	-130,7	   0,0225339	-132,0
     31,9101	   0,0215139	-132,7	   0,0217009	-132,7
     31,9125	   0,0214006	-134,8	   0,0222661	-132,6
      31,915	    0,020679	-131,8	    0,021473	-131,5
     31,9174	    0,021077	-133,3	   0,0217916	-130,3
     31,9198	   0,0206668	-130,6	   0,0215278	-132,8
     31,9223	   0,0206253	-132,8	   0,0216847	-131,9
     31,9247	   0,0201077	-131,6	   0,0215032	-130,7
     31,9272	   0,0200553	-131,6	   0,0208563	-129,4
     31,9296	   0,0201561	-131,7	   0,0205378	-130,5
     31,9321	   0,0198592	-131,1	   0,0207953	-128,9
     31,9345	   0,0196142	-132,8	   0,0207838	-131,1
      31,937	    0,019391	-131,3	   0,0201532	-129,5
     31,9394	   0,0188669	-130,3	   0,0195142	-128,8
     31,9418	   0,0195402	-131,1	   0,0200011	-129,3
     31,9443	   0,0192635	-130,7	   0,0198353	-129,0
     31,9467	      0,0189	-129,2	    0,019124	-127,8
     31,9492	   0,0191318	-131,1	   0,0197255	-129,3
     31,9516	   0,0192228	-130,9	   0,0191887	-128,7
     31,9541	   0,0183091	-130,3	   0,0192072	-131,0
     31,9565	   0,0184507	-130,9	   0,0188655	-129,3
     31,9589	   0,0183616	-130,6	   0,0189657	-129,4
     31,9614	   0,0177988	-127,1	   0,0186417	-128,8
     31,9638	   0,0174885	-128,2	   0,0180965	-127,4
     31,9663	   0,0181448	-130,8	   0,0184499	-127,9
     31,9687	   0,0175903	-128,1	   0,0183591	-127,8
     31,9712	   0,0171833	-128,2	   0,0178085	-128,7
     31,9736	   0,0175534	-127,7	   0,0180488	-128,7
     31,9761	   0,0170209	-128,2	   0,0176276	-128,5
     31,9785	     0,01712	-128,9	   0,0174024	-128,4
     31,9809	   0,0173391	-128,4	   0,0178411	-130,6
     31,9834	   0,0170103	-128,3	   0,0173776	-127,8
     31,9858	    0,016458	-127,9	   0,0171665	-127,6
     31,9883	   0,0166838	-128,1	   0,0170293	-127,6
     31,9907	   0,0171961	-129,9	   0,0167937	-125,4
     31,9932	   0,0163623	-128,6	   0,0164557	-127,5
     31,9956	   0,0162218	-128,0	   0,0167651	-127,3
      31,998	     0,01638	-127,4	   0,0165105	-128,8
     32,0005	   0,0158219	-127,3	   0,0165578	-128,2
     32,0029	   0,0158013	-127,4	   0,0166578	-128,0
     32,0054	   0,0160368	-129,9	   0,0161998	-129,6
     32,0078	    0,015542	-127,3	   0,0157135	-126,9
     32,0103	   0,0157192	-128,0	   0,0156419	-126,2
     32,0127	   0,0155233	-129,1	   0,0157037	-127,0
     32,0152	   0,0151799	-127,7	   0,0156676	-126,4
     32,0176	   0,0152143	-127,3	   0,0153997	-126,2
       32,02	   0,0150165	-127,2	   0,0152162	-126,9
     32,0225	   0,0151977	-128,3	    0,015181	-125,2
     32,0249	   0,0149234	-127,3	   0,0149315	-124,9
     32,0274	   0,0147599	-126,5	   0,0151814	-127,4
     32,0298	   0,0146953	-126,1	   0,0148689	-126,5
     32,0323	   0,0145433	-126,4	   0,0151058	-128,5
     32,0347	   0,0143692	-127,4	   0,0148779	-125,5
     32,0371	   0,0142393	-127,9	   0,0143663	-125,6
     32,0396	   0,0141709	-127,3	   0,0145824	-125,2
      32,042	   0,0141034	-126,9	   0,0145228	-126,6
     32,0445	   0,0138857	-127,6	   0,0143733	-127,2
     32,0469	   0,0140849	-129,1	   0,0138495	-125,8
     32,0494	    0,013863	-127,4	   0,0142685	-127,2
     32,0518	   0,0138724	-127,4	   0,0140052	-127,0
     32,0543	   0,0137649	-127,6	   0,0138407	-126,4
     32,0567	   0,0135899	-126,1	    0,013847	-127,1
     32,0591	   0,0137627	-127,8	   0,0136867	-127,0
     32,0616	   0,0134672	-127,7	    0,013734	-126,8
      32,064	   0,0134446	-125,5	   0,0141121	-129,4
     32,0665	   0,0133662	-126,6	   0,0139516	-128,1
     32,0689	   0,0133008	-126,5	   0,0139799	-128,9
     32,0714	   0,0133928	-126,2	   0,0139615	-130,9
     32,0738	   0,0132345	-124,6	   0,0136679	-128,0
     32,0762	   0,0131853	-125,0	    0,013492	-129,6
     32,0787	   0,0131036	-125,2	   0,0135786	-128,4
     32,0811	   0,0130701	-123,8	    0,013268	-126,7
     32,0836	   0,0128394	-124,7	   0,0130542	-123,8
      32,086	    0,013005	-124,3	   0,0130236	-124,5
     32,0885	   0,0127768	-124,3	   0,0131042	-123,4
     32,0909	   0,0128013	-123,9	   0,0131154	-127,4
     32,0934	   0,0126578	-125,8	   0,0131122	-126,9
     32,0958	   0,0126574	-124,4	   0,0129642	-126,1
     32,0982	   0,0125017	-125,2	   0,0127836	-124,1
     32,1007	   0,0126387	-125,7	   0,0127706	-125,5
     32,1031	   0,0124163	-125,0	   0,0128457	-127,6
     32,1056	   0,0124016	-124,3	   0,0126341	-126,4
      32,108	    0,012314	-126,9	   0,0127055	-126,7
     32,1105	   0,0123299	-126,4	   0,0125969	-126,4
     32,1129	   0,0121159	-128,6	   0,0125663	-126,5
     32,1153	   0,0122517	-124,0	   0,0123623	-126,9
     32,1178	   0,0119629	-125,5	   0,0122888	-128,2
     32,1202	   0,0120238	-124,8	   0,0121006	-122,7
     32,1227	   0,0119526	-126,4	   0,0121495	-128,4
     32,1251	   0,0119434	-125,2	   0,0122177	-128,1
     32,1276	   0,0118589	-126,5	   0,0120035	-127,7
       32,13	   0,0117692	-125,7	   0,0122669	-128,0
     32,1325	   0,0116222	-125,7	   0,0120511	-129,0
     32,1349	   0,0117011	-126,7	   0,0118446	-127,1
     32,1373	   0,0114938	-126,2	   0,0115249	-124,4
     32,1398	   0,0115383	-127,9	   0,0112833	-123,9
     32,1422	   0,0115548	-126,5	   0,0115841	-127,0
     32,1447	   0,0113961	-126,9	   0,0115039	-126,6
     32,1471	   0,0113566	-126,7	   0,0116445	-128,2
     32,1496	   0,0111367	-127,1	   0,0113548	-128,4
      32,152	    0,011352	-128,0	   0,0112562	-125,2
     32,1544	   0,0111174	-127,1	   0,0112443	-125,6
     32,1569	   0,0111383	-127,5	   0,0112074	-124,9
     32,1593	   0,0111602	-127,9	   0,0112496	-126,1
     32,1618	   0,0110167	-128,8	   0,0110892	-129,1
     32,1642	   0,0110089	-126,8	    0,011014	-126,3
     32,1667	   0,0107827	-127,6	   0,0109609	-126,2
     32,1691	   0,0107876	-127,3	    0,010988	-127,8
     32,1716	   0,0107516	-128,3	   0,0109301	-128,2
      32,174	   0,0107865	-128,4	   0,0107637	-126,8
     32,1764	    0,010791	-126,7	   0,0108352	-127,5
     32,1789	   0,0104992	-127,5	   0,0107794	-129,4
     32,1813	   0,0105008	-128,8	   0,0106582	-128,9
     32,1838	   0,0106075	-127,9	   0,0108043	-128,4
     32,1862	   0,0104949	-128,6	   0,0106696	-130,4
     32,1887	   0,0104218	-128,5	   0,0104345	-129,4
     32,1911	   0,0103575	-128,2	    0,010436	-127,8
     32,1936	   0,0102096	-129,1	   0,0103078	-127,7
      32,196	    0,010269	-127,8	   0,0104135	-127,9
     32,1984	   0,0102082	-128,2	   0,0102989	-127,6
     32,2009	   0,0101407	-128,1	   0,0101435	-129,3
     32,2033	   0,0099871	-130,0	   0,0101357	-127,4
     32,2058	  0,00995951	-128,7	   0,0101753	-128,8
     32,2082	   0,0100834	-128,9	   0,0100283	-128,6
     32,2107	  0,00992263	-128,5	   0,0100753	-129,0
     32,2131	  0,00989431	-129,9	   0,0100427	-130,0
     32,2155	  0,00992387	-129,2	  0,00989171	-129,2
      32,218	  0,00969502	-130,0	  0,00988593	-129,1
     32,2204	   0,0097721	-129,4	  0,00993796	-129,2
     32,2229	  0,00975369	-129,5	  0,00970155	-129,6
     32,2253	  0,00964058	-130,0	   0,0097011	-130,3
     32,2278	   0,0097044	-129,3	  0,00976693	-129,9
     32,2302	  0,00950576	-129,4	  0,00966424	-129,4
     32,2327	  0,00953821	-130,0	  0,00962571	-130,0
     32,2351	  0,00945479	-130,9	  0,00950246	-129,6
     32,2375	  0,00951618	-130,2	  0,00953245	-129,9
       32,24	  0,00935346	-131,0	  0,00933561	-130,6
     32,2424	  0,00930712	-130,1	  0,00933476	-129,4
     32,2449	  0,00932067	-130,2	  0,00939158	-129,8
     32,2473	  0,00930376	-131,0	  0,00925949	-131,6
     32,2498	  0,00917127	-130,2	  0,00923393	-131,4
     32,2522	  0,00920331	-131,0	  0,00913185	-131,4
     32,2546	  0,00908619	-130,5	  0,00904011	-131,9
     32,2571	  0,00894098	-132,1	   0,0088896	-132,5
     32,2595	  0,00894926	-131,9	  0,00898131	-131,8
      32,262	  0,00897399	-131,7	  0,00904184	-132,2
     32,2644	  0,00882554	-132,7	  0,00897647	-132,1
     32,2669	  0,00875266	-133,1	  0,00886818	-131,6
     32,2693	  0,00875723	-131,9	  0,00893729	-131,9
     32,2718	  0,00881806	-132,4	  0,00874047	-132,3
     32,2742	  0,00876073	-131,7	  0,00860869	-131,5
     32,2766	  0,00868054	-131,7	  0,00869485	-131,9
     32,2791	  0,00855655	-132,6	  0,00873772	-132,9
     32,2815	  0,00865118	-132,7	  0,00863921	-131,7
      32,284	  0,00853657	-132,4	  0,00867086	-132,8
     32,2864	  0,00843374	-132,8	  0,00839767	-132,5
     32,2889	  0,00843794	-133,0	  0,00858838	-131,9
     32,2913	  0,00851628	-133,0	  0,00846581	-132,6
     32,2937	  0,00833593	-132,9	  0,00850447	-131,9
     32,2962	  0,00825283	-133,3	  0,00836835	-133,0
     32,2986	  0,00838045	-133,1	  0,00837316	-132,4
     32,3011	  0,00832344	-132,4	  0,00836428	-132,7
     32,3035	  0,00828588	-133,7	  0,00829944	-132,6
      32,306	  0,00820202	-132,7	  0,00833657	-131,7
     32,3084	  0,00790046	-132,8	  0,00821204	-132,9
     32,3109	  0,00815358	-134,0	  0,00810645	-132,9
     32,3133	  0,00822398	-132,7	  0,00807768	-133,6
     32,3157	  0,00786601	-134,1	  0,00805414	-133,8
     32,3182	  0,00799795	-133,8	  0,00797538	-133,3
     32,3206	  0,00786805	-133,6	     0,00807	-133,3
     32,3231	  0,00773695	-133,8	  0,00801292	-133,0
     32,3255	   0,0079087	-134,5	  0,00787376	-133,3
      32,328	  0,00789772	-133,6	  0,00794596	-133,3
     32,3304	   0,0077528	-133,8	  0,00772306	-133,8
     32,3328	  0,00763169	-133,5	  0,00771685	-133,8
     32,3353	   0,0076631	-134,2	  0,00751747	-134,3
     32,3377	  0,00771067	-134,1	  0,00777952	-133,7
     32,3402	  0,00770317	-133,7	  0,00767681	-134,0
     32,3426	  0,00759506	-134,1	  0,00758432	-134,4
     32,3451	  0,00747943	-134,8	   0,0075646	-133,7
     32,3475	  0,00756963	-134,6	   0,0075459	-134,3
       32,35	  0,00746651	-133,5	  0,00741446	-134,5
     32,3524	  0,00741105	-135,0	  0,00733838	-134,4
     32,3548	  0,00750023	-135,4	  0,00739676	-134,9
     32,3573	  0,00750018	-134,9	  0,00737911	-134,5
     32,3597	    0,007331	-134,6	  0,00727391	-135,1
     32,3622	  0,00728832	-135,8	  0,00736802	-134,5
     32,3646	  0,00733697	-134,3	  0,00735227	-134,7
     32,3671	  0,00712082	-134,7	  0,00725669	-134,6
     32,3695	  0,00720185	-136,3	  0,00733187	-134,9
     32,3719	  0,00722929	-135,6	  0,00723297	-135,3
     32,3744	  0,00717145	-135,2	  0,00726857	-134,2
     32,3768	  0,00719772	-136,2	  0,00718839	-135,8
     32,3793	  0,00720191	-135,5	  0,00712321	-134,1
     32,3817	  0,00712827	-135,4	  0,00720451	-135,4
     32,3842	  0,00699563	-136,2	  0,00705317	-136,5
     32,3866	  0,00709748	-135,8	  0,00706931	-135,0
     32,3891	  0,00692604	-135,5	  0,00707194	-135,2
     32,3915	  0,00701218	-135,7	  0,00700687	-135,3
     32,3939	  0,00688576	-135,8	  0,00689419	-136,1
     32,3964	  0,00686114	-136,0	  0,00693977	-135,2
     32,3988	  0,00689998	-136,5	  0,00694067	-135,4
     32,4013	  0,00683125	-137,0	  0,00675173	-136,3
     32,4037	  0,00685046	-135,9	  0,00686861	-135,5
     32,4062	  0,00685899	-136,1	   0,0067861	-136,5
     32,4086	  0,00671884	-135,8	  0,00675372	-135,4
      32,411	  0,00679515	-136,9	  0,00694397	-136,0
     32,4135	  0,00673603	-136,5	  0,00653232	-136,2
     32,4159	  0,00653373	-137,1	   0,0066616	-135,4
     32,4184	  0,00670554	-137,6	  0,00669912	-137,0
     32,4208	  0,00654955	-136,6	  0,00633128	-136,3
     32,4233	  0,00650243	-137,4	  0,00662812	-135,9
     32,4257	  0,00653988	-136,9	  0,00652588	-137,5
     32,4282	  0,00654811	-137,2	  0,00641226	-138,0
     32,4306	   0,0064524	-137,3	  0,00655156	-136,3
      32,433	  0,00641437	-136,8	  0,00653725	-137,5
     32,4355	  0,00647092	-138,2	   0,0063872	-136,7
     32,4379	  0,00636649	-137,7	  0,00642321	-137,2
     32,4404	  0,00644216	-138,0	  0,00641373	-138,2
     32,4428	  0,00627202	-137,9	  0,00621263	-137,4
     32,4453	  0,00626407	-138,7	  0,00637956	-137,2
     32,4477	  0,00632521	-137,6	   0,0063241	-137,5
     32,4501	  0,00629467	-138,4	  0,00629331	-137,2
     32,4526	  0,00622981	-138,2	  0,00628314	-137,7
      32,455	  0,00611729	-138,3	  0,00634598	-137,5
     32,4575	  0,00623688	-138,7	  0,00622464	-138,2
     32,4599	  0,00617168	-138,2	  0,00618798	-138,5
     32,4624	  0,00612614	-138,6	  0,00616399	-138,1
     32,4648	   0,0060598	-138,1	  0,00620055	-138,4
     32,4673	  0,00597203	-139,2	  0,00612105	-138,4
     32,4697	  0,00612816	-138,9	  0,00606941	-138,2
     32,4721	  0,00613722	-138,4	  0,00610339	-138,7
     32,4746	  0,00609865	-139,6	  0,00611683	-138,4
      32,477	  0,00603643	-139,9	  0,00609144	-139,3
     32,4795	  0,00594967	-140,2	  0,00609195	-138,9
     32,4819	  0,00609141	-139,0	  0,00605038	-138,4
     32,4844	  0,00598511	-139,4	  0,00607978	-139,6
     32,4868	  0,00593517	-138,9	  0,00599579	-138,6
     32,4892	  0,00580231	-140,0	  0,00594704	-138,8
     32,4917	  0,00582094	-140,6	  0,00590605	-139,0
     32,4941	  0,00577323	-138,4	  0,00576736	-140,2
     32,4966	  0,00585361	-141,2	  0,00554659	-139,9
      32,499	   0,0057604	-139,8	  0,00596565	-139,4
     32,5015	  0,00578338	-140,7	  0,00588983	-139,9
     32,5039	  0,00573956	-139,9	  0,00591557	-139,7
     32,5064	   0,0057351	-141,2	   0,0057933	-140,6
     32,5088	   0,0057236	-140,8	  0,00571781	-140,3
     32,5112	  0,00572938	-140,2	  0,00579724	-140,5
     32,5137	  0,00572012	-140,4	  0,00567829	-139,6
     32,5161	  0,00568279	-140,3	  0,00563826	-140,8
     32,5186	  0,00563107	-141,2	  0,00563447	-140,8
      32,521	  0,00554371	-141,4	  0,00562903	-140,9
     32,5235	  0,00560841	-141,3	  0,00563291	-140,5
     32,5259	  0,00556774	-141,3	  0,00552576	-141,3
     32,5283	  0,00565351	-140,9	  0,00552145	-140,5
     32,5308	  0,00559242	-141,3	  0,00560724	-141,4
     32,5332	   0,0055786	-141,7	  0,00547741	-140,1
     32,5357	  0,00554737	-141,4	  0,00558862	-141,7
     32,5381	  0,00545772	-141,3	  0,00551795	-141,5
     32,5406	  0,00548404	-141,6	  0,00557447	-141,2
      32,543	  0,00547858	-142,6	  0,00545888	-141,4
     32,5455	  0,00547443	-142,0	  0,00546066	-141,8
     32,5479	  0,00540883	-142,8	  0,00551875	-142,2
     32,5503	  0,00531241	-142,9	   0,0054369	-141,6
     32,5528	  0,00537628	-142,3	  0,00551281	-141,1
     32,5552	  0,00536816	-142,5	  0,00540863	-142,4
     32,5577	  0,00533473	-142,9	  0,00551141	-141,8
     32,5601	  0,00527842	-143,2	  0,00527224	-141,9
     32,5626	  0,00530657	-143,3	  0,00539895	-141,1
      32,565	  0,00526497	-143,0	  0,00540348	-142,3
     32,5674	  0,00521467	-142,5	  0,00537618	-142,3
     32,5699	  0,00534134	-143,0	  0,00535544	-142,7
     32,5723	  0,00530405	-142,9	  0,00533633	-142,7
     32,5748	  0,00520621	-142,5	  0,00525593	-142,9
     32,5772	  0,00516559	-143,4	  0,00531744	-142,4
     32,5797	  0,00520702	-142,9	  0,00517738	-142,8
     32,5821	  0,00510092	-143,9	  0,00517703	-142,9
     32,5846	  0,00514521	-143,7	  0,00518714	-143,4
      32,587	  0,00513707	-144,1	  0,00516023	-144,1
     32,5894	  0,00516504	-144,0	  0,00508821	-143,7
     32,5919	  0,00503872	-144,5	  0,00516832	-143,9
     32,5943	  0,00510702	-144,8	  0,00505173	-143,4
     32,5968	  0,00498379	-143,6	  0,00516439	-144,4
     32,5992	  0,00497656	-144,7	  0,00506297	-143,5
     32,6017	  0,00497243	-144,2	  0,00506866	-143,2
     32,6041	  0,00504704	-145,8	  0,00508835	-144,0
     32,6065	  0,00500378	-145,1	  0,00507835	-143,6
      32,609	  0,00489003	-144,8	  0,00509015	-144,3
     32,6114	  0,00491932	-144,9	  0,00494504	-145,6
     32,6139	  0,00489872	-145,7	  0,00512931	-143,5
     32,6163	  0,00481674	-146,2	  0,00496415	-145,2
     32,6188	  0,00485971	-145,8	  0,00505821	-143,7
     32,6212	  0,00485555	-145,2	  0,00500089	-145,3
     32,6237	  0,00481787	-146,1	    0,004934	-145,2
     32,6261	  0,00486495	-145,0	   0,0049716	-144,9
     32,6285	  0,00476339	-146,4	  0,00484153	-145,2
      32,631	  0,00485461	-145,6	  0,00498088	-144,9
     32,6334	  0,00481709	-146,5	  0,00488652	-145,2
     32,6359	   0,0048717	-145,1	  0,00488731	-144,6
     32,6383	  0,00480961	-146,5	  0,00481389	-146,6
     32,6408	  0,00472899	-146,9	  0,00489167	-144,6
     32,6432	  0,00472728	-146,8	  0,00497194	-146,5
     32,6456	  0,00487221	-146,3	  0,00490456	-144,7
     32,6481	  0,00474427	-145,6	  0,00479628	-147,0
     32,6505	  0,00479026	-147,2	  0,00486222	-145,4
      32,653	  0,00478234	-146,4	  0,00481484	-145,5
     32,6554	  0,00478207	-147,8	  0,00481329	-145,5
     32,6579	  0,00477598	-145,9	   0,0047655	-146,1
     32,6603	  0,00458003	-147,1	  0,00479127	-146,5
     32,6628	  0,00480385	-146,5	  0,00483464	-145,3
     32,6652	   0,0047058	-146,4	  0,00484078	-147,4
     32,6676	  0,00457153	-147,7	  0,00475833	-145,8
     32,6701	  0,00477154	-147,5	   0,0047354	-147,1
     32,6725	  0,00459188	-149,1	  0,00482302	-146,8
      32,675	  0,00458395	-147,6	  0,00457411	-147,5
     32,6774	  0,00453051	-147,7	  0,00475234	-146,0
     32,6799	  0,00466528	-148,2	  0,00462315	-147,2
     32,6823	  0,00459765	-148,1	  0,00467898	-146,1
     32,6847	  0,00452286	-147,9	  0,00463052	-148,7
     32,6872	  0,00466464	-147,3	  0,00452939	-147,2
     32,6896	  0,00445554	-148,7	  0,00471491	-147,4
     32,6921	  0,00460334	-147,5	  0,00451732	-147,8
     32,6945	  0,00454995	-149,3	  0,00461119	-146,8
      32,697	  0,00457948	-148,1	  0,00448439	-148,0
     32,6994	  0,00449014	-148,6	  0,00456509	-147,9
     32,7019	  0,00451909	-148,3	  0,00442937	-148,4
     32,7043	  0,00444858	-149,5	  0,00454609	-147,3
     32,7067	  0,00456137	-149,0	  0,00453101	-149,1
     32,7092	  0,00448723	-149,2	  0,00447032	-148,7
     32,7116	  0,00454322	-148,8	  0,00448331	-148,6
     32,7141	  0,00446859	-148,8	  0,00441942	-149,0
     32,7165	  0,00445825	-149,8	  0,00451342	-147,8
      32,719	    0,004432	-150,3	   0,0044443	-149,2
     32,7214	  0,00437393	-150,6	  0,00446564	-148,4
     32,7239	  0,00439615	-149,5	  0,00451079	-148,9
     32,7263	    0,004411	-149,2	  0,00448893	-148,8
     32,7287	  0,00430254	-150,1	  0,00443757	-149,6
     32,7312	  0,00436438	-150,1	  0,00447119	-149,7
     32,7336	   0,0042748	-150,8	  0,00442864	-150,4
     32,7361	  0,00432257	-148,8	  0,00439762	-148,9
     32,7385	  0,00441591	-149,5	  0,00442263	-150,0
      32,741	  0,00431661	-150,7	  0,00434794	-149,9
     32,7434	  0,00433163	-150,8	  0,00444537	-149,5
     32,7458	  0,00442252	-150,2	  0,00446423	-149,4
     32,7483	  0,00426357	-150,5	  0,00435808	-150,4
     32,7507	  0,00432145	-149,8	  0,00431244	-148,9
     32,7532	  0,00426716	-151,6	  0,00436464	-151,9
     32,7556	  0,00427208	-150,6	  0,00432852	-149,9
     32,7581	   0,0043212	-152,1	   0,0042564	-150,0
     32,7605	  0,00426308	-149,9	  0,00428753	-150,2
      32,763	  0,00433743	-151,0	   0,0044175	-149,0
     32,7654	  0,00418885	-152,0	  0,00424056	-150,7
     32,7678	  0,00426711	-150,8	   0,0043552	-150,9
     32,7703	  0,00428796	-150,4	  0,00428335	-150,1
     32,7727	  0,00428654	-150,6	  0,00431453	-151,4
     32,7752	  0,00425131	-151,5	  0,00420019	-150,5
     32,7776	  0,00422441	-149,8	  0,00428652	-150,3
     32,7801	   0,0042481	-152,1	  0,00427586	-149,5
     32,7825	  0,00417686	-151,2	  0,00430101	-149,3
     32,7849	  0,00425072	-152,0	  0,00427179	-151,6
     32,7874	   0,0042536	-151,4	  0,00424275	-151,0
     32,7898	  0,00411924	-152,6	  0,00432784	-150,5
     32,7923	  0,00429564	-150,5	  0,00416688	-151,9
     32,7947	  0,00418631	-152,1	   0,0043428	-150,5
     32,7972	  0,00413561	-152,1	  0,00416631	-150,9
     32,7996	  0,00412935	-153,2	  0,00429596	-152,2
     32,8021	  0,00407331	-152,6	  0,00422564	-151,6
     32,8045	  0,00412053	-153,5	  0,00423799	-151,0
     32,8069	  0,00417103	-152,6	  0,00422975	-152,1
     32,8094	  0,00413408	-152,9	  0,00419703	-151,0
     32,8118	  0,00417571	-151,9	  0,00420117	-152,2
     32,8143	  0,00431696	-152,0	  0,00417531	-151,0
     32,8167	  0,00413494	-151,8	  0,00410031	-151,8
     32,8192	  0,00410111	-150,9	  0,00415516	-152,7
     32,8216	  0,00422474	-151,5	  0,00417833	-150,3
      32,824	  0,00408091	-152,7	  0,00410936	-152,4
     32,8265	  0,00423558	-151,4	  0,00417529	-153,0
     32,8289	  0,00399544	-152,7	  0,00416609	-151,3
     32,8314	  0,00405176	-151,6	  0,00415476	-152,2
     32,8338	  0,00412892	-152,3	   0,0041437	-152,7
     32,8363	  0,00409696	-152,8	  0,00412744	-152,2
     32,8387	   0,0040729	-153,5	  0,00412513	-152,0
     32,8412	  0,00405324	-152,7	  0,00415376	-153,0
     32,8436	   0,0041815	-152,3	  0,00410724	-152,6
      32,846	   0,0040435	-152,1	  0,00405746	-153,5
     32,8485	  0,00409589	-151,0	  0,00422014	-152,6
     32,8509	  0,00409381	-154,1	   0,0041107	-152,9
     32,8534	  0,00403266	-153,0	  0,00413292	-152,4
     32,8558	  0,00410899	-153,5	  0,00411631	-151,3
     32,8583	  0,00393081	-154,2	  0,00403915	-153,5
     32,8607	  0,00411052	-153,6	  0,00419277	-152,6
     32,8631	   0,0041131	-154,1	  0,00404091	-153,0
     32,8656	  0,00400368	-154,4	  0,00405797	-154,3
      32,868	  0,00409411	-153,1	  0,00407989	-154,0
     32,8705	  0,00407078	-153,6	  0,00408768	-153,0
     32,8729	   0,0040012	-153,6	  0,00401831	-153,9
     32,8754	  0,00398582	-155,3	  0,00401667	-153,0
     32,8778	  0,00397263	-154,1	  0,00413902	-153,9
     32,8803	  0,00404939	-154,0	  0,00406365	-152,7
     32,8827	  0,00388213	-155,6	  0,00405794	-153,0
     32,8851	  0,00404496	-153,3	  0,00400792	-154,6
     32,8876	  0,00413437	-154,0	  0,00395397	-154,0
       32,89	  0,00401165	-154,4	  0,00407446	-154,2
     32,8925	  0,00403849	-153,5	  0,00404678	-153,6
     32,8949	  0,00400804	-153,4	  0,00395134	-154,1
     32,8974	  0,00394781	-154,2	   0,0040739	-154,0
     32,8998	  0,00400626	-154,8	  0,00395214	-152,6
     32,9022	  0,00395699	-152,2	  0,00401551	-155,0
     32,9047	  0,00405135	-154,0	  0,00408658	-153,4
     32,9071	  0,00387416	-155,3	   0,0039948	-153,8
     32,9096	  0,00402509	-152,8	  0,00402296	-154,4
      32,912	  0,00400951	-154,4	  0,00407699	-153,1
     32,9145	   0,0038563	-154,8	  0,00400827	-153,5
     32,9169	  0,00397351	-154,4	  0,00404944	-154,0
     32,9194	  0,00390748	-154,0	  0,00402484	-153,8
     32,9218	  0,00406625	-153,4	  0,00396418	-154,0
     32,9242	  0,00397815	-156,1	  0,00404172	-154,4
     32,9267	  0,00391389	-153,9	  0,00390796	-156,1
     32,9291	  0,00405024	-153,5	  0,00401907	-154,7
     32,9316	  0,00391961	-154,9	  0,00391965	-154,6
      32,934	  0,00399478	-153,1	   0,0040058	-153,8
     32,9365	  0,00390811	-155,6	   0,0039104	-154,0
     32,9389	  0,00394545	-153,8	  0,00396367	-156,0
     32,9413	  0,00400233	-154,6	  0,00402817	-153,7
     32,9438	  0,00390067	-154,7	  0,00388723	-154,2
     32,9462	  0,00399769	-153,2	  0,00395638	-154,6
     32,9487	  0,00396628	-155,6	  0,00392472	-153,5
     32,9511	  0,00379192	-153,7	  0,00390851	-153,8
     32,9536	  0,00395608	-153,5	  0,00394573	-154,2
      32,956	  0,00392022	-155,2	  0,00395579	-154,2
     32,9585	  0,00388691	-154,1	  0,00392495	-156,0
     32,9609	    0,003932	-154,5	  0,00397343	-155,3
     32,9633	  0,00389469	-154,6	  0,00393222	-153,7
     32,9658	  0,00392175	-153,6	  0,00398526	-155,4
     32,9682	  0,00396556	-154,3	  0,00389294	-154,1
     32,9707	  0,00383904	-156,3	  0,00384827	-155,2
     32,9731	  0,00384906	-154,0	  0,00393315	-156,3
     32,9756	  0,00392538	-155,0	  0,00388725	-154,5
      32,978	  0,00388635	-155,3	   0,0038861	-155,4
     32,9804	  0,00383859	-154,4	  0,00391677	-154,6
     32,9829	  0,00389272	-154,2	  0,00385875	-155,1
     32,9853	  0,00386203	-155,1	  0,00383995	-155,4
     32,9878	   0,0038849	-155,1	  0,00388285	-155,8
     32,9902	  0,00389063	-154,2	  0,00387187	-154,6
     32,9927	   0,0038825	-155,2	  0,00382029	-155,3
     32,9951	  0,00387101	-156,4	  0,00386333	-155,0
     32,9976	  0,00387591	-155,5	  0,00389486	-153,6
          33	  0,00387626	-155,0	  0,00369013	-155,7

