X-Data [Hz]	Laser (M - Filtered) [m/s]	Phase [Deg]	Laser (M - Filtered) [m/s]	Phase [Deg]	
	002: [06-17-24 18:51]		003: [06-17-24 19:01]	
          21	  0,00897901	81,2	   0,0101308	80,2
     21,0029	  0,00972675	81,1	   0,0101465	79,5
     21,0059	   0,0101848	80,0	   0,0101487	79,6
     21,0088	   0,0102918	80,8	   0,0101261	79,8
     21,0117	   0,0104005	79,9	   0,0101244	80,2
     21,0147	   0,0104124	80,8	   0,0100919	80,2
     21,0176	   0,0104164	79,4	   0,0101236	79,0
     21,0205	   0,0105568	79,8	   0,0101904	80,2
     21,0235	   0,0105387	78,8	   0,0102398	80,1
     21,0264	   0,0105736	80,0	    0,010183	79,0
     21,0293	   0,0105675	79,2	   0,0101885	79,9
     21,0323	   0,0105528	79,8	   0,0101796	79,6
     21,0352	   0,0105694	79,5	   0,0102131	79,8
     21,0381	   0,0105022	79,8	   0,0101915	79,8
     21,0411	   0,0105372	79,2	   0,0102482	80,1
      21,044	   0,0105759	79,8	   0,0102563	79,3
     21,0469	   0,0105369	79,5	   0,0102836	79,6
     21,0499	    0,010545	80,0	   0,0102863	78,8
     21,0528	   0,0105572	79,9	    0,010277	80,1
     21,0557	   0,0105673	80,1	   0,0102457	79,8
     21,0587	   0,0105888	79,3	   0,0102459	79,8
     21,0616	   0,0105357	80,1	   0,0102177	79,7
     21,0645	   0,0106094	79,5	   0,0102571	80,3
     21,0674	   0,0105951	79,7	   0,0102551	80,4
     21,0704	   0,0105901	79,7	   0,0102416	79,2
     21,0733	    0,010605	80,2	   0,0102564	79,8
     21,0762	   0,0106292	79,8	   0,0102817	79,5
     21,0792	   0,0106274	79,4	   0,0102802	79,6
     21,0821	   0,0106209	80,1	   0,0103027	79,1
      21,085	   0,0106313	79,5	   0,0103412	80,0
      21,088	   0,0106258	79,8	   0,0103349	80,1
     21,0909	   0,0106754	79,5	   0,0103601	79,5
     21,0938	   0,0106433	80,1	   0,0103602	80,1
     21,0968	   0,0106369	79,6	   0,0103924	79,7
     21,0997	   0,0106679	80,1	   0,0103748	80,0
     21,1026	   0,0107432	79,5	   0,0103754	79,7
     21,1056	   0,0107418	80,3	    0,010399	79,4
     21,1085	   0,0107821	79,6	   0,0104094	79,9
     21,1114	   0,0107859	79,8	   0,0103993	79,5
     21,1144	   0,0107625	80,1	   0,0104375	79,7
     21,1173	   0,0107481	79,7	   0,0104458	79,9
     21,1202	   0,0107723	79,8	   0,0104531	79,0
     21,1232	    0,010743	80,5	   0,0104489	79,7
     21,1261	   0,0107162	79,9	   0,0104116	79,6
      21,129	   0,0107511	80,0	   0,0104314	79,3
      21,132	   0,0107836	79,4	   0,0104512	80,3
     21,1349	   0,0107557	79,7	    0,010431	79,6
     21,1378	   0,0107638	80,3	   0,0104691	79,5
     21,1408	   0,0107746	79,9	   0,0104808	79,4
     21,1437	   0,0107949	79,8	   0,0104948	79,5
     21,1466	   0,0108201	79,9	   0,0104994	79,8
     21,1496	   0,0108611	80,0	   0,0105192	79,5
     21,1525	   0,0108582	79,4	   0,0105347	79,9
     21,1554	    0,010912	79,7	   0,0105329	79,9
     21,1584	   0,0108823	79,1	   0,0105361	80,2
     21,1613	   0,0109186	79,7	   0,0105308	80,0
     21,1642	   0,0108909	80,9	   0,0105721	79,5
     21,1672	   0,0109103	79,6	   0,0105388	80,3
     21,1701	   0,0109093	80,1	   0,0105597	79,8
      21,173	   0,0109011	79,8	   0,0105394	79,9
      21,176	   0,0108788	80,1	   0,0105509	80,2
     21,1789	   0,0108941	80,1	   0,0105763	79,4
     21,1818	   0,0109048	79,7	   0,0106132	79,7
     21,1848	   0,0109284	79,5	   0,0106109	79,6
     21,1877	   0,0110097	79,8	   0,0106121	79,7
     21,1906	    0,011025	79,5	   0,0106013	80,5
     21,1935	   0,0110105	79,4	   0,0105834	79,0
     21,1965	   0,0110255	80,0	   0,0105934	80,1
     21,1994	   0,0110303	79,5	   0,0106045	79,8
     21,2023	   0,0110316	79,7	    0,010611	79,6
     21,2053	   0,0110162	80,6	   0,0105995	80,4
     21,2082	    0,011032	79,1	   0,0106377	79,4
     21,2111	   0,0111259	79,8	    0,010664	80,2
     21,2141	   0,0111643	79,8	   0,0106464	79,9
      21,217	   0,0111326	80,6	   0,0106561	79,8
     21,2199	   0,0110663	80,2	   0,0107105	80,1
     21,2229	   0,0110026	79,5	   0,0107271	79,6
     21,2258	   0,0110602	80,1	   0,0107311	79,3
     21,2287	   0,0110752	79,6	   0,0107119	79,6
     21,2317	   0,0111203	79,4	   0,0107044	80,0
     21,2346	    0,011139	80,6	   0,0107154	79,8
     21,2375	   0,0111061	79,6	   0,0107322	80,2
     21,2405	   0,0111354	79,9	   0,0106982	79,4
     21,2434	   0,0111685	80,2	   0,0107594	79,3
     21,2463	   0,0111779	79,4	   0,0107653	79,8
     21,2493	    0,011163	79,7	   0,0107706	79,7
     21,2522	   0,0111859	80,0	    0,010799	79,8
     21,2551	   0,0112218	79,9	   0,0107738	80,0
     21,2581	   0,0112431	79,3	   0,0108256	79,7
      21,261	   0,0112444	79,6	   0,0108588	79,8
     21,2639	     0,01123	80,4	   0,0108197	79,3
     21,2669	   0,0112099	79,6	   0,0108679	79,9
     21,2698	   0,0112389	79,6	   0,0108577	80,3
     21,2727	   0,0112944	79,6	   0,0108694	79,2
     21,2757	   0,0112895	79,6	   0,0108969	79,6
     21,2786	   0,0113066	79,4	   0,0109172	79,6
     21,2815	   0,0113885	80,1	   0,0108775	79,6
     21,2845	   0,0113654	80,2	   0,0108976	79,4
     21,2874	   0,0112544	80,0	   0,0108836	80,3
     21,2903	   0,0112952	79,9	   0,0109286	80,0
     21,2933	   0,0113597	80,2	   0,0109675	79,9
     21,2962	   0,0114289	80,0	   0,0109857	80,3
     21,2991	   0,0113777	79,9	   0,0109703	79,4
     21,3021	   0,0113467	79,9	   0,0109728	78,9
      21,305	   0,0113723	80,4	   0,0109322	79,4
     21,3079	   0,0114044	79,9	   0,0109544	80,0
     21,3109	   0,0114235	79,6	   0,0109405	79,4
     21,3138	   0,0114597	80,2	   0,0109631	80,0
     21,3167	   0,0114354	80,2	   0,0109877	80,1
     21,3196	   0,0114256	80,0	   0,0110393	80,0
     21,3226	   0,0114408	79,0	   0,0110538	79,8
     21,3255	   0,0114972	79,6	   0,0110551	80,1
     21,3284	   0,0115463	80,2	   0,0110959	80,6
     21,3314	    0,011442	79,8	   0,0110718	79,4
     21,3343	   0,0114745	80,0	    0,011086	79,2
     21,3372	   0,0115201	79,7	   0,0110957	79,3
     21,3402	   0,0115835	79,9	   0,0110894	80,0
     21,3431	   0,0115587	79,8	   0,0110831	79,7
      21,346	   0,0116074	80,0	   0,0110939	79,6
      21,349	    0,011581	80,4	   0,0111046	79,8
     21,3519	   0,0115179	80,0	   0,0111207	80,0
     21,3548	   0,0115793	79,9	   0,0111347	79,7
     21,3578	   0,0115954	79,8	   0,0111698	79,9
     21,3607	   0,0116559	79,7	   0,0112198	80,4
     21,3636	   0,0116524	79,6	   0,0112129	79,6
     21,3666	   0,0115951	80,1	    0,011234	79,5
     21,3695	   0,0116775	80,1	   0,0112197	79,2
     21,3724	   0,0116304	79,7	   0,0112152	79,8
     21,3754	   0,0117371	79,5	   0,0112574	79,4
     21,3783	   0,0117479	80,1	   0,0112055	79,0
     21,3812	   0,0117156	80,2	   0,0112598	79,9
     21,3842	   0,0116647	79,7	   0,0112648	79,9
     21,3871	   0,0117073	79,8	   0,0112849	79,7
       21,39	    0,011779	80,1	    0,011341	79,4
      21,393	   0,0117912	80,1	   0,0113058	79,8
     21,3959	   0,0117987	79,8	   0,0112648	80,1
     21,3988	   0,0117923	79,8	   0,0112621	79,8
     21,4018	   0,0118048	80,2	   0,0113035	79,7
     21,4047	   0,0118083	80,0	   0,0113498	79,9
     21,4076	   0,0118464	79,7	   0,0113745	80,3
     21,4106	   0,0118781	79,9	   0,0113619	80,1
     21,4135	   0,0118478	80,1	   0,0113503	79,6
     21,4164	   0,0118394	80,5	   0,0113946	79,5
     21,4194	   0,0118623	80,0	   0,0114417	79,6
     21,4223	   0,0119513	79,5	    0,011436	80,0
     21,4252	   0,0119473	79,9	   0,0113814	79,9
     21,4282	   0,0119034	80,6	   0,0113601	79,4
     21,4311	   0,0118831	80,1	   0,0114343	79,8
      21,434	    0,011937	79,3	     0,01147	79,8
      21,437	   0,0120409	79,2	   0,0114683	80,2
     21,4399	   0,0119756	80,2	   0,0114689	80,3
     21,4428	   0,0119495	81,0	   0,0115106	79,9
     21,4457	   0,0119345	80,3	   0,0114985	79,4
     21,4487	   0,0120464	79,8	   0,0114797	79,7
     21,4516	   0,0121024	79,6	   0,0114777	80,3
     21,4545	   0,0120365	80,2	   0,0114953	79,9
     21,4575	   0,0120468	80,1	   0,0115686	80,2
     21,4604	   0,0120879	79,7	   0,0115978	79,7
     21,4633	   0,0120947	79,9	   0,0116086	79,9
     21,4663	   0,0121065	80,0	   0,0116045	79,8
     21,4692	   0,0121727	79,6	    0,011584	79,9
     21,4721	   0,0121855	79,9	   0,0115676	79,6
     21,4751	   0,0120927	80,1	   0,0116431	79,9
      21,478	   0,0121665	80,2	   0,0116667	80,2
     21,4809	   0,0122424	80,2	   0,0116558	79,8
     21,4839	   0,0121917	80,1	   0,0116731	80,1
     21,4868	   0,0122001	80,1	   0,0116745	79,8
     21,4897	   0,0122577	80,2	   0,0117216	79,6
     21,4927	   0,0123229	80,1	   0,0117342	79,4
     21,4956	    0,012307	80,5	    0,011654	79,7
     21,4985	   0,0122351	80,0	    0,011707	80,2
     21,5015	   0,0122959	79,8	   0,0117282	79,7
     21,5044	   0,0123071	79,9	   0,0118317	79,5
     21,5073	   0,0123377	80,1	   0,0117595	79,5
     21,5103	   0,0123972	80,1	   0,0117553	80,0
     21,5132	   0,0124109	80,3	    0,011846	80,2
     21,5161	   0,0123685	79,7	    0,011859	79,8
     21,5191	   0,0123667	79,6	   0,0117988	79,3
      21,522	   0,0124236	79,8	   0,0118271	79,8
     21,5249	   0,0124517	80,1	   0,0118901	79,9
     21,5279	   0,0124898	80,2	   0,0118729	79,9
     21,5308	   0,0124883	80,5	   0,0118951	80,2
     21,5337	   0,0124672	79,9	   0,0118912	80,6
     21,5367	   0,0125032	79,6	   0,0118834	80,3
     21,5396	   0,0125144	80,4	   0,0119066	80,0
     21,5425	   0,0124899	80,4	   0,0119118	79,8
     21,5455	   0,0125901	79,8	   0,0119583	79,2
     21,5484	   0,0125402	79,8	   0,0119715	79,0
     21,5513	   0,0125832	79,6	    0,011966	79,7
     21,5543	   0,0126123	79,8	   0,0120055	80,0
     21,5572	   0,0126124	80,5	   0,0120205	80,2
     21,5601	   0,0126598	80,0	    0,012048	80,2
      21,563	   0,0126676	79,9	   0,0120474	79,6
      21,566	   0,0126817	80,0	   0,0120851	79,4
     21,5689	   0,0127046	80,1	   0,0120287	79,8
     21,5718	   0,0126828	80,2	    0,012094	80,0
     21,5748	   0,0127604	80,2	   0,0120857	79,7
     21,5777	   0,0127288	80,5	   0,0121307	79,9
     21,5806	   0,0127491	80,4	   0,0121323	80,0
     21,5836	   0,0128102	79,9	   0,0121227	79,8
     21,5865	   0,0128157	80,3	   0,0121728	79,9
     21,5894	   0,0127655	80,2	   0,0122268	79,8
     21,5924	   0,0128463	80,7	   0,0121292	80,6
     21,5953	   0,0128912	80,3	   0,0122416	80,7
     21,5982	   0,0128266	80,3	   0,0122843	79,8
     21,6012	   0,0129045	80,1	     0,01225	79,5
     21,6041	   0,0129023	79,9	   0,0122226	80,2
      21,607	   0,0128982	80,5	   0,0122865	80,2
       21,61	   0,0129607	80,2	   0,0123593	79,8
     21,6129	   0,0129881	80,5	   0,0123203	80,2
     21,6158	   0,0129778	80,1	   0,0123035	80,1
     21,6188	   0,0130129	80,0	   0,0123649	80,5
     21,6217	   0,0130118	79,8	   0,0123732	79,8
     21,6246	   0,0130828	79,5	   0,0123993	80,4
     21,6276	   0,0130421	80,2	   0,0123894	80,1
     21,6305	   0,0131387	79,6	   0,0123511	79,9
     21,6334	     0,01314	80,1	    0,012449	79,6
     21,6364	   0,0130588	79,6	   0,0123989	79,8
     21,6393	   0,0132035	80,0	   0,0124559	80,2
     21,6422	   0,0131565	80,6	   0,0124592	79,9
     21,6452	   0,0131893	79,9	   0,0125161	79,6
     21,6481	   0,0132565	80,6	    0,012495	79,8
      21,651	   0,0131972	80,6	   0,0125331	79,9
      21,654	   0,0132798	80,8	   0,0124971	80,4
     21,6569	   0,0132825	80,4	   0,0125921	80,3
     21,6598	   0,0132685	80,1	   0,0126239	79,7
     21,6628	   0,0133719	80,6	   0,0125074	79,9
     21,6657	    0,013353	80,8	    0,012647	80,4
     21,6686	   0,0133379	80,6	   0,0126439	80,5
     21,6716	   0,0133851	80,2	   0,0126554	80,4
     21,6745	   0,0133996	80,5	   0,0126776	80,4
     21,6774	   0,0134064	80,5	   0,0126917	80,2
     21,6804	   0,0134779	80,6	   0,0127096	80,3
     21,6833	   0,0134309	80,5	   0,0127414	80,0
     21,6862	   0,0135294	80,0	   0,0127308	80,0
     21,6891	     0,01354	80,2	   0,0127877	79,9
     21,6921	   0,0135462	80,0	   0,0128096	79,7
      21,695	   0,0136012	80,5	   0,0127878	79,6
     21,6979	   0,0135734	80,4	   0,0127645	80,2
     21,7009	   0,0136102	80,3	   0,0128753	80,8
     21,7038	   0,0136615	80,6	   0,0128536	80,4
     21,7067	   0,0136585	80,6	   0,0128674	80,3
     21,7097	   0,0137058	80,4	   0,0129176	80,2
     21,7126	   0,0136834	80,5	   0,0128578	80,3
     21,7155	   0,0137811	80,3	   0,0129798	80,3
     21,7185	   0,0136855	80,2	   0,0129409	80,5
     21,7214	   0,0138203	80,1	   0,0129635	80,4
     21,7243	   0,0137768	80,2	   0,0129835	80,4
     21,7273	   0,0138519	80,0	     0,01301	80,8
     21,7302	   0,0138668	80,8	   0,0130492	80,1
     21,7331	   0,0138564	80,1	   0,0130063	80,9
     21,7361	    0,013925	80,2	    0,013105	80,7
      21,739	   0,0138964	80,4	   0,0131243	80,1
     21,7419	   0,0139751	80,4	   0,0130524	80,3
     21,7449	    0,013985	80,9	   0,0131379	80,4
     21,7478	   0,0140201	80,7	   0,0131825	80,5
     21,7507	   0,0140863	80,2	   0,0131429	80,6
     21,7537	   0,0140328	80,3	    0,013223	80,4
     21,7566	    0,014117	80,8	   0,0132815	80,1
     21,7595	   0,0140861	80,6	   0,0132091	79,7
     21,7625	   0,0141898	80,4	   0,0132678	80,6
     21,7654	   0,0141237	81,0	   0,0132863	79,9
     21,7683	   0,0142444	81,0	   0,0132898	79,9
     21,7713	   0,0141816	80,9	    0,013303	80,2
     21,7742	   0,0142683	80,6	   0,0133844	79,7
     21,7771	   0,0143286	81,1	   0,0133385	79,4
     21,7801	   0,0142344	80,4	   0,0133943	80,1
      21,783	   0,0143712	80,7	   0,0134271	79,6
     21,7859	   0,0143334	81,1	   0,0133421	80,3
     21,7889	   0,0144066	80,8	   0,0134849	80,2
     21,7918	   0,0144548	80,8	   0,0134916	80,3
     21,7947	   0,0144456	80,8	   0,0134932	80,4
     21,7977	   0,0144818	80,7	   0,0135391	80,5
     21,8006	   0,0144808	81,2	   0,0135541	80,4
     21,8035	   0,0145665	81,2	    0,013573	80,6
     21,8065	   0,0145495	80,8	   0,0135718	80,5
     21,8094	   0,0146103	80,6	   0,0136214	80,8
     21,8123	   0,0146194	81,0	   0,0136687	80,2
     21,8152	   0,0146508	80,9	   0,0136324	80,3
     21,8182	   0,0146701	81,4	   0,0137083	81,0
     21,8211	   0,0147321	80,8	   0,0137348	80,3
      21,824	   0,0148101	81,2	   0,0137664	80,6
      21,827	   0,0147629	80,9	   0,0137737	80,7
     21,8299	   0,0148389	80,6	   0,0138326	80,4
     21,8328	   0,0148198	81,4	   0,0138271	80,5
     21,8358	   0,0148987	81,0	   0,0138637	80,6
     21,8387	   0,0149106	81,1	   0,0138738	80,0
     21,8416	   0,0149064	80,5	    0,013931	80,4
     21,8446	   0,0150019	80,9	   0,0139342	80,4
     21,8475	    0,014972	80,9	   0,0139303	80,3
     21,8504	   0,0150162	81,1	   0,0139952	80,6
     21,8534	   0,0150773	81,1	   0,0139928	80,1
     21,8563	   0,0150964	80,7	   0,0140463	79,7
     21,8592	   0,0151731	80,7	   0,0140485	79,9
     21,8622	   0,0151431	80,9	   0,0140862	80,3
     21,8651	    0,015162	80,9	    0,014096	80,1
      21,868	   0,0152719	80,4	   0,0141586	80,0
      21,871	   0,0152653	81,0	   0,0141383	80,1
     21,8739	   0,0153474	80,6	   0,0142265	80,3
     21,8768	    0,015317	80,9	   0,0141844	80,5
     21,8798	   0,0153983	80,5	    0,014276	80,8
     21,8827	   0,0154174	80,8	   0,0142025	80,3
     21,8856	   0,0154421	80,8	   0,0143219	80,6
     21,8886	   0,0154976	80,8	   0,0143135	80,4
     21,8915	   0,0154993	80,9	   0,0143469	80,3
     21,8944	   0,0155588	80,7	   0,0143816	80,6
     21,8974	   0,0155638	81,1	   0,0144073	80,1
     21,9003	   0,0156889	81,0	   0,0144217	79,9
     21,9032	   0,0156338	81,0	   0,0144871	80,3
     21,9062	   0,0157042	81,7	   0,0144858	80,1
     21,9091	   0,0157795	81,2	   0,0145037	80,6
      21,912	   0,0158149	81,1	   0,0146296	80,2
      21,915	    0,015868	81,2	    0,014548	80,9
     21,9179	    0,015833	81,2	   0,0146657	80,7
     21,9208	   0,0159097	80,8	   0,0145992	80,8
     21,9238	   0,0159272	80,9	   0,0147218	81,0
     21,9267	   0,0159848	81,3	   0,0147166	80,7
     21,9296	   0,0160473	81,0	   0,0147387	81,0
     21,9326	   0,0160726	81,2	   0,0148076	80,3
     21,9355	   0,0161719	81,6	   0,0148301	80,6
     21,9384	   0,0161395	81,5	   0,0148721	80,2
     21,9413	   0,0162057	81,1	   0,0148328	80,5
     21,9443	   0,0162367	81,1	   0,0149255	80,4
     21,9472	   0,0163159	81,2	   0,0149173	81,0
     21,9501	   0,0163476	80,7	     0,01501	80,8
     21,9531	   0,0163668	81,3	   0,0149778	81,1
      21,956	   0,0165036	81,1	   0,0151195	80,7
     21,9589	   0,0164431	81,4	    0,015063	80,9
     21,9619	   0,0165696	81,6	   0,0151443	80,4
     21,9648	   0,0164882	81,6	   0,0150887	80,6
     21,9677	   0,0166358	81,8	   0,0152156	80,3
     21,9707	    0,016631	81,7	   0,0152179	80,8
     21,9736	   0,0167483	81,8	   0,0152825	80,5
     21,9765	    0,016705	81,4	   0,0152786	80,5
     21,9795	    0,016802	81,3	   0,0153546	80,4
     21,9824	   0,0168863	81,2	    0,015362	80,7
     21,9853	   0,0168759	81,7	   0,0154013	80,4
     21,9883	   0,0169986	81,7	   0,0154185	80,9
     21,9912	   0,0169747	81,8	    0,015544	80,5
     21,9941	   0,0170802	82,0	   0,0154838	81,3
     21,9971	   0,0170929	81,5	   0,0155929	81,0
          22	     0,01714	81,9	   0,0155932	80,9
     22,0029	   0,0172303	81,7	   0,0156748	81,1
     22,0059	    0,017248	81,2	   0,0156711	80,6
     22,0088	   0,0173145	82,0	   0,0157279	80,8
     22,0117	   0,0173855	81,9	   0,0157415	81,0
     22,0147	   0,0174409	82,1	   0,0157973	80,4
     22,0176	   0,0175046	82,0	   0,0158079	80,8
     22,0205	   0,0175605	81,7	   0,0158825	81,1
     22,0235	   0,0176315	82,2	   0,0159629	81,4
     22,0264	    0,017656	81,8	   0,0158728	81,2
     22,0293	   0,0177039	82,0	    0,016067	81,1
     22,0323	    0,017786	82,5	   0,0159685	81,7
     22,0352	   0,0178453	82,2	   0,0161113	81,2
     22,0381	   0,0178898	81,9	   0,0161188	81,1
     22,0411	   0,0179883	81,8	   0,0161939	80,6
      22,044	   0,0179973	81,9	   0,0162428	81,3
     22,0469	   0,0180622	82,4	    0,016214	81,1
     22,0499	   0,0182082	82,1	   0,0163427	81,3
     22,0528	   0,0181565	82,6	   0,0163148	81,7
     22,0557	   0,0182653	82,5	     0,01641	80,7
     22,0587	   0,0183713	82,1	   0,0164438	81,1
     22,0616	   0,0183712	82,3	   0,0164721	80,8
     22,0645	   0,0184971	82,2	    0,016565	81,3
     22,0674	    0,018546	82,0	   0,0165935	81,2
     22,0704	   0,0186397	82,5	   0,0166027	81,6
     22,0733	   0,0187182	82,6	   0,0167058	81,3
     22,0762	   0,0187244	82,4	   0,0166675	81,2
     22,0792	   0,0187875	82,8	   0,0168238	80,7
     22,0821	     0,01891	82,5	   0,0168528	81,4
      22,085	   0,0190025	81,7	   0,0168734	81,8
      22,088	   0,0190082	82,8	   0,0169462	81,3
     22,0909	   0,0191338	82,6	   0,0169654	81,6
     22,0938	    0,019209	83,1	     0,01704	81,4
     22,0968	   0,0192725	83,1	   0,0171055	81,5
     22,0997	   0,0193898	82,8	   0,0171749	81,5
     22,1026	   0,0194352	82,3	   0,0171256	82,1
     22,1056	   0,0195001	82,7	   0,0172509	81,4
     22,1085	   0,0196074	83,7	   0,0172997	81,8
     22,1114	   0,0196771	83,1	   0,0172959	81,3
     22,1144	   0,0197712	82,7	   0,0174344	81,8
     22,1173	   0,0198768	83,0	   0,0174326	81,9
     22,1202	   0,0199307	82,9	   0,0175725	81,7
     22,1232	   0,0200455	83,8	   0,0176208	81,6
     22,1261	   0,0201844	83,2	   0,0176504	81,5
      22,129	    0,020245	83,1	   0,0177219	82,0
      22,132	   0,0202715	83,1	   0,0177682	82,1
     22,1349	   0,0203927	83,3	   0,0178892	81,6
     22,1378	   0,0205624	84,0	   0,0179134	81,6
     22,1408	   0,0206145	83,5	   0,0179341	81,5
     22,1437	   0,0206795	83,5	    0,018029	82,6
     22,1466	   0,0207776	83,6	   0,0180862	82,0
     22,1496	   0,0209333	84,0	   0,0181518	81,9
     22,1525	   0,0209916	84,0	   0,0182443	81,7
     22,1554	   0,0211276	83,8	   0,0182814	82,0
     22,1584	   0,0212506	84,1	   0,0183802	82,2
     22,1613	   0,0213214	84,3	   0,0184258	82,1
     22,1642	   0,0214903	84,6	   0,0184438	82,2
     22,1672	   0,0215642	84,0	   0,0185654	82,1
     22,1701	   0,0217046	84,1	   0,0186773	82,5
      22,173	     0,02185	84,6	   0,0186888	82,2
      22,176	   0,0219401	84,6	   0,0187938	82,1
     22,1789	   0,0220165	84,8	   0,0188656	82,3
     22,1818	   0,0222331	85,4	   0,0189759	82,4
     22,1848	   0,0224122	84,3	   0,0190404	82,9
     22,1877	   0,0224668	84,8	   0,0191194	82,3
     22,1906	    0,022625	84,6	   0,0191901	82,3
     22,1935	   0,0227524	85,5	   0,0192366	82,7
     22,1965	   0,0229373	85,1	   0,0193848	82,9
     22,1994	   0,0230934	85,1	   0,0194475	82,6
     22,2023	   0,0232394	85,2	   0,0195289	82,6
     22,2053	     0,02337	85,5	   0,0195798	83,1
     22,2082	   0,0236044	85,8	   0,0197385	82,9
     22,2111	    0,023721	86,3	   0,0198373	82,8
     22,2141	   0,0239608	85,6	   0,0198545	82,7
      22,217	   0,0241159	85,8	   0,0200429	83,0
     22,2199	   0,0242569	86,4	    0,020204	83,1
     22,2229	   0,0245379	87,1	   0,0200649	83,5
     22,2258	   0,0246996	86,6	   0,0201158	82,5
     22,2287	   0,0249039	86,8	   0,0208671	83,2
     22,2317	   0,0251051	87,1	   0,0205959	85,2
     22,2346	   0,0252921	87,1	   0,0197612	82,4
     22,2375	   0,0255615	87,3	   0,0215207	80,8
     22,2405	   0,0258103	88,2	   0,0228065	85,6
     22,2434	   0,0260352	88,0	   0,0187114	90,1
     22,2463	   0,0262928	88,7	   0,0190561	74,3
     22,2493	   0,0265887	88,6	   0,0285905	75,7
     22,2522	   0,0269148	88,6	    0,037997	90,9
     22,2551	   0,0272504	89,1	   0,0434591	102,6
     22,2581	   0,0276213	89,9	   0,0469454	111,4
      22,261	   0,0280045	89,8	   0,0496797	118,7
     22,2639	   0,0284017	90,0	   0,0513134	125,2
     22,2669	   0,0287849	90,8	   0,0524906	129,1
     22,2698	   0,0291886	91,9	   0,0534875	133,1
     22,2727	   0,0297108	91,9	    0,054106	136,6
     22,2757	   0,0302188	92,7	   0,0547137	139,9
     22,2786	   0,0308961	93,9	   0,0550837	142,0
     22,2815	   0,0315975	95,1	   0,0553902	143,6
     22,2845	    0,032333	95,5	   0,0556415	146,5
     22,2874	   0,0333585	97,4	   0,0558252	148,3
     22,2903	   0,0343679	99,3	   0,0559354	150,1
     22,2933	   0,0355949	101,1	   0,0560264	151,2
     22,2962	     0,03723	104,6	   0,0560745	153,6
     22,2991	   0,0389731	108,6	   0,0560815	154,1
     22,3021	   0,0409601	113,1	   0,0560757	155,6
      22,305	   0,0436854	120,6	   0,0560832	156,9
     22,3079	   0,0462385	129,4	   0,0559943	158,6
     22,3109	   0,0487734	139,1	   0,0559338	159,4
     22,3138	    0,051063	150,8	   0,0559611	160,8
     22,3167	   0,0521771	159,3	   0,0558778	162,3
     22,3196	   0,0527891	166,3	   0,0557804	163,6
     22,3226	   0,0528568	170,0	    0,055659	163,6
     22,3255	   0,0527359	172,1	   0,0555627	165,4
     22,3284	   0,0525679	173,6	   0,0554311	166,0
     22,3314	   0,0524042	174,6	   0,0553179	166,8
     22,3343	   0,0523376	174,6	   0,0551744	167,9
     22,3372	   0,0522272	175,1	   0,0550292	169,3
     22,3402	   0,0521276	176,1	   0,0549589	169,1
     22,3431	   0,0520631	175,5	   0,0547774	170,8
      22,346	   0,0519483	176,6	   0,0546187	171,7
      22,349	   0,0518405	177,1	   0,0544969	172,2
     22,3519	   0,0517461	178,2	   0,0543813	173,0
     22,3548	   0,0515498	178,3	   0,0541836	174,2
     22,3578	   0,0514049	178,4	   0,0539986	174,4
     22,3607	   0,0513417	179,3	    0,053883	175,6
     22,3636	   0,0511461	179,8	   0,0537284	176,0
     22,3666	   0,0510118	180,3	   0,0535094	176,5
     22,3695	   0,0508818	181,2	   0,0534136	177,5
     22,3724	   0,0506794	180,9	   0,0532044	177,5
     22,3754	   0,0505905	181,8	    0,053019	178,9
     22,3783	   0,0504317	182,5	   0,0528663	179,4
     22,3812	   0,0502934	182,7	   0,0526488	180,4
     22,3842	   0,0501439	183,3	   0,0525455	180,3
     22,3871	   0,0499685	184,1	   0,0523929	181,4
       22,39	   0,0498607	184,2	   0,0522177	181,8
      22,393	   0,0497074	184,3	   0,0520568	182,5
     22,3959	   0,0495058	185,5	   0,0519108	182,8
     22,3988	   0,0493443	185,5	   0,0516407	183,2
     22,4018	   0,0491887	186,2	   0,0515317	184,6
     22,4047	   0,0490137	186,6	   0,0513435	185,0
     22,4076	   0,0489062	187,2	   0,0511733	185,2
     22,4106	   0,0487251	187,3	   0,0510245	185,7
     22,4135	   0,0485569	187,9	    0,050866	186,7
     22,4164	   0,0484295	188,4	   0,0506181	186,6
     22,4194	   0,0482407	188,6	   0,0504917	187,8
     22,4223	   0,0480762	189,1	   0,0502905	187,8
     22,4252	    0,047934	190,0	   0,0500983	188,5
     22,4282	   0,0477253	189,6	   0,0499952	188,9
     22,4311	    0,047504	190,8	   0,0498236	189,2
      22,434	   0,0474062	191,0	   0,0496204	189,4
      22,437	   0,0472079	191,1	   0,0494908	190,5
     22,4399	   0,0471206	191,9	   0,0492691	190,8
     22,4428	   0,0469718	191,9	   0,0491406	191,2
     22,4457	   0,0467842	192,6	   0,0489379	191,8
     22,4487	   0,0466189	192,9	   0,0487617	191,7
     22,4516	   0,0463672	193,1	   0,0485972	192,6
     22,4545	   0,0462804	193,9	   0,0484669	192,9
     22,4575	   0,0461682	193,7	   0,0482461	193,1
     22,4604	    0,045888	194,4	   0,0480892	193,8
     22,4633	   0,0458413	194,8	   0,0479096	194,0
     22,4663	    0,045677	194,9	   0,0477569	194,6
     22,4692	   0,0454772	195,6	   0,0476009	195,0
     22,4721	   0,0453501	195,9	   0,0474057	195,6
     22,4751	   0,0452149	196,1	   0,0472253	195,7
      22,478	   0,0450495	196,5	   0,0471355	196,2
     22,4809	    0,044825	197,1	   0,0469546	196,8
     22,4839	   0,0446752	197,5	   0,0467655	197,1
     22,4868	   0,0445388	197,9	   0,0466021	197,6
     22,4897	   0,0443435	197,5	    0,046393	197,6
     22,4927	   0,0442013	198,7	    0,046256	198,2
     22,4956	   0,0440487	198,7	   0,0460652	198,7
     22,4985	   0,0438736	199,2	    0,045954	198,6
     22,5015	   0,0437159	199,4	   0,0458021	199,2
     22,5044	   0,0435629	199,8	   0,0456145	199,4
     22,5073	   0,0434683	-159,8	   0,0454596	199,8
     22,5103	   0,0432788	-159,5	   0,0452632	-160,0
     22,5132	   0,0430799	-159,3	   0,0450886	-159,4
     22,5161	   0,0429608	-159,6	   0,0449798	-158,9
     22,5191	   0,0427631	-158,7	   0,0448125	-158,7
      22,522	   0,0426583	-158,0	   0,0446762	-158,6
     22,5249	   0,0424764	-158,1	   0,0445158	-158,1
     22,5279	   0,0423681	-156,9	   0,0443236	-157,2
     22,5308	   0,0422005	-157,6	   0,0441694	-157,3
     22,5337	   0,0419902	-156,7	   0,0439434	-157,1
     22,5367	   0,0418213	-156,4	    0,043827	-156,9
     22,5396	   0,0417024	-157,2	   0,0437081	-156,7
     22,5425	   0,0415343	-156,1	   0,0435507	-156,0
     22,5455	   0,0413031	-156,0	   0,0433626	-156,0
     22,5484	   0,0412145	-155,4	   0,0432285	-155,5
     22,5513	   0,0410539	-155,2	   0,0430496	-154,9
     22,5543	   0,0409587	-154,7	   0,0429087	-154,7
     22,5572	   0,0407497	-155,0	   0,0427422	-153,8
     22,5601	   0,0406215	-154,3	   0,0426032	-153,9
      22,563	   0,0404584	-154,5	   0,0424363	-153,6
      22,566	   0,0403272	-153,8	    0,042321	-153,8
     22,5689	   0,0401727	-153,2	   0,0421841	-152,5
     22,5718	   0,0400194	-153,4	   0,0419698	-153,3
     22,5748	   0,0398809	-153,0	   0,0418519	-152,2
     22,5777	   0,0397098	-152,8	   0,0416658	-152,2
     22,5806	   0,0395972	-152,3	   0,0415114	-151,8
     22,5836	    0,039408	-152,1	   0,0413195	-151,4
     22,5865	   0,0392711	-151,7	   0,0411753	-150,4
     22,5894	   0,0391176	-151,6	   0,0410868	-150,8
     22,5924	   0,0389249	-151,2	   0,0409383	-150,6
     22,5953	   0,0388493	-150,6	   0,0407807	-150,0
     22,5982	   0,0387222	-151,2	   0,0406277	-150,1
     22,6012	   0,0385337	-150,5	   0,0404546	-149,6
     22,6041	   0,0384203	-150,5	   0,0403114	-149,6
      22,607	   0,0382184	-149,9	   0,0402106	-148,9
       22,61	   0,0380569	-149,6	   0,0400614	-148,9
     22,6129	   0,0379386	-149,2	    0,039861	-148,1
     22,6158	   0,0378109	-149,1	   0,0397275	-148,5
     22,6188	   0,0376495	-148,8	   0,0395824	-147,9
     22,6217	   0,0375078	-148,7	   0,0394081	-147,8
     22,6246	   0,0373271	-148,4	   0,0393138	-147,6
     22,6276	   0,0372412	-148,1	   0,0391209	-147,8
     22,6305	   0,0371078	-147,5	   0,0389828	-146,8
     22,6334	   0,0369467	-147,8	   0,0387864	-146,8
     22,6364	   0,0367577	-147,1	   0,0386982	-146,3
     22,6393	   0,0366538	-147,1	   0,0385178	-146,2
     22,6422	   0,0364793	-147,1	   0,0384044	-146,0
     22,6452	   0,0363818	-146,3	   0,0382636	-146,0
     22,6481	    0,036243	-146,3	   0,0380735	-145,3
      22,651	   0,0360636	-146,1	   0,0379522	-144,9
      22,654	   0,0359364	-146,1	   0,0377726	-145,3
     22,6569	   0,0357138	-145,5	   0,0376978	-144,7
     22,6598	    0,035593	-145,0	   0,0375067	-144,8
     22,6628	   0,0355495	-145,1	   0,0373612	-144,1
     22,6657	   0,0353835	-144,9	   0,0372085	-144,1
     22,6686	   0,0352754	-144,4	   0,0371057	-143,7
     22,6716	    0,035102	-143,6	   0,0369335	-143,8
     22,6745	   0,0349751	-144,2	   0,0367542	-142,8
     22,6774	   0,0348282	-143,6	   0,0366278	-142,9
     22,6804	   0,0346778	-143,5	   0,0364667	-143,0
     22,6833	   0,0345667	-142,9	   0,0363589	-142,4
     22,6862	   0,0343636	-143,3	   0,0361699	-142,0
     22,6891	   0,0343043	-142,4	   0,0360295	-141,7
     22,6921	   0,0341649	-142,4	   0,0359031	-141,9
      22,695	   0,0340009	-142,2	   0,0357718	-141,3
     22,6979	   0,0338412	-142,4	   0,0355903	-141,7
     22,7009	   0,0337437	-141,8	   0,0354626	-140,7
     22,7038	   0,0335703	-141,6	   0,0353215	-140,8
     22,7067	   0,0334594	-141,4	   0,0351842	-139,9
     22,7097	   0,0333187	-141,2	   0,0350464	-140,3
     22,7126	   0,0331258	-141,1	   0,0349076	-139,8
     22,7155	   0,0330638	-140,3	    0,034735	-139,9
     22,7185	   0,0329186	-140,3	   0,0346173	-139,4
     22,7214	   0,0327691	-140,2	   0,0344722	-139,5
     22,7243	   0,0326061	-140,0	   0,0343034	-139,1
     22,7273	   0,0324885	-139,2	   0,0341909	-138,8
     22,7302	   0,0323598	-139,2	    0,034021	-138,6
     22,7331	   0,0322239	-139,7	   0,0339276	-138,4
     22,7361	    0,032115	-138,7	   0,0337768	-138,3
      22,739	   0,0320209	-138,8	   0,0335843	-138,0
     22,7419	   0,0319124	-138,4	   0,0334129	-137,9
     22,7449	   0,0317054	-138,3	   0,0333051	-137,3
     22,7478	   0,0315654	-137,9	   0,0332155	-137,5
     22,7507	   0,0314246	-138,1	   0,0330366	-136,6
     22,7537	   0,0313229	-137,4	   0,0329354	-136,4
     22,7566	   0,0311905	-137,2	   0,0327396	-136,6
     22,7595	   0,0310146	-137,1	    0,032643	-136,3
     22,7625	   0,0309178	-137,4	   0,0325266	-136,1
     22,7654	   0,0308122	-137,3	   0,0323278	-136,0
     22,7683	   0,0306651	-136,5	   0,0322443	-135,4
     22,7713	   0,0305401	-136,1	   0,0320843	-135,6
     22,7742	   0,0304428	-135,7	   0,0319194	-135,3
     22,7771	   0,0302728	-136,1	   0,0317982	-135,2
     22,7801	   0,0302088	-135,9	   0,0316899	-135,0
      22,783	   0,0300239	-135,3	   0,0315658	-134,4
     22,7859	   0,0298998	-135,2	   0,0313972	-134,7
     22,7889	   0,0298169	-134,6	   0,0312472	-134,5
     22,7918	   0,0296527	-134,8	   0,0311296	-134,2
     22,7947	   0,0295601	-134,5	   0,0310188	-133,8
     22,7977	   0,0294192	-134,5	    0,030852	-134,1
     22,8006	    0,029289	-134,5	   0,0307672	-133,5
     22,8035	   0,0291728	-133,6	   0,0306211	-133,3
     22,8065	   0,0290109	-134,0	   0,0304226	-132,8
     22,8094	   0,0289216	-133,5	   0,0303085	-132,7
     22,8123	   0,0287567	-132,9	   0,0301904	-132,7
     22,8152	   0,0286387	-133,1	   0,0300343	-132,1
     22,8182	   0,0285855	-132,7	    0,029917	-132,0
     22,8211	   0,0283995	-132,4	   0,0297805	-132,0
      22,824	    0,028227	-132,7	   0,0296307	-131,4
      22,827	   0,0281135	-132,4	   0,0294845	-132,0
     22,8299	   0,0280247	-132,0	   0,0293758	-131,5
     22,8328	   0,0278881	-131,5	   0,0292604	-131,2
     22,8358	   0,0277931	-132,2	   0,0290923	-130,9
     22,8387	   0,0276997	-131,5	   0,0289471	-130,8
     22,8416	   0,0274895	-131,2	   0,0288476	-130,7
     22,8446	   0,0273517	-131,4	   0,0287136	-130,6
     22,8475	   0,0272749	-130,5	   0,0286433	-130,3
     22,8504	   0,0271643	-130,8	    0,028447	-130,6
     22,8534	   0,0270464	-130,7	   0,0282894	-129,9
     22,8563	   0,0268623	-130,3	   0,0281934	-129,5
     22,8592	   0,0267452	-130,3	   0,0280949	-129,8
     22,8622	   0,0267317	-129,8	   0,0279591	-129,5
     22,8651	   0,0265017	-129,9	   0,0278449	-129,5
      22,868	    0,026358	-129,7	   0,0276021	-128,9
      22,871	   0,0262749	-129,6	   0,0275539	-128,3
     22,8739	   0,0261596	-129,2	   0,0274708	-128,8
     22,8768	   0,0260371	-129,1	   0,0272603	-128,7
     22,8798	   0,0259401	-129,0	   0,0271152	-128,1
     22,8827	   0,0257669	-128,6	   0,0270227	-128,1
     22,8856	   0,0256313	-128,6	   0,0268948	-128,0
     22,8886	   0,0255385	-128,5	   0,0267586	-127,2
     22,8915	   0,0254335	-127,8	   0,0266232	-127,1
     22,8944	   0,0253042	-127,4	   0,0264688	-127,2
     22,8974	   0,0251467	-128,2	   0,0263809	-127,1
     22,9003	   0,0250891	-127,4	   0,0262821	-127,1
     22,9032	   0,0249637	-127,5	   0,0261414	-127,6
     22,9062	   0,0248167	-127,1	   0,0259711	-126,4
     22,9091	    0,024685	-127,1	   0,0258659	-126,3
      22,912	   0,0245296	-126,6	   0,0257327	-126,3
      22,915	   0,0244516	-126,8	   0,0255885	-126,4
     22,9179	   0,0244114	-125,9	   0,0254898	-126,1
     22,9208	   0,0242042	-126,5	   0,0253545	-126,2
     22,9238	   0,0241153	-125,9	   0,0252234	-125,8
     22,9267	   0,0239948	-125,7	    0,025158	-125,4
     22,9296	   0,0239098	-126,0	   0,0250202	-125,2
     22,9326	   0,0238175	-125,5	   0,0248046	-124,9
     22,9355	   0,0236305	-125,2	   0,0247673	-124,5
     22,9384	   0,0235005	-125,8	   0,0246271	-124,9
     22,9413	   0,0234287	-125,8	   0,0244364	-124,8
     22,9443	   0,0232786	-125,2	   0,0243182	-124,3
     22,9472	     0,02319	-125,1	   0,0242718	-124,4
     22,9501	   0,0230632	-124,6	   0,0240947	-124,1
     22,9531	   0,0229477	-123,7	   0,0239384	-124,2
      22,956	   0,0228276	-124,5	   0,0239074	-123,8
     22,9589	    0,022763	-124,2	    0,023778	-124,1
     22,9619	   0,0225956	-123,9	   0,0235933	-123,6
     22,9648	   0,0224636	-124,0	   0,0234653	-122,9
     22,9677	   0,0223583	-123,8	   0,0234577	-123,1
     22,9707	   0,0222676	-123,9	   0,0232623	-123,2
     22,9736	     0,02219	-123,3	   0,0231253	-122,5
     22,9765	   0,0219703	-123,5	   0,0230517	-122,9
     22,9795	   0,0219103	-123,5	   0,0229381	-123,0
     22,9824	   0,0218044	-122,6	   0,0227673	-122,9
     22,9853	   0,0216648	-122,9	   0,0226614	-122,0
     22,9883	   0,0215504	-122,7	   0,0226048	-122,6
     22,9912	   0,0214723	-122,4	   0,0224542	-122,5
     22,9941	    0,021381	-122,3	   0,0223296	-121,2
     22,9971	   0,0212989	-121,9	   0,0221958	-121,5
          23	   0,0211357	-121,8	   0,0220988	-121,5
     23,0029	   0,0210205	-122,1	   0,0220009	-121,5
     23,0059	   0,0209181	-121,8	   0,0218727	-121,0
     23,0088	   0,0208229	-121,6	   0,0217919	-121,0
     23,0117	    0,020693	-121,5	   0,0216352	-121,3
     23,0147	   0,0206162	-121,6	   0,0214606	-121,0
     23,0176	    0,020513	-120,9	   0,0214499	-120,8
     23,0205	   0,0203884	-121,3	    0,021356	-120,8
     23,0235	   0,0202904	-121,1	   0,0211175	-120,6
     23,0264	   0,0202179	-120,6	   0,0210417	-120,0
     23,0293	   0,0200236	-121,1	   0,0210224	-120,3
     23,0323	   0,0199375	-121,0	    0,020833	-120,2
     23,0352	   0,0199258	-120,6	   0,0206892	-120,1
     23,0381	   0,0197391	-119,8	    0,020649	-119,6
     23,0411	   0,0195907	-120,2	   0,0205698	-119,6
      23,044	   0,0195415	-119,9	   0,0204076	-119,9
     23,0469	   0,0194384	-119,6	   0,0202447	-119,4
     23,0499	   0,0192991	-119,9	     0,02022	-119,2
     23,0528	   0,0192336	-119,8	   0,0201017	-119,7
     23,0557	   0,0191147	-119,4	   0,0199767	-118,8
     23,0587	   0,0189662	-119,1	   0,0198447	-118,5
     23,0616	   0,0189189	-119,7	   0,0197642	-118,5
     23,0645	   0,0188337	-119,3	    0,019671	-118,7
     23,0674	   0,0187448	-118,9	   0,0195066	-118,6
     23,0704	   0,0185772	-118,8	   0,0194054	-118,1
     23,0733	   0,0185007	-119,2	   0,0193305	-118,0
     23,0762	    0,018491	-118,7	    0,019197	-118,4
     23,0792	   0,0183292	-118,0	   0,0190849	-117,7
     23,0821	   0,0181408	-118,5	   0,0189854	-117,9
      23,085	   0,0181047	-119,1	   0,0188871	-117,7
      23,088	   0,0180261	-118,1	   0,0188157	-118,0
     23,0909	   0,0179082	-117,9	   0,0186879	-117,7
     23,0938	   0,0178041	-117,6	     0,01854	-117,2
     23,0968	    0,017716	-118,0	   0,0184661	-117,0
     23,0997	   0,0176493	-117,7	    0,018373	-117,3
     23,1026	   0,0175572	-117,5	   0,0182799	-116,8
     23,1056	   0,0174075	-117,6	   0,0181803	-117,1
     23,1085	    0,017304	-117,8	   0,0180156	-117,1
     23,1114	   0,0172732	-117,6	   0,0179297	-116,7
     23,1144	   0,0171136	-116,7	   0,0178337	-116,7
     23,1173	   0,0169959	-117,1	   0,0177528	-116,3
     23,1202	   0,0169174	-117,1	   0,0177127	-116,4
     23,1232	   0,0168935	-116,8	   0,0175922	-116,2
     23,1261	   0,0167572	-116,8	   0,0173686	-116,5
      23,129	   0,0166106	-116,5	   0,0173337	-115,9
      23,132	   0,0165441	-116,2	   0,0172185	-116,1
     23,1349	     0,01647	-116,6	   0,0171368	-116,0
     23,1378	   0,0164005	-116,2	   0,0171011	-116,2
     23,1408	   0,0162828	-115,9	   0,0169664	-115,9
     23,1437	   0,0161655	-116,1	   0,0168422	-115,7
     23,1466	   0,0160777	-116,1	   0,0167448	-116,1
     23,1496	   0,0160289	-116,2	   0,0166703	-115,2
     23,1525	   0,0159544	-115,4	    0,016527	-115,4
     23,1554	   0,0157992	-115,5	   0,0164697	-115,0
     23,1584	   0,0157007	-115,5	   0,0164103	-115,4
     23,1613	   0,0156428	-115,6	   0,0162652	-115,0
     23,1642	   0,0155684	-115,5	   0,0161147	-114,9
     23,1672	   0,0154862	-115,1	   0,0160565	-114,7
     23,1701	   0,0153354	-114,9	   0,0160077	-114,9
      23,173	   0,0153187	-114,9	   0,0158556	-114,9
      23,176	   0,0152271	-115,1	   0,0158091	-114,5
     23,1789	    0,015149	-115,0	   0,0157079	-114,8
     23,1818	   0,0150463	-114,6	   0,0155455	-114,0
     23,1848	   0,0149279	-114,5	   0,0155064	-114,3
     23,1877	   0,0148341	-114,6	    0,015432	-114,3
     23,1906	   0,0147827	-114,7	   0,0152801	-114,0
     23,1935	   0,0147011	-114,4	   0,0152407	-113,5
     23,1965	   0,0146062	-114,4	   0,0151885	-114,0
     23,1994	   0,0144988	-114,3	   0,0150815	-113,9
     23,2023	   0,0144167	-113,8	   0,0149714	-113,7
     23,2053	   0,0143415	-114,0	   0,0148336	-113,6
     23,2082	   0,0142794	-113,9	   0,0147851	-113,6
     23,2111	   0,0141872	-113,9	    0,014747	-113,4
     23,2141	   0,0140754	-113,5	   0,0146266	-113,6
      23,217	   0,0140001	-113,8	   0,0145718	-113,3
     23,2199	   0,0139107	-113,3	   0,0144619	-113,3
     23,2229	   0,0137936	-113,6	   0,0143308	-113,5
     23,2258	    0,013802	-113,8	   0,0143227	-113,3
     23,2287	   0,0137387	-113,4	   0,0142408	-113,2
     23,2317	   0,0135741	-113,2	   0,0141249	-113,7
     23,2346	   0,0135188	-113,3	   0,0140265	-112,8
     23,2375	   0,0134674	-113,3	   0,0139843	-113,1
     23,2405	   0,0134125	-113,2	   0,0138848	-113,2
     23,2434	   0,0133343	-112,9	   0,0137788	-112,8
     23,2463	   0,0132287	-112,9	   0,0136755	-112,1
     23,2493	   0,0131385	-112,8	   0,0136303	-112,7
     23,2522	    0,013063	-112,7	   0,0135732	-113,0
     23,2551	   0,0130065	-113,2	   0,0134337	-112,6
     23,2581	   0,0129177	-113,1	   0,0133931	-112,1
      23,261	   0,0128344	-112,7	   0,0133162	-112,5
     23,2639	   0,0127196	-112,5	   0,0131453	-112,3
     23,2669	   0,0127011	-112,5	   0,0131318	-111,9
     23,2698	   0,0126031	-112,4	   0,0130542	-112,3
     23,2727	   0,0125213	-112,6	   0,0129688	-112,0
     23,2757	   0,0124924	-112,0	   0,0129456	-111,8
     23,2786	   0,0123791	-111,6	    0,012841	-112,1
     23,2815	   0,0123386	-112,6	   0,0127492	-112,2
     23,2845	   0,0122834	-112,4	   0,0126697	-111,6
     23,2874	   0,0121749	-112,5	   0,0126144	-112,1
     23,2903	   0,0120797	-111,8	   0,0124941	-111,7
     23,2933	   0,0120471	-112,1	   0,0124621	-111,9
     23,2962	   0,0119619	-111,9	   0,0124035	-111,6
     23,2991	   0,0118258	-111,9	   0,0123535	-112,0
     23,3021	   0,0118337	-112,3	   0,0122387	-111,4
      23,305	   0,0117665	-111,0	   0,0121413	-111,7
     23,3079	   0,0116921	-112,0	   0,0120727	-111,1
     23,3109	   0,0116456	-111,3	   0,0119939	-111,4
     23,3138	   0,0116327	-111,2	   0,0119531	-111,3
     23,3167	   0,0114649	-112,0	   0,0118761	-111,4
     23,3196	   0,0114078	-111,6	    0,011785	-111,2
     23,3226	   0,0113089	-111,5	   0,0116961	-110,7
     23,3255	    0,011289	-111,5	   0,0116481	-110,5
     23,3284	   0,0111937	-111,3	   0,0116072	-110,9
     23,3314	    0,011123	-111,1	   0,0114622	-110,7
     23,3343	   0,0111105	-110,6	   0,0114248	-110,6
     23,3372	   0,0110399	-110,7	    0,011365	-111,0
     23,3402	    0,010932	-111,0	   0,0112312	-110,9
     23,3431	   0,0108819	-111,0	   0,0112684	-110,4
      23,346	   0,0108368	-111,1	   0,0111369	-110,8
      23,349	   0,0107415	-111,0	   0,0110833	-110,5
     23,3519	   0,0107555	-111,3	   0,0111089	-110,9
     23,3548	   0,0106242	-110,2	   0,0109397	-110,7
     23,3578	   0,0104819	-110,8	   0,0109169	-110,5
     23,3607	   0,0105181	-110,7	   0,0108005	-109,6
     23,3636	   0,0104553	-110,4	   0,0108041	-110,3
     23,3666	   0,0103632	-110,7	   0,0107104	-110,8
     23,3695	   0,0103508	-110,5	   0,0106029	-110,3
     23,3724	   0,0103101	-110,7	   0,0105654	-110,2
     23,3754	   0,0102412	-110,4	   0,0104998	-110,1
     23,3783	   0,0101439	-111,0	   0,0104589	-110,1
     23,3812	   0,0101215	-110,3	   0,0104051	-110,6
     23,3842	  0,00999275	-110,0	   0,0102764	-110,3
     23,3871	  0,00993913	-110,1	   0,0102547	-110,0
       23,39	  0,00990898	-110,6	   0,0101964	-110,1
      23,393	  0,00987263	-110,1	   0,0100683	-109,9
     23,3959	  0,00977539	-109,7	   0,0101072	-109,9
     23,3988	  0,00974718	-110,1	   0,0099499	-110,3
     23,4018	   0,0097046	-110,2	  0,00995991	-109,6
     23,4047	  0,00962818	-109,6	  0,00986757	-109,7
     23,4076	  0,00956356	-110,1	  0,00981975	-109,3
     23,4106	  0,00955008	-109,7	  0,00978554	-110,4
     23,4135	  0,00941809	-110,2	    0,009671	-109,9
     23,4164	  0,00942217	-109,8	  0,00967168	-109,8
     23,4194	  0,00938067	-109,7	   0,0095276	-109,8
     23,4223	  0,00930233	-110,0	  0,00953489	-109,1
     23,4252	  0,00920367	-110,0	  0,00949841	-109,5
     23,4282	   0,0092027	-109,9	  0,00941481	-109,5
     23,4311	  0,00912231	-109,8	  0,00938097	-109,3
      23,434	  0,00910992	-109,6	  0,00928461	-109,6
      23,437	  0,00900863	-109,3	  0,00923538	-109,1
     23,4399	  0,00890881	-109,6	  0,00921736	-109,3
     23,4428	  0,00892308	-109,7	  0,00910422	-109,9
     23,4457	  0,00886418	-109,0	   0,0090879	-109,3
     23,4487	  0,00877413	-109,5	  0,00900031	-109,4
     23,4516	  0,00880115	-110,1	  0,00903474	-108,7
     23,4545	  0,00864794	-108,7	  0,00895172	-109,2
     23,4575	  0,00865279	-109,9	   0,0088321	-109,0
     23,4604	   0,0086256	-109,2	  0,00883841	-109,4
     23,4633	  0,00848713	-109,1	  0,00873212	-109,8
     23,4663	  0,00851486	-109,1	  0,00870225	-108,5
     23,4692	  0,00842923	-108,6	  0,00868202	-109,3
     23,4721	  0,00836417	-109,7	  0,00860583	-109,2
     23,4751	  0,00842435	-109,0	  0,00853963	-108,9
      23,478	  0,00821843	-108,8	   0,0084875	-109,4
     23,4809	  0,00825737	-108,8	  0,00845323	-109,2
     23,4839	  0,00818042	-109,1	  0,00839204	-108,7
     23,4868	  0,00817644	-108,5	  0,00837037	-108,9
     23,4897	  0,00809094	-108,6	  0,00827141	-109,1
     23,4927	   0,0080884	-109,1	  0,00824135	-108,7
     23,4956	  0,00798795	-108,3	   0,0081886	-109,2
     23,4985	  0,00796429	-108,9	   0,0081174	-108,4
     23,5015	  0,00792956	-108,6	  0,00806871	-109,2
     23,5044	  0,00784021	-108,9	  0,00804717	-108,5
     23,5073	  0,00785406	-109,0	  0,00797694	-109,0
     23,5103	  0,00775716	-108,5	  0,00794777	-108,6
     23,5132	  0,00773138	-108,6	  0,00790163	-108,3
     23,5161	  0,00771336	-107,9	  0,00790351	-108,4
     23,5191	  0,00758552	-108,8	   0,0077995	-108,2
      23,522	  0,00760759	-108,5	  0,00777152	-108,4
     23,5249	  0,00751735	-108,5	  0,00774262	-108,4
     23,5279	  0,00752938	-108,6	  0,00766276	-108,2
     23,5308	   0,0073919	-108,7	  0,00769146	-108,4
     23,5337	  0,00746106	-108,4	  0,00754523	-108,0
     23,5367	  0,00732942	-108,7	  0,00757907	-108,8
     23,5396	  0,00738201	-108,9	  0,00744321	-108,7
     23,5425	  0,00723412	-108,7	  0,00747496	-108,2
     23,5455	  0,00728435	-108,4	  0,00737986	-108,1
     23,5484	  0,00716799	-107,9	   0,0073966	-108,4
     23,5513	  0,00716914	-108,4	  0,00730979	-108,6
     23,5543	  0,00713225	-108,2	  0,00722775	-108,2
     23,5572	  0,00707012	-108,6	  0,00727757	-108,2
     23,5601	  0,00702088	-107,8	  0,00718219	-108,1
      23,563	   0,0070167	-108,5	  0,00715932	-108,6
      23,566	  0,00698043	-107,7	   0,0070935	-108,3
     23,5689	  0,00688756	-108,3	  0,00707422	-108,2
     23,5718	  0,00687435	-108,1	  0,00699203	-107,5
     23,5748	  0,00681251	-108,6	  0,00703729	-108,1
     23,5777	   0,0068159	-108,1	  0,00686598	-107,4
     23,5806	  0,00674816	-108,0	  0,00698525	-108,6
     23,5836	  0,00671226	-108,2	  0,00679616	-108,2
     23,5865	  0,00662631	-108,2	   0,0068541	-108,2
     23,5894	   0,0066544	-108,0	  0,00675101	-108,0
     23,5924	  0,00657994	-108,3	  0,00677362	-107,6
     23,5953	   0,0065584	-108,2	  0,00667652	-108,1
     23,5982	  0,00652475	-107,6	  0,00662247	-108,6
     23,6012	  0,00644963	-108,7	  0,00661051	-107,7
     23,6041	  0,00648543	-107,9	  0,00656068	-107,8
      23,607	  0,00642152	-108,0	  0,00654387	-107,6
       23,61	  0,00637861	-107,6	  0,00656905	-107,6
     23,6129	  0,00635698	-108,0	  0,00646198	-107,5
     23,6158	  0,00631232	-107,5	  0,00644882	-107,7
     23,6188	  0,00631624	-108,4	  0,00638645	-107,6
     23,6217	  0,00620445	-107,5	  0,00637123	-107,9
     23,6246	  0,00622438	-108,0	  0,00632346	-107,3
     23,6276	  0,00615635	-107,5	   0,0062619	-108,2
     23,6305	  0,00609899	-107,6	  0,00623839	-107,5
     23,6334	  0,00612351	-107,3	  0,00621006	-108,0
     23,6364	  0,00598595	-107,8	  0,00613422	-107,5
     23,6393	  0,00607691	-107,6	  0,00612384	-107,7
     23,6422	  0,00595058	-107,4	  0,00607786	-107,4
     23,6452	  0,00597404	-108,0	  0,00602529	-107,1
     23,6481	  0,00589675	-108,0	  0,00604581	-107,3
      23,651	  0,00590987	-108,0	  0,00597607	-107,9
      23,654	  0,00585036	-107,9	  0,00598543	-107,5
     23,6569	  0,00581651	-107,8	  0,00591304	-107,5
     23,6598	  0,00579178	-108,0	  0,00589289	-107,2
     23,6628	  0,00575367	-106,8	  0,00583668	-107,2
     23,6657	  0,00568584	-107,7	   0,0058366	-106,9
     23,6686	  0,00564881	-106,8	  0,00577022	-107,4
     23,6716	  0,00566076	-107,4	  0,00578947	-107,0
     23,6745	  0,00554727	-107,5	  0,00569817	-107,6
     23,6774	  0,00563641	-107,8	  0,00573997	-107,2
     23,6804	  0,00552764	-107,4	  0,00561276	-106,7
     23,6833	  0,00553914	-107,8	  0,00562752	-107,4
     23,6862	  0,00542937	-107,1	  0,00555612	-107,2
     23,6891	  0,00548049	-106,7	  0,00551772	-107,5
     23,6921	  0,00543204	-106,7	  0,00556152	-107,3
      23,695	  0,00537644	-108,1	  0,00542385	-107,1
     23,6979	  0,00533245	-107,1	  0,00551109	-107,5
     23,7009	   0,0053641	-107,1	  0,00534003	-107,4
     23,7038	  0,00524998	-107,3	  0,00546544	-107,1
     23,7067	   0,0052725	-107,3	   0,0053085	-106,6
     23,7097	  0,00525086	-106,6	  0,00535529	-107,6
     23,7126	  0,00519032	-106,7	  0,00530559	-105,6
     23,7155	  0,00516011	-107,0	  0,00525245	-108,0
     23,7185	  0,00516815	-107,6	  0,00521257	-107,1
     23,7214	  0,00507327	-107,3	  0,00518087	-107,2
     23,7243	  0,00509091	-106,8	  0,00519394	-106,6
     23,7273	  0,00505046	-107,6	   0,0050951	-106,8
     23,7302	  0,00499495	-106,9	  0,00512896	-107,0
     23,7331	    0,004993	-107,6	  0,00502752	-107,1
     23,7361	  0,00494326	-106,6	  0,00505427	-107,4
      23,739	  0,00496477	-106,4	   0,0049964	-106,9
     23,7419	  0,00489087	-108,1	  0,00497733	-107,3
     23,7449	  0,00486765	-106,2	  0,00497068	-106,8
     23,7478	  0,00487411	-107,2	  0,00495417	-106,1
     23,7507	  0,00475483	-107,7	  0,00483684	-107,2
     23,7537	  0,00484185	-107,3	  0,00491863	-107,7
     23,7566	  0,00470651	-107,3	  0,00481834	-107,0
     23,7595	  0,00476345	-106,9	  0,00479737	-106,9
     23,7625	  0,00466757	-107,6	  0,00481952	-107,0
     23,7654	  0,00467572	-106,4	  0,00475096	-106,9
     23,7683	  0,00465346	-107,8	  0,00474493	-106,7
     23,7713	  0,00460028	-106,7	  0,00467761	-107,0
     23,7742	  0,00468589	-106,8	  0,00467661	-106,1
     23,7771	  0,00450521	-106,3	  0,00465015	-107,3
     23,7801	  0,00462556	-106,6	  0,00462143	-106,6
      23,783	  0,00447753	-107,3	  0,00457016	-106,4
     23,7859	  0,00453744	-105,7	  0,00459632	-106,2
     23,7889	  0,00448005	-107,5	  0,00448303	-107,3
     23,7918	  0,00445165	-105,6	  0,00454521	-107,4
     23,7947	  0,00440999	-107,1	  0,00446743	-106,2
     23,7977	  0,00437049	-106,6	  0,00444029	-107,1
     23,8006	  0,00439599	-106,3	  0,00443987	-107,1
     23,8035	  0,00427428	-106,4	  0,00439372	-106,6
     23,8065	  0,00437468	-106,5	  0,00436852	-106,4
     23,8094	  0,00425982	-107,1	  0,00432247	-106,4
     23,8123	  0,00422316	-105,9	  0,00437252	-106,7
     23,8152	  0,00428073	-107,0	  0,00425831	-106,7
     23,8182	  0,00417153	-106,8	  0,00423085	-106,7
     23,8211	  0,00422484	-105,6	  0,00422863	-106,1
      23,824	  0,00418907	-107,4	  0,00419898	-107,1
      23,827	  0,00409855	-106,5	  0,00416626	-107,8
     23,8299	  0,00413255	-106,6	  0,00418367	-105,3
     23,8328	  0,00402705	-106,8	  0,00408987	-107,0
     23,8358	  0,00407816	-105,5	  0,00411291	-107,0
     23,8387	  0,00406118	-107,4	  0,00409521	-106,2
     23,8416	  0,00396711	-106,9	  0,00404139	-106,4
     23,8446	  0,00402211	-105,1	  0,00403957	-106,7
     23,8475	  0,00395364	-107,1	  0,00405597	-106,0
     23,8504	    0,003929	-106,4	  0,00395011	-107,0
     23,8534	  0,00394242	-107,3	  0,00398409	-106,1
     23,8563	  0,00388491	-105,4	  0,00395005	-106,3
     23,8592	  0,00392111	-106,2	  0,00396022	-106,9
     23,8622	  0,00378731	-106,7	  0,00391108	-105,8
     23,8651	  0,00387946	-105,5	  0,00381123	-106,4
      23,868	  0,00379452	-107,7	  0,00388929	-106,6
      23,871	  0,00382372	-105,1	  0,00380651	-105,8
     23,8739	  0,00373143	-106,6	  0,00382322	-106,5
     23,8768	  0,00370486	-105,7	  0,00379095	-106,3
     23,8798	  0,00372141	-106,2	   0,0037246	-107,0
     23,8827	  0,00364779	-106,9	  0,00375489	-106,8
     23,8856	  0,00370227	-104,2	  0,00369587	-105,7
     23,8886	  0,00368218	-107,6	  0,00371454	-107,2
     23,8915	  0,00356012	-106,2	  0,00369217	-105,1
     23,8944	  0,00362058	-106,2	  0,00360564	-107,1
     23,8974	  0,00359173	-106,4	  0,00365601	-106,4
     23,9003	  0,00352473	-106,5	   0,0035923	-105,9
     23,9032	  0,00351754	-106,0	  0,00354032	-106,5
     23,9062	   0,0035291	-106,2	  0,00355583	-106,6
     23,9091	  0,00347446	-105,8	   0,0035522	-105,8
      23,912	   0,0034901	-106,1	  0,00348248	-107,4
      23,915	  0,00347356	-105,5	  0,00353929	-105,1
     23,9179	  0,00341892	-106,0	   0,0034292	-105,9
     23,9208	  0,00341939	-105,4	   0,0034443	-107,4
     23,9238	  0,00336077	-105,7	   0,0034556	-104,9
     23,9267	  0,00337192	-105,9	  0,00338643	-105,6
     23,9296	  0,00332763	-106,1	  0,00336361	-106,7
     23,9326	  0,00333072	-105,9	  0,00335248	-106,4
     23,9355	  0,00332566	-107,1	  0,00333802	-106,3
     23,9384	  0,00322544	-105,6	  0,00334007	-105,7
     23,9413	  0,00330757	-105,1	  0,00329593	-106,1
     23,9443	  0,00325174	-106,5	  0,00321963	-106,2
     23,9472	  0,00318186	-105,7	  0,00324516	-106,1
     23,9501	  0,00323396	-104,7	  0,00321077	-105,7
     23,9531	  0,00320198	-106,6	  0,00321845	-106,8
      23,956	  0,00315032	-106,1	  0,00321426	-105,3
     23,9589	  0,00318288	-105,4	  0,00313206	-106,5
     23,9619	   0,0031187	-106,1	  0,00319466	-105,7
     23,9648	  0,00309301	-105,9	   0,0031312	-105,0
     23,9677	  0,00311105	-106,0	  0,00309993	-105,1
     23,9707	  0,00303753	-107,4	  0,00313498	-105,3
     23,9736	  0,00303837	-105,1	  0,00304543	-105,3
     23,9765	  0,00305217	-106,4	  0,00303041	-107,5
     23,9795	  0,00301036	-106,2	  0,00308616	-105,3
     23,9824	  0,00300683	-106,3	  0,00293863	-104,2
     23,9853	  0,00295107	-105,8	  0,00291337	-108,0
     23,9883	  0,00299288	-105,3	  0,00311691	-106,0
     23,9912	  0,00301307	-105,4	  0,00296638	-103,8
     23,9941	  0,00289219	-107,6	  0,00287571	-108,3
     23,9971	    0,002822	-105,7	  0,00304819	-105,0
          24	  0,00287803	-108,1	   0,0027935	-102,4

