X-Data [Hz]	Laser (M - Filtered) [m/s]	Phase [Deg]	Laser (M - Filtered) [m/s]	Phase [Deg]	
	002: [07-05-24 14:07]		003: [07-05-24 14:12]	
          40	   0,0196928	70,0	   0,0214262	70,4
     40,0039	   0,0207356	70,2	   0,0214886	69,9
     40,0078	   0,0210773	70,1	   0,0212878	71,1
     40,0117	   0,0210101	69,8	   0,0214353	69,9
     40,0156	   0,0213537	70,3	   0,0215688	70,3
     40,0196	   0,0214286	69,7	   0,0215441	69,8
     40,0235	   0,0213541	70,2	   0,0215333	69,9
     40,0274	   0,0212327	70,6	   0,0214858	70,4
     40,0313	   0,0211583	70,5	   0,0215115	70,1
     40,0352	   0,0214772	70,5	   0,0216324	69,8
     40,0391	    0,021507	70,3	   0,0215969	70,5
      40,043	   0,0215148	70,1	    0,021661	70,1
     40,0469	   0,0214245	71,3	   0,0216236	69,8
     40,0508	   0,0214171	71,2	   0,0216854	70,6
     40,0547	   0,0214856	70,4	   0,0217252	70,0
     40,0587	   0,0213332	69,9	   0,0217403	70,3
     40,0626	   0,0214027	70,0	   0,0216144	70,6
     40,0665	   0,0217015	69,6	   0,0217214	70,0
     40,0704	   0,0216946	70,1	   0,0217084	70,2
     40,0743	    0,021501	70,3	   0,0217703	70,5
     40,0782	   0,0216504	69,5	   0,0217387	70,0
     40,0821	   0,0215363	70,6	   0,0216901	70,9
      40,086	   0,0216234	71,1	   0,0218485	71,1
     40,0899	   0,0216516	71,3	   0,0220061	70,5
     40,0938	   0,0218009	69,8	   0,0219257	70,0
     40,0978	   0,0219669	69,7	   0,0218289	69,9
     40,1017	     0,02174	70,2	   0,0218574	70,3
     40,1056	   0,0220338	69,5	   0,0218583	70,3
     40,1095	   0,0219904	69,9	   0,0218988	69,9
     40,1134	   0,0216861	70,6	   0,0219506	70,9
     40,1173	   0,0219097	70,2	   0,0218296	70,5
     40,1212	   0,0219166	70,2	     0,02192	69,8
     40,1251	   0,0218267	71,1	   0,0221149	69,7
      40,129	   0,0220427	69,9	   0,0221018	70,0
     40,1329	   0,0218283	70,7	   0,0221214	69,7
     40,1369	   0,0218957	71,2	    0,022161	70,4
     40,1408	   0,0220892	70,3	   0,0222169	70,3
     40,1447	   0,0219489	70,8	   0,0222802	69,9
     40,1486	   0,0221524	70,7	   0,0221134	70,2
     40,1525	   0,0219808	70,3	   0,0222054	70,7
     40,1564	   0,0220091	69,5	   0,0222187	70,3
     40,1603	   0,0221965	70,1	   0,0222786	70,3
     40,1642	   0,0221696	71,1	   0,0223378	70,6
     40,1681	   0,0222304	70,8	   0,0224443	69,8
      40,172	    0,021946	70,8	   0,0223426	70,3
      40,176	   0,0221192	70,2	    0,022346	70,0
     40,1799	   0,0220262	70,4	   0,0224049	70,3
     40,1838	     0,02217	70,0	   0,0223828	69,9
     40,1877	    0,022208	70,2	     0,02238	69,6
     40,1916	   0,0223338	70,8	   0,0224599	70,6
     40,1955	   0,0223395	71,3	    0,022515	70,5
     40,1994	   0,0222016	70,5	   0,0223898	70,1
     40,2033	   0,0223378	70,3	   0,0224675	70,4
     40,2072	   0,0221967	70,5	   0,0224615	70,5
     40,2111	   0,0223901	70,0	   0,0225049	69,8
     40,2151	   0,0223447	70,2	   0,0225731	70,5
      40,219	   0,0222291	71,5	   0,0226221	71,2
     40,2229	   0,0225418	71,1	   0,0226166	71,0
     40,2268	   0,0224296	70,5	   0,0227445	70,5
     40,2307	    0,022455	71,1	   0,0227559	70,1
     40,2346	    0,022435	71,8	   0,0226727	70,8
     40,2385	   0,0226195	70,0	   0,0227227	70,3
     40,2424	   0,0227472	69,8	   0,0226955	70,6
     40,2463	   0,0224861	70,5	   0,0228013	71,0
     40,2502	   0,0226608	70,1	   0,0226994	70,5
     40,2542	   0,0224202	70,4	   0,0228328	69,9
     40,2581	   0,0226363	70,9	   0,0228366	70,2
      40,262	   0,0225204	71,4	   0,0228128	70,8
     40,2659	   0,0226753	70,5	    0,022881	70,6
     40,2698	   0,0226539	70,8	   0,0229875	70,3
     40,2737	   0,0225107	71,3	   0,0230536	70,6
     40,2776	   0,0224932	71,2	   0,0231051	70,3
     40,2815	   0,0227348	71,3	   0,0230856	69,9
     40,2854	   0,0228262	70,6	   0,0229549	70,7
     40,2893	   0,0229355	70,0	   0,0230164	70,3
     40,2933	   0,0226833	70,5	   0,0230235	70,8
     40,2972	    0,023002	71,0	   0,0231217	70,6
     40,3011	   0,0229173	70,9	    0,023165	70,5
      40,305	   0,0227594	71,0	   0,0231705	70,5
     40,3089	   0,0229408	71,1	    0,023307	70,7
     40,3128	   0,0231243	70,3	   0,0231921	70,6
     40,3167	   0,0231627	69,9	   0,0231607	70,4
     40,3206	   0,0231525	70,0	   0,0231197	70,5
     40,3245	   0,0229792	70,9	   0,0232777	70,8
     40,3284	   0,0228382	70,9	   0,0232907	71,0
     40,3324	   0,0231067	70,3	   0,0231064	70,4
     40,3363	   0,0232043	70,3	   0,0232335	70,1
     40,3402	    0,023265	70,4	   0,0234303	70,5
     40,3441	   0,0233517	70,4	   0,0232442	71,7
      40,348	   0,0233817	70,1	   0,0234628	70,2
     40,3519	   0,0231428	71,0	   0,0234516	70,4
     40,3558	   0,0234458	70,2	   0,0235125	70,2
     40,3597	   0,0231841	70,9	   0,0234663	70,6
     40,3636	   0,0234258	70,9	   0,0235053	70,3
     40,3675	   0,0233668	70,4	   0,0235593	70,6
     40,3715	   0,0234287	70,4	   0,0235894	70,7
     40,3754	   0,0233555	71,2	    0,023598	70,9
     40,3793	   0,0232729	71,6	     0,02358	70,8
     40,3832	   0,0234872	70,4	   0,0235171	70,4
     40,3871	    0,023407	70,1	   0,0235317	71,0
      40,391	   0,0235348	70,7	   0,0236095	70,5
     40,3949	   0,0234636	71,2	   0,0236934	71,0
     40,3988	    0,023724	70,5	   0,0237515	71,3
     40,4027	   0,0234528	71,1	   0,0237418	70,7
     40,4066	   0,0234123	70,3	   0,0238023	70,5
     40,4106	    0,023134	71,5	    0,023852	70,8
     40,4145	   0,0235707	71,2	   0,0238572	70,9
     40,4184	   0,0238279	70,5	   0,0238215	70,6
     40,4223	   0,0236075	70,8	   0,0238858	70,7
     40,4262	   0,0237221	69,9	   0,0239791	70,8
     40,4301	   0,0237291	71,1	     0,02396	70,7
      40,434	    0,023629	71,6	    0,024059	70,7
     40,4379	   0,0237597	71,0	    0,023992	70,6
     40,4418	   0,0239723	70,3	   0,0239519	70,6
     40,4457	   0,0237831	70,5	   0,0241185	71,1
     40,4497	   0,0236566	71,6	   0,0242243	70,6
     40,4536	   0,0238964	71,7	   0,0242118	70,4
     40,4575	   0,0239827	70,7	    0,024136	70,4
     40,4614	   0,0241276	70,0	   0,0241524	70,7
     40,4653	   0,0237781	70,4	   0,0242902	70,6
     40,4692	   0,0239137	70,9	   0,0241442	71,1
     40,4731	   0,0241993	70,9	   0,0242489	71,0
      40,477	   0,0240855	71,0	   0,0242638	71,4
     40,4809	   0,0241998	70,8	   0,0243644	70,6
     40,4848	   0,0241609	70,5	   0,0243704	70,9
     40,4888	   0,0241186	70,7	   0,0244292	70,9
     40,4927	   0,0241636	71,1	   0,0244523	71,2
     40,4966	    0,024313	70,8	   0,0242377	71,1
     40,5005	   0,0244228	70,3	   0,0242488	70,6
     40,5044	   0,0241865	70,6	   0,0244851	70,7
     40,5083	   0,0242885	71,3	   0,0244632	71,0
     40,5122	   0,0241816	71,3	   0,0244109	71,5
     40,5161	   0,0243061	70,8	   0,0245353	71,2
       40,52	    0,024269	71,3	    0,024596	70,7
     40,5239	   0,0242395	70,7	   0,0247113	70,6
     40,5279	   0,0243432	71,1	   0,0247464	71,2
     40,5318	   0,0245343	71,0	   0,0246882	70,5
     40,5357	   0,0246888	71,1	   0,0247965	71,0
     40,5396	    0,024657	70,9	   0,0244804	71,7
     40,5435	   0,0246264	71,0	     0,02475	70,9
     40,5474	   0,0243582	71,0	   0,0247603	70,8
     40,5513	   0,0247934	70,3	   0,0248188	70,8
     40,5552	   0,0244967	70,7	   0,0249246	71,2
     40,5591	   0,0245661	71,5	   0,0249299	71,1
      40,563	   0,0247975	71,0	   0,0248532	70,9
      40,567	   0,0248216	71,3	   0,0249586	70,8
     40,5709	   0,0244383	71,7	   0,0250053	70,6
     40,5748	   0,0247537	70,7	   0,0248814	71,1
     40,5787	   0,0248431	71,1	   0,0250738	71,3
     40,5826	   0,0247595	71,1	   0,0251383	71,3
     40,5865	   0,0248363	71,6	   0,0251524	71,0
     40,5904	   0,0248638	71,3	   0,0251601	70,8
     40,5943	   0,0250785	70,6	   0,0252188	70,6
     40,5982	   0,0250641	70,5	   0,0252503	71,0
     40,6021	    0,025069	71,3	   0,0253904	71,5
     40,6061	   0,0247126	72,0	    0,025316	71,0
       40,61	   0,0250926	71,4	    0,025399	71,0
     40,6139	   0,0250556	70,9	   0,0251048	70,9
     40,6178	   0,0251286	70,9	   0,0253224	71,0
     40,6217	   0,0251262	71,1	   0,0254273	70,6
     40,6256	   0,0251215	70,7	   0,0255186	71,0
     40,6295	   0,0251682	70,9	   0,0252569	71,4
     40,6334	   0,0251245	71,5	   0,0255601	71,1
     40,6373	   0,0253631	71,3	     0,02534	72,0
     40,6413	   0,0250801	71,3	   0,0254277	71,4
     40,6452	   0,0254798	70,8	   0,0256578	70,8
     40,6491	   0,0254529	71,0	   0,0254197	71,3
      40,653	   0,0254082	71,1	   0,0257028	71,3
     40,6569	   0,0252035	71,2	   0,0257925	70,9
     40,6608	   0,0254695	71,5	   0,0256901	71,2
     40,6647	   0,0255533	71,1	   0,0255533	71,6
     40,6686	   0,0256704	71,2	   0,0259278	71,3
     40,6725	   0,0253308	71,7	   0,0258179	71,4
     40,6764	   0,0257928	71,4	   0,0259056	71,0
     40,6804	   0,0255418	71,0	   0,0257058	71,1
     40,6843	   0,0255188	71,3	   0,0259733	71,5
     40,6882	   0,0256596	70,8	   0,0259856	70,9
     40,6921	   0,0256916	71,3	   0,0261125	70,7
      40,696	   0,0260362	70,9	   0,0258662	71,5
     40,6999	   0,0259334	71,8	   0,0259577	71,9
     40,7038	   0,0259776	72,0	   0,0261099	71,0
     40,7077	   0,0259804	71,0	   0,0261089	71,1
     40,7116	   0,0260767	71,0	   0,0261949	71,2
     40,7155	   0,0259258	71,1	   0,0262341	71,1
     40,7195	   0,0258788	71,3	   0,0263266	70,8
     40,7234	   0,0258388	71,1	   0,0261931	70,9
     40,7273	   0,0262149	71,2	   0,0262836	71,0
     40,7312	   0,0259966	71,9	   0,0262915	71,7
     40,7351	   0,0260204	71,6	   0,0262827	72,0
      40,739	   0,0261508	71,6	   0,0264153	71,8
     40,7429	   0,0261374	71,3	   0,0265996	71,1
     40,7468	   0,0262631	71,0	    0,026467	71,2
     40,7507	   0,0262138	70,7	   0,0265859	71,3
     40,7546	   0,0263583	71,4	   0,0266107	71,0
     40,7586	   0,0264969	71,2	   0,0263935	72,2
     40,7625	   0,0263459	71,6	   0,0265149	72,0
     40,7664	   0,0262738	71,8	   0,0267465	71,4
     40,7703	   0,0262232	72,1	   0,0268465	71,2
     40,7742	   0,0267052	71,3	    0,026425	72,0
     40,7781	    0,026509	71,4	   0,0268352	71,6
      40,782	   0,0264576	72,4	   0,0266095	72,3
     40,7859	   0,0264258	71,2	   0,0268862	71,3
     40,7898	   0,0267632	71,6	    0,026412	72,5
     40,7937	   0,0266019	71,8	   0,0269706	71,6
     40,7977	   0,0268557	70,7	   0,0270717	70,7
     40,8016	   0,0269075	71,1	    0,026986	71,4
     40,8055	   0,0267371	71,9	   0,0270899	71,5
     40,8094	   0,0267609	72,0	   0,0272065	71,1
     40,8133	   0,0269381	71,8	   0,0269251	72,3
     40,8172	   0,0267348	72,6	   0,0272384	71,8
     40,8211	   0,0270968	71,5	   0,0273206	71,7
      40,825	   0,0270673	71,2	   0,0270536	71,8
     40,8289	   0,0271501	71,5	   0,0272202	71,2
     40,8328	   0,0269753	71,4	   0,0273538	71,8
     40,8368	   0,0270294	71,5	   0,0274273	72,0
     40,8407	   0,0271146	71,8	   0,0275431	71,0
     40,8446	   0,0273128	71,4	    0,027203	71,8
     40,8485	   0,0271355	72,1	   0,0275643	71,2
     40,8524	   0,0271848	70,8	   0,0273363	71,7
     40,8563	   0,0272144	70,7	   0,0275762	71,4
     40,8602	   0,0273376	72,1	   0,0274713	71,3
     40,8641	   0,0271272	71,8	   0,0276147	71,4
      40,868	   0,0274309	71,5	   0,0274312	72,0
     40,8719	   0,0274163	72,6	   0,0278698	71,5
     40,8759	   0,0276904	72,1	   0,0277644	71,9
     40,8798	   0,0276639	71,4	   0,0278018	71,8
     40,8837	   0,0278382	71,6	   0,0277333	72,3
     40,8876	   0,0275739	72,1	   0,0277882	72,0
     40,8915	   0,0277435	71,0	   0,0278878	71,8
     40,8954	   0,0276227	71,3	   0,0279553	72,3
     40,8993	   0,0279344	71,6	   0,0280403	71,9
     40,9032	   0,0275772	71,4	    0,027971	71,5
     40,9071	   0,0276217	71,9	   0,0279418	72,2
      40,911	   0,0280259	71,8	   0,0279528	71,3
      40,915	   0,0277625	71,5	   0,0282205	71,3
     40,9189	   0,0281167	71,4	   0,0283297	72,1
     40,9228	   0,0280237	71,9	   0,0283254	71,8
     40,9267	   0,0281627	72,2	   0,0284263	71,6
     40,9306	   0,0282273	71,0	   0,0282299	72,1
     40,9345	   0,0279775	71,8	   0,0285158	71,9
     40,9384	   0,0280157	72,3	   0,0285665	71,5
     40,9423	   0,0283899	71,8	    0,028372	72,0
     40,9462	   0,0284483	71,7	   0,0280078	71,7
     40,9501	    0,028215	72,2	   0,0286138	71,5
     40,9541	   0,0284046	72,1	   0,0282816	72,4
      40,958	   0,0285136	71,6	   0,0287212	71,6
     40,9619	   0,0286235	72,2	   0,0284701	72,2
     40,9658	   0,0284156	71,9	   0,0287986	71,5
     40,9697	   0,0284276	72,4	   0,0286038	71,7
     40,9736	   0,0283528	72,5	   0,0287503	72,1
     40,9775	   0,0288173	72,3	   0,0289876	72,1
     40,9814	   0,0288918	72,0	   0,0287179	72,7
     40,9853	   0,0287595	71,7	   0,0289263	72,0
     40,9892	    0,028913	72,2	   0,0291325	71,9
     40,9932	   0,0287982	71,7	   0,0291557	72,4
     40,9971	   0,0290076	72,3	    0,029318	72,1
      41,001	   0,0291291	72,5	   0,0289085	72,7
     41,0049	    0,029059	71,6	   0,0289574	72,5
     41,0088	   0,0287167	72,3	   0,0290043	73,2
     41,0127	   0,0291002	71,8	   0,0293192	73,0
     41,0166	   0,0292664	71,8	    0,029186	72,4
     41,0205	   0,0289776	72,6	   0,0289091	72,9
     41,0244	   0,0293505	71,5	   0,0295405	72,3
     41,0283	   0,0292657	72,0	   0,0292884	73,3
     41,0323	   0,0295644	71,9	   0,0296693	72,3
     41,0362	   0,0290007	72,0	   0,0295203	73,0
     41,0401	    0,029308	72,2	   0,0295541	72,2
      41,044	    0,029638	71,4	   0,0298032	72,3
     41,0479	   0,0296368	71,8	   0,0298273	72,3
     41,0518	   0,0294964	72,3	   0,0296734	72,7
     41,0557	   0,0293185	71,8	   0,0300202	72,7
     41,0596	   0,0292409	73,0	   0,0298757	72,3
     41,0635	   0,0297719	71,6	   0,0298182	73,2
     41,0674	   0,0297513	72,2	   0,0297648	72,8
     41,0714	   0,0293309	73,0	   0,0298386	73,3
     41,0753	   0,0299988	71,9	   0,0301552	72,8
     41,0792	   0,0297612	73,1	   0,0300518	73,0
     41,0831	     0,02967	72,0	   0,0303411	72,5
      41,087	   0,0299445	72,8	   0,0302754	72,4
     41,0909	   0,0301041	71,9	   0,0300874	73,1
     41,0948	   0,0301221	72,0	   0,0303632	72,7
     41,0987	   0,0300524	72,2	   0,0301698	73,3
     41,1026	   0,0301184	72,7	   0,0302149	72,8
     41,1065	   0,0302501	72,9	    0,030555	72,9
     41,1105	   0,0303598	71,8	   0,0303366	73,0
     41,1144	   0,0302649	72,6	   0,0303141	73,3
     41,1183	   0,0302282	72,2	   0,0306162	73,0
     41,1222	   0,0304433	73,1	   0,0307333	72,5
     41,1261	   0,0306701	72,3	    0,030718	73,2
       41,13	   0,0305204	72,7	   0,0307021	72,4
     41,1339	    0,030539	72,5	   0,0307612	73,3
     41,1378	   0,0305695	72,3	   0,0309069	72,3
     41,1417	   0,0306387	73,3	   0,0311375	72,6
     41,1456	   0,0308293	72,4	   0,0310334	72,1
     41,1496	   0,0309457	73,3	   0,0308046	73,1
     41,1535	    0,030788	72,7	    0,031034	72,7
     41,1574	    0,031257	72,7	   0,0313855	72,2
     41,1613	   0,0306243	73,5	   0,0312297	72,7
     41,1652	    0,031057	72,7	   0,0312559	72,4
     41,1691	   0,0308767	73,4	   0,0315199	72,8
      41,173	    0,031081	73,1	   0,0313618	73,1
     41,1769	   0,0313883	72,9	   0,0312966	73,0
     41,1808	   0,0312299	72,7	   0,0311035	73,8
     41,1847	    0,031385	72,5	   0,0315794	72,9
     41,1887	   0,0310968	72,7	   0,0313342	73,4
     41,1926	   0,0314685	73,2	   0,0314829	73,3
     41,1965	   0,0316407	72,4	   0,0317938	73,1
     41,2004	   0,0318211	72,8	   0,0317848	73,5
     41,2043	   0,0317148	72,6	   0,0320495	73,1
     41,2082	   0,0316913	72,5	   0,0319869	73,4
     41,2121	   0,0318015	73,0	   0,0320465	73,0
      41,216	    0,031756	71,0	   0,0318532	74,1
     41,2199	   0,0315055	74,0	   0,0323665	73,0
     41,2239	   0,0316928	72,8	   0,0318998	74,0
     41,2278	   0,0317951	72,7	   0,0324175	72,3
     41,2317	   0,0321372	72,7	   0,0323644	73,0
     41,2356	   0,0322694	73,3	   0,0321668	72,9
     41,2395	   0,0323909	73,0	   0,0324381	73,3
     41,2434	   0,0320813	72,9	   0,0327406	72,9
     41,2473	   0,0318612	73,1	   0,0324719	73,4
     41,2512	   0,0322706	73,5	   0,0324495	73,8
     41,2551	   0,0326452	72,6	   0,0325905	73,3
      41,259	   0,0326149	73,4	   0,0328726	73,4
      41,263	   0,0325632	72,8	    0,032694	73,9
     41,2669	    0,032287	73,0	   0,0327952	73,9
     41,2708	   0,0322945	73,1	   0,0329062	73,3
     41,2747	   0,0327675	73,0	   0,0331626	73,1
     41,2786	   0,0329936	73,1	   0,0329293	74,2
     41,2825	   0,0327251	73,5	   0,0329443	73,2
     41,2864	   0,0328989	73,3	    0,033023	73,5
     41,2903	   0,0332793	73,7	   0,0330304	73,3
     41,2942	   0,0329673	73,8	   0,0333188	73,2
     41,2981	   0,0330772	73,6	   0,0333238	73,0
     41,3021	   0,0332801	73,8	   0,0332354	73,2
      41,306	   0,0334085	73,7	   0,0336096	73,3
     41,3099	   0,0335747	73,8	   0,0338219	73,6
     41,3138	   0,0335684	73,6	   0,0337664	73,3
     41,3177	   0,0333841	73,8	   0,0339387	73,4
     41,3216	   0,0335164	72,7	   0,0336712	74,4
     41,3255	   0,0332127	73,7	   0,0337895	74,2
     41,3294	   0,0337692	73,1	   0,0341662	73,7
     41,3333	   0,0334067	73,7	   0,0339713	73,4
     41,3372	   0,0337047	74,2	   0,0341638	74,0
     41,3412	   0,0341342	74,1	   0,0341002	74,0
     41,3451	   0,0341788	73,8	   0,0340198	73,9
      41,349	   0,0341045	73,7	   0,0344233	73,3
     41,3529	    0,034096	73,9	   0,0345841	73,8
     41,3568	   0,0343398	73,6	   0,0344288	74,3
     41,3607	   0,0340113	73,4	   0,0347063	74,1
     41,3646	   0,0343074	73,1	   0,0346585	73,8
     41,3685	   0,0345586	73,6	   0,0347344	73,5
     41,3724	   0,0346559	73,7	   0,0345499	73,9
     41,3763	   0,0345471	74,0	   0,0347996	73,4
     41,3803	   0,0346014	74,1	   0,0348641	73,8
     41,3842	   0,0349292	74,2	   0,0349769	73,5
     41,3881	    0,034911	74,0	   0,0349251	74,5
      41,392	   0,0347674	74,3	    0,035358	74,0
     41,3959	   0,0350845	73,4	   0,0348565	75,1
     41,3998	   0,0348225	74,0	   0,0349478	74,3
     41,4037	   0,0351093	73,6	   0,0349162	75,0
     41,4076	    0,034988	74,2	   0,0353874	74,0
     41,4115	   0,0354544	73,6	   0,0357059	74,2
     41,4154	   0,0351758	74,1	   0,0354529	75,0
     41,4194	   0,0356954	74,1	   0,0357256	74,9
     41,4233	   0,0353371	75,1	    0,035715	73,9
     41,4272	   0,0358764	74,1	   0,0355304	74,7
     41,4311	   0,0356139	74,9	   0,0360561	74,9
      41,435	   0,0359306	73,6	   0,0356153	74,7
     41,4389	   0,0359688	74,3	   0,0358873	74,5
     41,4428	   0,0358664	74,5	     0,03644	74,1
     41,4467	    0,035972	73,9	   0,0362342	74,9
     41,4506	   0,0362914	74,7	   0,0365983	74,3
     41,4545	   0,0357749	74,2	    0,036675	74,3
     41,4585	   0,0363596	74,2	    0,036514	75,3
     41,4624	   0,0364367	73,9	   0,0365324	74,8
     41,4663	   0,0366036	74,6	   0,0367606	75,1
     41,4702	   0,0363753	74,6	   0,0364755	74,8
     41,4741	   0,0369648	75,0	   0,0368811	74,8
      41,478	     0,03651	75,1	   0,0372624	74,2
     41,4819	   0,0367062	75,0	   0,0372012	74,9
     41,4858	   0,0368577	74,5	   0,0370888	74,8
     41,4897	   0,0364952	74,1	   0,0374196	74,6
     41,4936	   0,0372342	74,6	   0,0373075	74,1
     41,4976	   0,0368352	74,3	   0,0373543	75,1
     41,5015	   0,0367867	74,6	   0,0374049	74,9
     41,5054	   0,0374982	74,4	   0,0377399	75,2
     41,5093	   0,0377632	75,3	   0,0376874	75,1
     41,5132	   0,0370646	75,1	   0,0378337	75,2
     41,5171	   0,0378421	75,0	   0,0378733	74,7
      41,521	   0,0377401	74,7	    0,038031	75,0
     41,5249	   0,0376823	74,9	   0,0381685	74,9
     41,5288	   0,0376539	75,6	   0,0377446	75,5
     41,5327	   0,0380234	75,1	   0,0378741	76,2
     41,5367	   0,0377107	75,9	   0,0381754	75,6
     41,5406	   0,0380636	74,8	   0,0386607	75,3
     41,5445	   0,0382546	74,6	   0,0385141	75,2
     41,5484	   0,0384549	75,5	   0,0385134	74,9
     41,5523	   0,0384963	75,3	   0,0381655	75,4
     41,5562	   0,0388509	75,6	    0,038652	75,8
     41,5601	    0,038532	75,1	   0,0388405	76,0
      41,564	   0,0390109	75,2	   0,0387804	76,1
     41,5679	    0,039018	74,8	   0,0392135	75,6
     41,5718	   0,0386107	75,4	   0,0390574	75,4
     41,5758	   0,0389346	75,8	   0,0392067	75,6
     41,5797	   0,0387856	75,7	   0,0391382	76,0
     41,5836	   0,0392029	76,0	   0,0397192	75,9
     41,5875	   0,0395284	75,2	   0,0398691	75,7
     41,5914	   0,0396161	75,3	   0,0396601	75,3
     41,5953	    0,039807	75,2	   0,0400863	75,7
     41,5992	    0,039937	75,6	   0,0400585	75,8
     41,6031	   0,0396139	76,5	   0,0394416	76,3
      41,607	   0,0395202	75,6	    0,040524	75,8
     41,6109	   0,0402077	75,5	   0,0401995	75,4
     41,6149	   0,0403568	75,2	   0,0400799	75,5
     41,6188	   0,0401344	75,8	   0,0403853	76,3
     41,6227	   0,0402791	76,4	   0,0407406	76,6
     41,6266	   0,0403019	75,9	   0,0407054	76,4
     41,6305	   0,0407447	75,7	   0,0405081	76,5
     41,6344	   0,0407293	75,4	   0,0409277	76,1
     41,6383	   0,0410042	75,6	   0,0412481	75,9
     41,6422	   0,0408285	75,9	   0,0412128	76,0
     41,6461	   0,0411872	76,0	   0,0411699	76,9
       41,65	    0,040828	76,2	   0,0414233	76,3
      41,654	   0,0411292	76,1	   0,0419551	76,2
     41,6579	   0,0408406	76,8	   0,0416622	76,4
     41,6618	   0,0413693	76,6	   0,0417968	76,3
     41,6657	    0,041426	76,3	   0,0421224	76,9
     41,6696	   0,0418556	76,8	   0,0419854	76,6
     41,6735	   0,0418738	76,6	   0,0421607	76,1
     41,6774	   0,0418862	76,5	    0,042498	76,7
     41,6813	   0,0420186	77,0	   0,0424235	76,7
     41,6852	    0,042421	76,7	   0,0428742	77,1
     41,6891	   0,0421611	76,2	   0,0425678	77,6
     41,6931	    0,041873	76,1	   0,0429182	76,6
      41,697	   0,0417562	76,6	   0,0432733	76,5
     41,7009	   0,0424804	76,9	   0,0428609	77,5
     41,7048	   0,0430702	76,9	   0,0433803	77,1
     41,7087	   0,0427109	77,3	   0,0436811	76,6
     41,7126	   0,0433939	76,7	   0,0435234	77,3
     41,7165	   0,0427453	76,4	   0,0434268	77,5
     41,7204	   0,0427742	77,6	   0,0438479	77,4
     41,7243	   0,0435183	77,0	   0,0439744	77,1
     41,7282	   0,0438208	76,5	   0,0441883	76,9
     41,7322	    0,043412	77,0	   0,0438514	77,7
     41,7361	   0,0437409	77,2	   0,0446947	77,7
       41,74	    0,043957	77,2	   0,0442916	77,6
     41,7439	   0,0445474	77,1	    0,044944	77,6
     41,7478	   0,0438224	76,7	   0,0444426	77,3
     41,7517	   0,0441239	77,2	   0,0450414	77,6
     41,7556	   0,0446011	78,0	   0,0454918	78,0
     41,7595	   0,0447353	77,6	   0,0455316	78,1
     41,7634	   0,0451843	77,3	   0,0452456	78,1
     41,7673	   0,0448775	77,0	   0,0454907	78,2
     41,7713	    0,044972	77,2	   0,0453146	78,3
     41,7752	   0,0450978	77,9	     0,04626	77,1
     41,7791	   0,0452805	78,1	   0,0456249	77,9
      41,783	   0,0451249	77,4	   0,0460814	78,5
     41,7869	   0,0461034	77,7	   0,0461439	78,6
     41,7908	    0,045574	78,2	   0,0464288	77,9
     41,7947	   0,0460052	77,8	   0,0465362	78,5
     41,7986	   0,0462655	78,0	   0,0468473	78,3
     41,8025	   0,0460906	78,1	   0,0469361	78,8
     41,8064	   0,0468008	78,2	    0,046912	77,9
     41,8104	   0,0466774	78,2	   0,0470578	78,8
     41,8143	   0,0469769	77,7	   0,0475083	78,3
     41,8182	   0,0469901	77,9	   0,0475519	79,1
     41,8221	   0,0472434	78,4	   0,0474006	79,1
      41,826	   0,0477252	78,5	   0,0482409	78,0
     41,8299	   0,0477135	78,3	   0,0481983	79,2
     41,8338	    0,047869	78,2	   0,0477714	79,8
     41,8377	   0,0475621	78,9	   0,0485997	78,9
     41,8416	   0,0482879	78,2	   0,0488179	79,0
     41,8456	   0,0485873	78,5	   0,0487999	79,5
     41,8495	   0,0481714	79,1	   0,0490127	79,1
     41,8534	   0,0484625	79,1	   0,0490631	79,1
     41,8573	   0,0490509	79,1	   0,0490813	79,9
     41,8612	   0,0487903	78,9	   0,0500959	79,8
     41,8651	    0,049158	78,8	   0,0496256	79,6
      41,869	   0,0497946	79,5	   0,0503872	79,1
     41,8729	    0,049606	79,3	   0,0502146	80,4
     41,8768	   0,0497587	79,0	   0,0504734	79,7
     41,8807	   0,0500425	79,5	   0,0508675	79,1
     41,8847	   0,0501063	80,2	    0,050418	79,5
     41,8886	   0,0498265	79,6	   0,0504015	80,6
     41,8925	   0,0503828	79,1	    0,051476	79,7
     41,8964	   0,0505976	80,0	    0,051741	79,7
     41,9003	   0,0507907	79,8	   0,0517006	80,2
     41,9042	   0,0513779	80,1	   0,0516423	80,5
     41,9081	   0,0512576	79,6	   0,0518494	79,9
      41,912	   0,0515198	80,0	   0,0523114	79,9
     41,9159	   0,0515347	80,6	   0,0516741	81,1
     41,9198	   0,0520657	79,9	   0,0523765	80,6
     41,9238	   0,0520778	81,0	   0,0530628	80,6
     41,9277	   0,0519536	80,8	   0,0534488	80,9
     41,9316	   0,0526388	80,6	   0,0535687	81,0
     41,9355	   0,0529697	80,2	   0,0533705	81,1
     41,9394	   0,0528816	81,0	   0,0539389	80,8
     41,9433	   0,0529798	81,5	   0,0543363	81,8
     41,9472	   0,0536655	80,7	   0,0539979	81,4
     41,9511	    0,052984	81,3	   0,0543609	81,3
      41,955	   0,0540745	81,4	   0,0542979	81,8
     41,9589	   0,0540757	81,4	   0,0550327	81,4
     41,9629	   0,0542274	80,7	   0,0550811	81,5
     41,9668	    0,054838	81,1	   0,0556698	81,4
     41,9707	   0,0548337	81,8	   0,0559823	82,4
     41,9746	   0,0553304	81,4	   0,0558827	82,0
     41,9785	   0,0551587	81,9	   0,0564406	81,8
     41,9824	   0,0556769	81,4	   0,0565186	82,3
     41,9863	   0,0559314	81,3	   0,0569662	82,9
     41,9902	   0,0556856	82,2	   0,0572605	82,1
     41,9941	   0,0566661	82,2	   0,0577605	82,4
      41,998	   0,0565395	81,8	    0,057809	83,1
      42,002	   0,0563388	82,0	   0,0584382	82,7
     42,0059	   0,0567357	82,5	   0,0581442	82,9
     42,0098	   0,0573316	82,5	   0,0581265	83,4
     42,0137	   0,0576703	82,4	   0,0588659	82,6
     42,0176	   0,0579424	82,6	   0,0593069	83,6
     42,0215	   0,0584948	83,1	    0,059906	83,6
     42,0254	    0,057896	82,8	   0,0598122	83,3
     42,0293	   0,0584351	82,9	    0,060498	83,7
     42,0332	   0,0592795	83,6	   0,0602113	84,2
     42,0371	   0,0588966	83,4	   0,0607006	83,9
     42,0411	   0,0597592	83,2	   0,0615569	84,1
      42,045	   0,0598211	83,5	   0,0612973	84,3
     42,0489	   0,0601036	83,6	   0,0615924	83,8
     42,0528	   0,0605596	84,0	   0,0616549	84,8
     42,0567	   0,0608323	83,8	   0,0628626	84,9
     42,0606	   0,0609422	83,9	   0,0631382	84,5
     42,0645	    0,061689	84,2	   0,0634583	84,7
     42,0684	   0,0621632	84,3	    0,063456	85,8
     42,0723	     0,06218	84,5	   0,0637218	84,8
     42,0762	   0,0626349	85,0	   0,0647211	85,2
     42,0802	   0,0629186	84,8	   0,0647557	85,9
     42,0841	   0,0629361	84,6	   0,0652258	85,7
      42,088	   0,0635301	85,1	   0,0654377	86,1
     42,0919	   0,0636101	85,6	   0,0650433	86,6
     42,0958	   0,0643015	85,2	   0,0662885	85,6
     42,0997	   0,0640303	85,5	   0,0665904	86,6
     42,1036	   0,0650908	86,2	   0,0670379	86,8
     42,1075	   0,0649267	86,1	   0,0676615	86,8
     42,1114	    0,065268	85,8	   0,0678371	87,4
     42,1153	   0,0658956	86,7	   0,0684081	87,5
     42,1193	   0,0661694	86,6	   0,0689816	87,1
     42,1232	   0,0666621	87,3	   0,0694031	88,3
     42,1271	   0,0674912	87,0	   0,0702604	87,7
      42,131	   0,0676097	87,0	   0,0699156	87,5
     42,1349	   0,0677704	87,1	   0,0706702	88,4
     42,1388	    0,068501	87,2	   0,0714516	88,5
     42,1427	    0,068965	87,4	   0,0713696	89,4
     42,1466	   0,0694786	88,2	   0,0719188	88,7
     42,1505	   0,0695239	87,6	    0,072756	89,3
     42,1544	   0,0702649	87,9	   0,0731875	89,5
     42,1584	    0,071366	89,0	   0,0734713	89,4
     42,1623	   0,0715056	88,1	    0,074184	90,4
     42,1662	   0,0720097	88,3	   0,0747248	91,0
     42,1701	   0,0725879	89,4	   0,0757478	90,5
      42,174	   0,0731446	89,1	   0,0760927	90,7
     42,1779	   0,0732443	90,2	   0,0767616	91,2
     42,1818	   0,0734017	90,1	   0,0773048	91,5
     42,1857	   0,0747572	89,7	   0,0785512	92,5
     42,1896	    0,075132	90,4	   0,0793513	92,3
     42,1936	   0,0756632	91,0	   0,0796501	92,6
     42,1975	   0,0762502	90,6	   0,0805419	93,6
     42,2014	   0,0767956	91,6	    0,081546	93,3
     42,2053	   0,0777289	91,0	   0,0819012	94,2
     42,2092	   0,0778188	91,6	   0,0829021	94,9
     42,2131	   0,0784696	93,0	   0,0841272	94,5
      42,217	   0,0787459	92,4	   0,0841934	95,2
     42,2209	   0,0796528	92,8	   0,0852776	95,3
     42,2248	   0,0801316	93,6	     0,08632	96,4
     42,2287	   0,0811853	93,5	   0,0877631	97,2
     42,2327	   0,0813668	94,2	   0,0884644	96,9
     42,2366	    0,082213	93,9	   0,0895349	97,6
     42,2405	   0,0829771	94,8	   0,0899808	97,6
     42,2444	   0,0839625	94,8	    0,091595	98,9
     42,2483	   0,0845251	95,3	   0,0924037	99,3
     42,2522	   0,0854332	96,5	   0,0937338	100,3
     42,2561	   0,0857806	96,1	   0,0952501	101,4
       42,26	   0,0870063	96,6	   0,0963939	101,7
     42,2639	   0,0877757	97,0	   0,0978248	102,4
     42,2678	   0,0887967	97,6	    0,098902	103,4
     42,2718	   0,0892675	98,6	   0,0997179	104,3
     42,2757	   0,0901286	98,8	    0,101624	105,9
     42,2796	   0,0914948	98,7	    0,102597	106,2
     42,2835	   0,0922854	100,2	    0,104874	107,4
     42,2874	   0,0924533	100,4	    0,105647	107,8
     42,2913	   0,0936251	101,5	    0,106733	108,8
     42,2952	   0,0944373	102,0	    0,108307	110,5
     42,2991	   0,0959006	102,0	    0,109405	111,2
      42,303	   0,0965413	103,7	     0,11084	112,8
     42,3069	   0,0981086	103,6	    0,113035	113,6
     42,3109	   0,0989417	105,1	    0,114733	114,3
     42,3148	    0,100349	105,8	    0,115416	115,8
     42,3187	    0,102214	107,0	    0,115554	116,9
     42,3226	     0,10221	107,2	    0,117124	118,5
     42,3265	    0,104049	107,6	    0,119043	119,6
     42,3304	    0,105944	109,2	    0,120684	120,4
     42,3343	    0,107101	110,0	     0,12204	121,6
     42,3382	    0,107396	111,8	    0,122017	122,9
     42,3421	    0,108239	113,0	    0,123793	123,5
      42,346	    0,109945	113,3	    0,122829	124,9
       42,35	      0,1121	114,5	    0,125495	126,0
     42,3539	    0,113936	115,3	    0,126566	127,0
     42,3578	    0,114587	117,2	    0,126572	128,3
     42,3617	    0,116746	118,3	    0,127621	129,0
     42,3656	    0,116861	119,2	    0,128484	130,1
     42,3695	    0,118616	120,8	    0,128811	130,8
     42,3734	    0,120902	121,4	    0,129379	131,6
     42,3773	    0,121145	123,2	    0,128759	132,9
     42,3812	    0,123163	124,8	    0,129198	133,8
     42,3851	    0,123787	126,5	     0,12976	135,4
     42,3891	    0,124491	127,7	    0,131255	136,3
      42,393	    0,125621	129,7	    0,131952	136,2
     42,3969	    0,127435	130,1	    0,131962	137,7
     42,4008	    0,127826	131,7	    0,131755	137,9
     42,4047	    0,128845	133,0	     0,13187	139,4
     42,4086	    0,129939	134,6	    0,133146	139,7
     42,4125	    0,129941	136,0	    0,133197	141,3
     42,4164	    0,130833	137,0	    0,132746	141,5
     42,4203	    0,131225	138,9	    0,133019	143,3
     42,4242	    0,132113	139,2	    0,133461	143,3
     42,4282	    0,131975	140,6	    0,133805	144,0
     42,4321	    0,132948	141,1	    0,134181	144,8
      42,436	    0,132236	142,0	    0,132979	145,1
     42,4399	     0,13366	143,9	     0,13418	146,1
     42,4438	    0,132994	144,6	    0,133326	146,6
     42,4477	    0,133289	145,9	    0,132562	148,1
     42,4516	    0,133622	146,4	    0,133918	148,3
     42,4555	    0,134275	147,0	    0,133148	149,6
     42,4594	    0,133739	147,7	    0,132153	149,6
     42,4633	    0,133588	148,4	    0,133746	151,1
     42,4673	    0,132784	149,7	    0,133138	150,7
     42,4712	    0,133354	150,4	    0,133686	152,2
     42,4751	    0,133408	150,7	     0,13366	151,9
      42,479	    0,133687	151,9	    0,133312	153,2
     42,4829	    0,133604	153,3	    0,132091	153,4
     42,4868	    0,133605	152,9	    0,133253	154,3
     42,4907	    0,133602	154,0	    0,132383	155,1
     42,4946	    0,133287	154,2	    0,132773	155,1
     42,4985	    0,133205	155,1	    0,132011	155,7
     42,5024	    0,133455	155,4	    0,132104	155,7
     42,5064	    0,132803	156,9	    0,131666	157,1
     42,5103	    0,132986	156,8	     0,13168	157,0
     42,5142	    0,132038	158,2	    0,130367	157,6
     42,5181	    0,131199	158,3	    0,131801	158,3
      42,522	    0,132635	159,4	    0,131776	159,4
     42,5259	    0,131896	159,4	    0,131673	159,6
     42,5298	    0,131814	160,4	    0,130514	160,1
     42,5337	    0,131599	160,7	    0,131343	160,9
     42,5376	    0,131294	161,3	    0,130377	161,4
     42,5415	     0,13124	161,6	    0,129731	162,0
     42,5455	    0,130822	162,3	    0,129543	162,8
     42,5494	    0,130357	163,2	    0,128852	162,5
     42,5533	     0,13077	163,5	    0,129885	163,0
     42,5572	    0,130393	163,8	    0,128855	163,4
     42,5611	    0,129606	164,8	    0,129679	164,5
      42,565	    0,128939	164,4	    0,128777	164,2
     42,5689	    0,129006	165,6	    0,129419	165,8
     42,5728	    0,127745	165,5	    0,129108	165,4
     42,5767	    0,128667	166,6	    0,129102	166,4
     42,5806	    0,128471	166,4	    0,127512	166,5
     42,5846	    0,128229	167,5	    0,127378	167,3
     42,5885	     0,12739	167,1	    0,126745	167,6
     42,5924	    0,126842	168,2	    0,125907	168,2
     42,5963	    0,127233	168,9	    0,127259	168,7
     42,6002	    0,126449	169,5	    0,126598	169,6
     42,6041	    0,124395	169,3	    0,125627	169,3
      42,608	     0,12657	170,6	    0,125552	170,1
     42,6119	    0,124951	170,8	    0,124712	170,2
     42,6158	    0,126129	170,7	    0,124301	170,7
     42,6197	    0,125896	171,4	    0,124696	170,5
     42,6237	    0,124974	172,3	    0,123977	171,8
     42,6276	    0,125364	171,8	    0,123404	171,4
     42,6315	    0,124847	173,0	    0,123673	171,9
     42,6354	    0,124483	172,6	    0,123084	171,8
     42,6393	    0,123678	173,2	    0,122788	172,5
     42,6432	    0,123163	173,2	    0,122614	173,4
     42,6471	    0,123218	174,5	     0,12151	173,3
      42,651	    0,122087	174,0	    0,120975	174,2
     42,6549	    0,122126	175,3	     0,12102	174,2
     42,6588	    0,122115	175,6	    0,120583	174,7
     42,6628	    0,121992	176,2	    0,121185	175,0
     42,6667	    0,120948	175,9	    0,121339	176,4
     42,6706	    0,120455	176,6	    0,121007	175,5
     42,6745	    0,119538	176,8	    0,119471	177,0
     42,6784	    0,120169	177,9	    0,119439	176,7
     42,6823	    0,119287	178,1	    0,119546	177,0
     42,6862	    0,119119	178,1	    0,118482	177,7
     42,6901	    0,118442	178,8	    0,118569	177,6
      42,694	    0,118144	178,7	    0,119821	178,5
     42,6979	    0,118499	179,7	    0,117825	178,6
     42,7019	    0,117614	179,5	    0,117336	179,0
     42,7058	    0,117113	180,0	    0,116758	178,7
     42,7097	    0,117919	180,0	     0,11683	179,7
     42,7136	    0,117183	180,5	    0,116178	180,0
     42,7175	    0,116534	180,2	    0,115854	180,5
     42,7214	    0,116228	181,4	    0,115454	181,2
     42,7253	    0,115516	181,2	    0,114778	181,6
     42,7292	    0,115226	182,0	    0,115533	181,7
     42,7331	    0,114461	182,1	    0,114949	181,8
      42,737	    0,114633	182,3	    0,113949	182,9
      42,741	     0,11418	183,1	    0,113937	182,5
     42,7449	    0,113757	183,3	    0,114147	183,6
     42,7488	    0,113623	183,7	    0,112624	182,9
     42,7527	    0,113129	184,0	    0,113265	183,6
     42,7566	     0,11241	185,4	    0,112475	183,4
     42,7605	    0,111958	184,3	    0,112675	184,0
     42,7644	    0,110721	185,2	    0,112134	184,3
     42,7683	    0,110715	185,1	    0,111868	185,0
     42,7722	    0,111015	186,3	    0,110582	185,6
     42,7761	    0,109544	186,0	    0,110101	185,2
     42,7801	    0,110294	186,4	    0,110678	186,4
      42,784	    0,109906	186,9	    0,111175	186,2
     42,7879	    0,109703	186,9	    0,110682	186,2
     42,7918	    0,109709	188,3	    0,109283	187,0
     42,7957	    0,108891	187,2	    0,110444	186,7
     42,7996	    0,107807	188,1	    0,109024	187,2
     42,8035	    0,107632	188,5	    0,107971	187,2
     42,8074	    0,107985	188,3	    0,107424	187,4
     42,8113	    0,107027	189,8	    0,107831	188,5
     42,8153	    0,106489	189,1	    0,107374	188,4
     42,8192	    0,106767	189,5	    0,106833	189,1
     42,8231	    0,104901	189,5	    0,106698	189,3
      42,827	    0,105832	190,0	    0,106202	188,7
     42,8309	    0,104391	190,9	    0,105901	189,8
     42,8348	    0,104625	190,1	    0,106098	189,9
     42,8387	    0,104304	191,0	    0,106087	190,2
     42,8426	    0,103655	191,2	    0,105547	190,6
     42,8465	    0,104297	191,4	    0,104549	190,5
     42,8504	     0,10272	192,1	    0,104042	191,2
     42,8544	    0,102685	191,6	    0,104166	190,8
     42,8583	    0,102625	192,8	    0,103219	192,2
     42,8622	    0,102584	192,3	    0,103447	191,7
     42,8661	    0,101373	193,1	    0,103052	192,2
       42,87	    0,101611	193,4	    0,102132	192,7
     42,8739	    0,100781	193,1	    0,102073	192,5
     42,8778	    0,100402	193,6	    0,102556	193,6
     42,8817	   0,0999481	193,8	    0,102272	193,4
     42,8856	    0,100176	194,9	    0,100598	193,5
     42,8895	   0,0994188	194,4	    0,100329	194,4
     42,8935	    0,098802	194,7	    0,100141	193,8
     42,8974	   0,0984941	195,0	   0,0996939	194,0
     42,9013	   0,0985646	194,9	   0,0996215	194,7
     42,9052	   0,0980685	194,9	   0,0987275	194,7
     42,9091	   0,0983882	195,4	   0,0989744	194,8
      42,913	   0,0972876	195,1	   0,0989901	195,4
     42,9169	   0,0970753	196,2	   0,0980231	195,1
     42,9208	   0,0971362	196,2	   0,0970351	196,0
     42,9247	   0,0962296	196,3	   0,0966045	196,2
     42,9286	   0,0959956	197,3	   0,0971735	196,2
     42,9326	   0,0957372	196,8	   0,0972651	197,0
     42,9365	   0,0952829	197,4	   0,0953562	196,8
     42,9404	   0,0947411	197,0	   0,0956444	197,1
     42,9443	   0,0943977	197,9	   0,0962723	197,7
     42,9482	   0,0946478	198,4	   0,0948708	197,4
     42,9521	   0,0942301	198,1	   0,0946277	198,2
      42,956	   0,0936047	199,0	   0,0948521	198,0
     42,9599	   0,0924361	199,5	   0,0937265	198,4
     42,9638	   0,0928193	199,1	   0,0941012	198,3
     42,9677	   0,0921386	199,8	   0,0931298	199,1
     42,9717	   0,0915802	199,6	   0,0934231	198,6
     42,9756	   0,0908505	199,8	   0,0922166	199,3
     42,9795	    0,091223	-159,8	   0,0919497	199,9
     42,9834	   0,0907549	-159,9	   0,0919783	199,5
     42,9873	   0,0905965	-159,9	   0,0914646	-159,9
     42,9912	   0,0902042	-159,4	   0,0910348	-160,0
     42,9951	   0,0897468	-160,0	   0,0898377	-159,6
      42,999	   0,0893844	-159,1	   0,0893763	-158,8
     43,0029	   0,0888188	-158,7	    0,089756	-159,2
     43,0068	    0,089352	-158,9	   0,0899627	-158,5
     43,0108	    0,088738	-158,2	   0,0889135	-158,6
     43,0147	   0,0886027	-158,4	   0,0881818	-158,8
     43,0186	   0,0878788	-158,2	   0,0877108	-157,7
     43,0225	   0,0872063	-157,1	   0,0879693	-157,9
     43,0264	   0,0867597	-157,4	   0,0880642	-158,0
     43,0303	   0,0866074	-156,9	    0,088205	-157,6
     43,0342	   0,0864264	-156,6	   0,0870082	-157,1
     43,0381	   0,0853915	-156,7	   0,0871525	-157,3
      43,042	   0,0854389	-157,3	   0,0858815	-157,2
     43,0459	   0,0847672	-156,4	    0,085868	-156,5
     43,0499	   0,0851752	-156,4	    0,085403	-156,6
     43,0538	   0,0837717	-156,2	     0,08504	-156,5
     43,0577	   0,0836531	-155,6	    0,085097	-156,1
     43,0616	   0,0834967	-155,9	   0,0842792	-156,2
     43,0655	   0,0832315	-155,6	   0,0840632	-155,7
     43,0694	   0,0830017	-154,9	   0,0835466	-155,4
     43,0733	   0,0828581	-155,2	   0,0833266	-155,5
     43,0772	   0,0825043	-154,7	   0,0834206	-155,7
     43,0811	   0,0821817	-154,3	   0,0831561	-154,8
      43,085	   0,0810772	-154,8	   0,0821871	-155,3
      43,089	   0,0813321	-154,5	   0,0810677	-155,1
     43,0929	   0,0805692	-154,2	    0,081675	-154,5
     43,0968	   0,0804848	-154,2	   0,0803091	-154,7
     43,1007	   0,0801762	-154,0	   0,0810979	-154,2
     43,1046	   0,0796711	-153,2	    0,080526	-153,8
     43,1085	   0,0799246	-153,6	   0,0804333	-153,5
     43,1124	   0,0785758	-153,1	   0,0795966	-153,4
     43,1163	   0,0789387	-152,5	   0,0788347	-153,5
     43,1202	   0,0783409	-152,6	   0,0789982	-153,0
     43,1241	   0,0784632	-152,0	   0,0788711	-153,3
     43,1281	   0,0775907	-152,3	   0,0794006	-153,2
      43,132	   0,0773923	-152,4	   0,0772987	-151,9
     43,1359	   0,0772922	-153,0	   0,0780398	-152,0
     43,1398	   0,0777575	-152,1	   0,0775502	-152,4
     43,1437	   0,0771222	-151,8	   0,0773119	-152,5
     43,1476	   0,0763754	-151,8	   0,0772181	-152,1
     43,1515	   0,0756461	-151,1	   0,0759758	-151,8
     43,1554	   0,0752434	-150,6	    0,075583	-151,4
     43,1593	   0,0753909	-151,2	   0,0760839	-150,9
     43,1632	   0,0756077	-151,0	   0,0764924	-150,7
     43,1672	   0,0742965	-150,3	   0,0751799	-151,4
     43,1711	   0,0748472	-151,0	   0,0743701	-150,6
      43,175	   0,0739326	-150,6	    0,074881	-150,6
     43,1789	   0,0739724	-149,6	   0,0738124	-151,4
     43,1828	   0,0735424	-149,6	   0,0741998	-150,8
     43,1867	   0,0731407	-149,8	   0,0729034	-149,9
     43,1906	    0,072899	-149,2	   0,0733459	-149,7
     43,1945	   0,0733423	-150,1	   0,0732396	-150,3
     43,1984	   0,0727279	-149,7	   0,0723391	-149,5
     43,2023	    0,071831	-149,2	   0,0722001	-149,4
     43,2063	   0,0716059	-149,3	   0,0720861	-149,6
     43,2102	   0,0706313	-148,7	   0,0718302	-149,4
     43,2141	    0,071202	-148,5	   0,0722125	-148,9
      43,218	   0,0707474	-148,1	   0,0712688	-148,2
     43,2219	   0,0697472	-148,0	   0,0705214	-148,6
     43,2258	   0,0697674	-148,3	   0,0702999	-149,2
     43,2297	   0,0697361	-147,9	    0,070309	-148,4
     43,2336	   0,0697399	-148,5	   0,0696803	-148,0
     43,2375	   0,0690894	-148,5	   0,0701207	-147,9
     43,2414	   0,0687623	-147,5	   0,0694368	-148,1
     43,2454	   0,0688144	-147,2	   0,0691855	-147,8
     43,2493	   0,0688071	-147,2	   0,0681993	-147,8
     43,2532	   0,0680855	-147,8	   0,0684961	-147,8
     43,2571	   0,0683616	-147,3	   0,0685682	-147,6
      43,261	   0,0670539	-146,7	   0,0687204	-146,5
     43,2649	   0,0669846	-146,4	   0,0680038	-146,9
     43,2688	   0,0670278	-147,0	    0,066655	-146,7
     43,2727	   0,0663031	-146,1	   0,0673177	-146,8
     43,2766	   0,0660884	-145,9	   0,0665962	-146,0
     43,2805	   0,0659013	-146,5	   0,0667503	-147,2
     43,2845	   0,0655452	-146,6	   0,0667853	-146,9
     43,2884	   0,0647774	-145,2	   0,0662206	-146,2
     43,2923	   0,0655687	-145,5	    0,065859	-145,7
     43,2962	   0,0648768	-145,9	   0,0657291	-147,3
     43,3001	   0,0648719	-145,5	   0,0655163	-146,3
      43,304	   0,0646087	-145,4	   0,0654652	-145,9
     43,3079	   0,0633693	-145,4	   0,0645967	-145,1
     43,3118	    0,063577	-145,4	   0,0648256	-145,6
     43,3157	   0,0631916	-144,8	    0,064258	-146,6
     43,3196	   0,0632858	-144,4	   0,0629884	-145,7
     43,3236	    0,063048	-144,7	   0,0634807	-144,7
     43,3275	   0,0624984	-144,8	   0,0629179	-145,1
     43,3314	   0,0621852	-144,4	   0,0625826	-145,4
     43,3353	   0,0619747	-144,0	   0,0620005	-145,0
     43,3392	    0,061756	-144,3	   0,0622731	-144,1
     43,3431	   0,0620913	-144,3	   0,0621165	-144,4
      43,347	    0,061392	-144,0	   0,0619854	-144,3
     43,3509	   0,0605132	-143,4	   0,0614372	-144,5
     43,3548	   0,0608872	-144,3	   0,0613353	-144,5
     43,3587	   0,0600248	-143,5	   0,0601689	-142,7
     43,3627	   0,0600167	-143,7	   0,0601596	-143,0
     43,3666	   0,0603504	-143,1	    0,060383	-143,1
     43,3705	   0,0595231	-142,9	   0,0602194	-144,5
     43,3744	   0,0594532	-143,6	   0,0603101	-143,8
     43,3783	   0,0590295	-142,5	   0,0602231	-142,9
     43,3822	   0,0594245	-142,2	   0,0593916	-142,8
     43,3861	   0,0588892	-142,2	   0,0588468	-143,5
       43,39	   0,0583568	-143,0	   0,0584602	-142,9
     43,3939	   0,0581709	-143,2	   0,0589314	-142,3
     43,3979	   0,0578355	-142,5	   0,0580209	-142,3
     43,4018	   0,0572567	-141,8	    0,057831	-142,2
     43,4057	   0,0570957	-140,5	   0,0577272	-142,5
     43,4096	   0,0569711	-142,5	   0,0578635	-139,2
     43,4135	   0,0572837	-142,1	   0,0572258	-142,1
     43,4174	   0,0568578	-141,0	   0,0576961	-142,2
     43,4213	   0,0565586	-141,6	   0,0567612	-141,9
     43,4252	    0,056234	-142,0	   0,0561587	-142,3
     43,4291	   0,0564381	-142,6	   0,0566086	-142,3
      43,433	   0,0558962	-142,0	   0,0563573	-141,0
      43,437	   0,0556354	-141,1	   0,0555509	-142,3
     43,4409	   0,0558399	-141,1	   0,0559088	-141,7
     43,4448	   0,0548653	-141,6	   0,0556678	-142,2
     43,4487	   0,0546013	-141,8	   0,0556048	-141,7
     43,4526	    0,054509	-141,7	   0,0551285	-140,7
     43,4565	   0,0544035	-140,7	    0,054961	-141,5
     43,4604	   0,0543832	-140,4	   0,0549194	-141,4
     43,4643	   0,0538325	-141,0	   0,0542966	-140,6
     43,4682	   0,0538892	-141,2	   0,0540389	-141,3
     43,4721	   0,0536584	-140,4	   0,0535654	-140,9
     43,4761	   0,0533515	-140,0	    0,053193	-140,1
       43,48	   0,0528323	-140,2	    0,053573	-140,1
     43,4839	   0,0527504	-140,9	   0,0535022	-140,4
     43,4878	   0,0522698	-140,9	   0,0533849	-140,7
     43,4917	   0,0522727	-140,0	   0,0529878	-140,7
     43,4956	   0,0516284	-139,7	   0,0529143	-139,9
     43,4995	   0,0515024	-139,7	   0,0527386	-139,6
     43,5034	    0,051691	-140,4	   0,0521868	-140,1
     43,5073	    0,051462	-139,4	   0,0522054	-140,1
     43,5112	    0,051287	-139,9	    0,051616	-139,8
     43,5152	   0,0507378	-139,5	   0,0512839	-140,2
     43,5191	   0,0505867	-139,1	   0,0516467	-140,2
      43,523	   0,0505314	-139,3	   0,0513841	-139,2
     43,5269	   0,0505191	-139,6	   0,0510491	-138,7
     43,5308	   0,0505811	-139,8	   0,0500369	-139,6
     43,5347	   0,0498858	-139,4	   0,0499958	-139,7
     43,5386	   0,0501578	-139,1	   0,0499334	-139,2
     43,5425	   0,0495823	-138,9	   0,0496679	-139,2
     43,5464	   0,0494695	-138,8	   0,0495324	-139,4
     43,5503	   0,0490986	-138,4	   0,0493868	-138,8
     43,5543	   0,0483475	-138,6	   0,0496322	-138,8
     43,5582	   0,0486702	-138,8	   0,0490792	-138,6
     43,5621	   0,0481769	-138,4	   0,0488549	-138,8
      43,566	   0,0481831	-138,5	    0,049139	-138,8
     43,5699	   0,0483945	-137,9	   0,0485411	-138,4
     43,5738	   0,0480263	-138,4	   0,0481411	-138,0
     43,5777	   0,0473633	-138,2	   0,0481583	-138,4
     43,5816	   0,0479852	-138,4	   0,0478892	-137,8
     43,5855	   0,0477042	-138,2	   0,0477278	-138,5
     43,5894	   0,0476609	-138,5	   0,0474727	-138,7
     43,5934	   0,0470207	-137,1	   0,0477785	-138,0
     43,5973	   0,0467657	-137,4	   0,0468224	-137,5
     43,6012	   0,0464776	-137,8	   0,0469355	-138,1
     43,6051	   0,0465157	-137,9	   0,0468676	-138,1
      43,609	   0,0461203	-137,7	   0,0470048	-137,6
     43,6129	    0,045959	-136,9	   0,0463505	-137,6
     43,6168	   0,0458889	-137,4	   0,0460394	-138,2
     43,6207	   0,0458435	-137,3	   0,0459239	-137,4
     43,6246	    0,045457	-137,2	   0,0462377	-136,7
     43,6285	   0,0445674	-137,7	   0,0458045	-137,2
     43,6325	   0,0452435	-137,3	   0,0450667	-137,4
     43,6364	   0,0453645	-137,3	   0,0453232	-136,6
     43,6403	   0,0447782	-136,7	   0,0453225	-137,4
     43,6442	   0,0440549	-136,2	   0,0453289	-137,7
     43,6481	   0,0444765	-136,8	   0,0447227	-136,7
      43,652	   0,0441762	-137,0	   0,0444019	-137,2
     43,6559	   0,0440388	-136,3	   0,0447944	-137,0
     43,6598	   0,0439743	-137,2	   0,0434279	-136,3
     43,6637	   0,0436038	-136,8	   0,0435537	-135,8
     43,6676	   0,0432373	-136,3	   0,0437155	-136,6
     43,6716	   0,0433842	-137,0	   0,0437462	-137,0
     43,6755	    0,043084	-136,7	   0,0434863	-136,6
     43,6794	   0,0428212	-135,5	   0,0436244	-137,1
     43,6833	   0,0422911	-136,1	   0,0430313	-137,1
     43,6872	      0,0426	-137,0	   0,0428447	-135,5
     43,6911	   0,0427691	-136,5	   0,0421683	-136,3
      43,695	   0,0423295	-136,3	   0,0428357	-136,3
     43,6989	   0,0419702	-136,1	   0,0428337	-136,0
     43,7028	   0,0421807	-135,9	   0,0422927	-135,8
     43,7067	     0,04201	-135,3	   0,0420398	-136,7
     43,7107	   0,0416957	-135,8	   0,0421814	-136,3
     43,7146	   0,0413894	-136,3	   0,0414389	-136,1
     43,7185	   0,0414481	-135,3	   0,0416041	-136,4
     43,7224	   0,0411068	-136,3	   0,0418995	-135,9
     43,7263	   0,0414042	-136,1	   0,0417911	-135,8
     43,7302	   0,0408443	-135,1	     0,04137	-135,3
     43,7341	   0,0406314	-135,7	   0,0411534	-135,3
      43,738	   0,0407453	-135,3	   0,0411059	-135,4
     43,7419	    0,040237	-134,9	   0,0404785	-135,9
     43,7458	   0,0400574	-134,9	   0,0408238	-135,5
     43,7498	   0,0404215	-135,2	   0,0405896	-135,6
     43,7537	   0,0399168	-135,1	   0,0405033	-135,6
     43,7576	   0,0397268	-135,2	   0,0399513	-135,6
     43,7615	    0,040154	-135,4	   0,0396936	-134,6
     43,7654	   0,0390196	-135,1	   0,0401163	-135,1
     43,7693	   0,0390344	-135,6	   0,0394137	-134,6
     43,7732	   0,0393398	-135,2	   0,0394038	-134,4
     43,7771	   0,0388772	-134,8	   0,0391155	-134,7
      43,781	   0,0387469	-134,7	   0,0388584	-133,7
     43,7849	   0,0383487	-133,6	   0,0390338	-134,6
     43,7889	   0,0386562	-133,9	   0,0391294	-135,3
     43,7928	   0,0382357	-134,4	   0,0385591	-134,2
     43,7967	    0,038451	-134,8	   0,0388649	-135,1
     43,8006	   0,0381954	-134,7	   0,0382532	-135,1
     43,8045	   0,0380443	-134,6	   0,0381533	-134,2
     43,8084	   0,0381219	-134,7	   0,0380324	-134,6
     43,8123	   0,0373597	-133,6	   0,0377369	-134,3
     43,8162	   0,0373466	-134,7	   0,0377859	-133,3
     43,8201	   0,0379182	-134,1	   0,0375445	-134,6
      43,824	   0,0370222	-133,7	   0,0375176	-133,6
      43,828	   0,0369193	-134,1	   0,0373957	-133,2
     43,8319	    0,036914	-133,9	   0,0371209	-134,2
     43,8358	   0,0366358	-133,1	    0,036958	-134,0
     43,8397	   0,0369962	-133,7	     0,03671	-134,3
     43,8436	   0,0367047	-133,2	   0,0367149	-134,3
     43,8475	   0,0358123	-133,1	   0,0364336	-133,9
     43,8514	   0,0363066	-134,4	   0,0363594	-134,4
     43,8553	   0,0365382	-133,7	   0,0362977	-134,1
     43,8592	   0,0359732	-134,2	   0,0356392	-133,9
     43,8631	   0,0362809	-133,9	   0,0364316	-133,8
     43,8671	   0,0353783	-132,6	   0,0357666	-133,5
      43,871	   0,0356346	-133,4	     0,03615	-133,1
     43,8749	   0,0357575	-133,5	   0,0361976	-133,5
     43,8788	   0,0353439	-132,7	   0,0349121	-132,8
     43,8827	   0,0356472	-133,5	   0,0356574	-133,0
     43,8866	   0,0352915	-133,1	   0,0350451	-133,0
     43,8905	   0,0347106	-133,2	   0,0354231	-132,8
     43,8944	   0,0354369	-133,0	   0,0352053	-133,4
     43,8983	   0,0348267	-132,4	   0,0346213	-132,9
     43,9022	   0,0345814	-132,9	   0,0348828	-132,9
     43,9062	   0,0349054	-132,6	   0,0344224	-133,7
     43,9101	   0,0339627	-133,1	    0,034942	-133,3
      43,914	   0,0344306	-133,0	   0,0345228	-133,5
     43,9179	   0,0340421	-132,1	   0,0343887	-133,4
     43,9218	    0,033795	-132,2	   0,0341402	-133,1
     43,9257	    0,034392	-133,0	   0,0336312	-134,0
     43,9296	   0,0330606	-131,8	   0,0337986	-133,0
     43,9335	   0,0338956	-132,9	   0,0339206	-133,0
     43,9374	    0,033231	-132,4	   0,0337607	-133,5
     43,9413	   0,0330563	-132,8	   0,0334683	-133,5
     43,9453	   0,0332651	-133,1	   0,0335722	-133,3
     43,9492	   0,0327098	-131,8	   0,0328531	-132,8
     43,9531	   0,0329012	-132,8	   0,0330343	-132,8
      43,957	   0,0331606	-132,7	   0,0330059	-133,0
     43,9609	   0,0327454	-132,5	   0,0329478	-132,4
     43,9648	   0,0331784	-133,0	   0,0332601	-132,5
     43,9687	   0,0328274	-132,0	    0,032344	-131,9
     43,9726	   0,0325888	-133,1	   0,0326349	-131,8
     43,9765	   0,0328227	-132,1	   0,0328851	-132,7
     43,9804	   0,0322881	-132,1	    0,032139	-131,7
     43,9844	   0,0322827	-132,8	   0,0321132	-132,1
     43,9883	   0,0322968	-131,3	   0,0315914	-132,1
     43,9922	   0,0319506	-131,9	   0,0324402	-132,0
     43,9961	   0,0323188	-131,9	   0,0321674	-132,1
          44	   0,0320312	-131,2	   0,0320416	-131,3

