X-Data [Hz]	Laser (M - Filtered) [m/s]	Phase [Deg]	Laser (M - Filtered) [m/s]	Phase [Deg]	
	002: [07-01-24 15:52]		003: [07-01-24 15:59]	
        33,5	   0,0135533	86,5	     0,01472	85,3
      33,502	   0,0141307	86,9	   0,0143834	88,4
     33,5039	   0,0144561	85,5	   0,0145665	84,8
     33,5059	   0,0145272	83,8	   0,0146015	85,4
     33,5078	    0,014463	86,1	   0,0145431	86,0
     33,5098	   0,0144819	85,6	   0,0146066	87,3
     33,5117	   0,0146173	86,3	    0,014555	85,3
     33,5137	    0,014609	84,8	   0,0145023	86,3
     33,5156	   0,0145305	84,8	   0,0145484	84,1
     33,5176	   0,0147811	86,0	   0,0147973	84,8
     33,5196	   0,0146069	86,0	   0,0148656	86,4
     33,5215	   0,0146768	85,0	   0,0148218	86,3
     33,5235	   0,0147462	86,0	   0,0148746	86,6
     33,5254	    0,014636	86,2	   0,0148468	86,3
     33,5274	   0,0148886	85,7	   0,0147412	86,7
     33,5293	   0,0148548	85,5	   0,0147367	85,0
     33,5313	   0,0147441	86,9	   0,0150015	86,0
     33,5332	   0,0147665	85,8	   0,0149409	87,2
     33,5352	   0,0147574	84,7	   0,0147479	85,6
     33,5371	   0,0150409	86,2	   0,0146627	86,1
     33,5391	   0,0148879	85,7	   0,0149616	87,8
     33,5411	   0,0149546	87,2	   0,0149915	87,0
      33,543	   0,0150079	86,6	   0,0150475	86,9
      33,545	   0,0151521	86,1	   0,0150466	87,3
     33,5469	   0,0151214	86,2	   0,0151215	87,3
     33,5489	   0,0150381	87,6	   0,0151187	87,7
     33,5508	   0,0151392	86,1	   0,0151306	85,4
     33,5528	   0,0150579	88,3	   0,0151365	87,6
     33,5547	   0,0151806	87,6	    0,015192	86,2
     33,5567	   0,0151702	85,9	   0,0153691	86,0
     33,5587	   0,0151895	86,8	   0,0152225	87,6
     33,5606	   0,0152757	86,6	   0,0153311	85,5
     33,5626	   0,0153237	87,0	   0,0153437	86,8
     33,5645	   0,0151836	87,5	     0,01542	87,8
     33,5665	   0,0152428	86,6	   0,0154569	87,5
     33,5684	   0,0153309	87,6	   0,0154465	86,8
     33,5704	   0,0153339	87,1	   0,0154202	87,2
     33,5723	   0,0153424	87,3	   0,0155699	87,6
     33,5743	   0,0154688	87,4	   0,0154397	87,2
     33,5762	   0,0155057	87,4	   0,0154162	87,5
     33,5782	   0,0153463	86,8	   0,0155444	87,4
     33,5802	   0,0154373	87,3	   0,0155109	86,7
     33,5821	   0,0155895	87,5	   0,0156461	88,1
     33,5841	   0,0156038	88,9	   0,0156956	87,7
      33,586	   0,0155934	87,7	   0,0155336	88,1
      33,588	   0,0155373	87,1	   0,0157616	89,4
     33,5899	   0,0156898	87,9	   0,0156335	87,3
     33,5919	   0,0156177	88,5	   0,0158275	88,4
     33,5938	   0,0156416	88,6	   0,0157845	89,3
     33,5958	   0,0157474	88,2	   0,0158721	88,4
     33,5978	    0,015855	88,2	     0,01589	88,0
     33,5997	   0,0157315	88,0	   0,0158492	87,5
     33,6017	   0,0158116	87,5	   0,0159172	87,8
     33,6036	   0,0158178	89,3	    0,015792	89,7
     33,6056	   0,0159606	88,9	   0,0159651	87,2
     33,6075	   0,0159505	87,3	   0,0160912	87,1
     33,6095	   0,0158298	88,7	   0,0161331	89,0
     33,6114	   0,0160896	89,4	   0,0160675	89,9
     33,6134	   0,0160763	89,0	   0,0161033	87,4
     33,6153	   0,0159149	89,0	   0,0161817	88,8
     33,6173	   0,0161166	87,8	   0,0161527	89,5
     33,6193	   0,0161616	88,1	   0,0162626	89,5
     33,6212	    0,016032	89,6	   0,0162018	88,5
     33,6232	   0,0161256	89,0	   0,0160512	88,5
     33,6251	   0,0162547	88,4	   0,0162726	89,5
     33,6271	   0,0162197	88,7	   0,0163231	89,8
      33,629	   0,0161439	89,3	   0,0164582	89,0
      33,631	   0,0163236	89,5	   0,0162356	90,1
     33,6329	   0,0163047	87,7	   0,0164311	89,4
     33,6349	   0,0162721	89,8	    0,016532	89,3
     33,6369	   0,0162373	90,0	   0,0164504	89,2
     33,6388	   0,0163797	89,2	    0,016513	89,4
     33,6408	   0,0165006	88,2	   0,0166141	90,2
     33,6427	   0,0163942	88,8	   0,0165736	90,6
     33,6447	   0,0164244	90,1	   0,0166106	90,3
     33,6466	   0,0164375	89,2	   0,0166781	89,2
     33,6486	   0,0165072	89,0	   0,0166463	90,2
     33,6505	    0,016632	89,9	   0,0166688	90,3
     33,6525	    0,016624	89,4	   0,0167713	90,0
     33,6544	   0,0165876	90,2	   0,0168406	90,3
     33,6564	   0,0167516	90,7	   0,0166922	90,2
     33,6584	   0,0166619	89,8	   0,0167222	91,1
     33,6603	    0,016632	89,5	   0,0169623	90,1
     33,6623	   0,0167172	89,4	   0,0169221	89,6
     33,6642	    0,016897	91,1	   0,0169218	90,1
     33,6662	   0,0168989	90,0	    0,017004	89,9
     33,6681	   0,0168246	89,5	   0,0169747	90,2
     33,6701	     0,01689	91,1	   0,0170362	90,7
      33,672	   0,0168704	91,0	   0,0171443	91,4
      33,674	   0,0169666	90,0	   0,0170966	91,1
      33,676	   0,0169477	90,8	   0,0171055	90,6
     33,6779	   0,0170621	90,3	   0,0173118	91,3
     33,6799	   0,0168806	90,3	   0,0173506	91,5
     33,6818	   0,0171224	91,9	    0,017169	91,2
     33,6838	   0,0172267	90,9	   0,0174519	90,6
     33,6857	   0,0169943	89,6	   0,0171589	92,0
     33,6877	   0,0171084	91,4	   0,0174428	91,8
     33,6896	   0,0172249	92,9	   0,0174106	92,7
     33,6916	   0,0171837	90,6	   0,0172776	91,0
     33,6936	   0,0173015	91,8	   0,0174949	92,6
     33,6955	   0,0173758	91,7	   0,0173961	92,9
     33,6975	   0,0173389	90,5	   0,0174105	93,0
     33,6994	   0,0174157	91,2	   0,0176539	91,8
     33,7014	   0,0175092	92,1	   0,0176444	91,4
     33,7033	   0,0174258	93,0	   0,0176141	92,0
     33,7053	   0,0175529	91,4	   0,0176966	93,9
     33,7072	   0,0175241	93,0	   0,0177644	93,1
     33,7092	   0,0175926	92,3	   0,0176241	91,4
     33,7111	   0,0176656	91,0	    0,017837	92,3
     33,7131	    0,017689	92,0	   0,0176074	93,5
     33,7151	   0,0176972	92,6	   0,0178491	91,6
      33,717	   0,0176347	93,1	   0,0178512	91,4
      33,719	   0,0178439	92,1	   0,0179113	93,3
     33,7209	   0,0176685	93,3	   0,0178039	93,6
     33,7229	   0,0177707	93,6	   0,0176773	93,5
     33,7248	   0,0179249	92,4	   0,0182121	93,5
     33,7268	   0,0178984	92,7	   0,0179513	92,1
     33,7287	    0,017989	93,8	   0,0181893	91,5
     33,7307	   0,0179651	94,0	   0,0179352	94,5
     33,7327	    0,018023	93,4	   0,0178625	94,1
     33,7346	   0,0180397	93,7	   0,0181297	94,3
     33,7366	   0,0180561	93,4	   0,0182637	94,1
     33,7385	   0,0182381	94,7	   0,0181644	93,3
     33,7405	   0,0182391	94,8	   0,0183472	93,5
     33,7424	   0,0181889	95,1	   0,0182297	94,4
     33,7444	   0,0179005	93,6	   0,0184126	94,8
     33,7463	   0,0181362	92,9	    0,018502	94,6
     33,7483	    0,018299	94,1	    0,018461	93,8
     33,7502	   0,0183855	94,9	   0,0184835	94,2
     33,7522	   0,0183698	93,2	   0,0185368	95,1
     33,7542	   0,0183167	93,6	   0,0184243	102,0
     33,7561	   0,0182548	94,9	   0,0186293	95,5
     33,7581	   0,0183942	94,7	   0,0186441	94,6
       33,76	   0,0184767	96,4	   0,0186919	95,8
      33,762	   0,0185424	95,1	   0,0185794	97,5
     33,7639	   0,0185176	94,1	   0,0188155	94,2
     33,7659	   0,0184388	97,0	   0,0189501	96,3
     33,7678	   0,0186204	95,5	   0,0187895	97,1
     33,7698	   0,0186179	94,6	   0,0188431	95,6
     33,7718	   0,0188136	94,2	   0,0190648	97,8
     33,7737	   0,0188662	95,1	   0,0189426	95,7
     33,7757	   0,0186091	96,3	   0,0190136	96,4
     33,7776	   0,0189156	95,6	   0,0190819	96,2
     33,7796	   0,0188156	96,0	   0,0190519	96,3
     33,7815	   0,0189887	95,0	   0,0188298	96,9
     33,7835	   0,0190125	97,1	   0,0191873	97,0
     33,7854	   0,0189846	96,4	   0,0190159	97,1
     33,7874	   0,0188665	95,5	   0,0192095	95,7
     33,7893	   0,0190273	95,9	   0,0192193	96,4
     33,7913	   0,0190775	97,1	   0,0193235	97,7
     33,7933	    0,019276	96,8	   0,0192525	97,3
     33,7952	   0,0192734	97,9	    0,019315	97,7
     33,7972	   0,0191333	97,5	   0,0195476	97,3
     33,7991	   0,0193889	96,1	    0,019616	97,3
     33,8011	   0,0192643	96,6	   0,0195678	98,0
      33,803	   0,0193852	97,4	   0,0194272	98,4
      33,805	   0,0193226	99,1	   0,0194883	97,5
     33,8069	   0,0192501	96,0	   0,0195895	98,3
     33,8089	   0,0194797	99,2	   0,0198083	96,9
     33,8109	   0,0195849	98,3	    0,019542	100,4
     33,8128	   0,0196499	97,7	   0,0196585	98,2
     33,8148	   0,0197197	96,8	   0,0198239	98,0
     33,8167	   0,0195206	98,1	   0,0195486	97,3
     33,8187	   0,0195818	97,5	   0,0198587	98,3
     33,8206	   0,0193329	99,8	   0,0198869	98,7
     33,8226	   0,0197904	98,1	   0,0199686	99,1
     33,8245	   0,0198675	97,9	   0,0201131	98,2
     33,8265	   0,0197677	97,8	   0,0201116	98,8
     33,8284	   0,0199977	97,3	   0,0199699	102,8
     33,8304	   0,0200611	98,9	    0,020162	99,7
     33,8324	   0,0199743	99,7	   0,0200409	98,5
     33,8343	   0,0199217	98,9	   0,0201841	99,1
     33,8363	   0,0200963	98,4	   0,0200282	101,3
     33,8382	   0,0202255	99,3	   0,0201939	100,9
     33,8402	   0,0201521	98,9	   0,0201046	102,0
     33,8421	    0,020151	99,5	   0,0201585	100,1
     33,8441	   0,0202731	98,9	   0,0204091	99,4
      33,846	   0,0201519	99,8	   0,0203814	100,9
      33,848	   0,0203081	99,9	   0,0202908	101,5
       33,85	   0,0202357	99,4	   0,0205598	100,4
     33,8519	   0,0205473	101,2	   0,0204485	99,5
     33,8539	   0,0201985	102,6	   0,0205518	100,5
     33,8558	   0,0204782	99,8	   0,0207191	100,9
     33,8578	   0,0205125	100,0	   0,0205222	101,6
     33,8597	   0,0203145	100,1	   0,0208909	100,7
     33,8617	   0,0207685	100,0	   0,0208346	100,3
     33,8636	    0,020813	101,3	   0,0208101	100,5
     33,8656	    0,020381	101,5	   0,0209897	100,8
     33,8675	   0,0206959	100,5	   0,0206346	102,4
     33,8695	   0,0207319	100,9	   0,0207495	102,1
     33,8715	   0,0208696	101,2	   0,0210063	100,9
     33,8734	   0,0208336	101,9	   0,0209894	101,3
     33,8754	   0,0207733	101,6	   0,0206391	101,0
     33,8773	   0,0210082	101,8	    0,020909	101,7
     33,8793	   0,0210466	101,4	   0,0212209	102,9
     33,8812	   0,0210234	102,5	   0,0213061	102,1
     33,8832	   0,0208196	102,7	    0,020893	101,9
     33,8851	   0,0209641	101,8	   0,0213881	102,9
     33,8871	   0,0210415	101,4	   0,0213981	101,6
     33,8891	   0,0210003	102,1	   0,0207012	105,3
      33,891	   0,0209941	103,4	   0,0213085	104,1
      33,893	   0,0212481	103,8	   0,0213074	102,7
     33,8949	   0,0211601	102,2	   0,0213756	103,6
     33,8969	   0,0213236	102,4	   0,0215321	102,2
     33,8988	   0,0215481	102,7	   0,0213255	103,9
     33,9008	   0,0215549	103,3	    0,021776	104,5
     33,9027	   0,0211517	103,5	   0,0217111	104,9
     33,9047	   0,0212834	105,7	   0,0214188	105,3
     33,9066	   0,0215089	105,0	   0,0218044	103,7
     33,9086	   0,0216745	103,5	   0,0218046	103,5
     33,9106	   0,0216578	104,4	    0,021788	105,6
     33,9125	   0,0217622	103,7	   0,0219031	105,3
     33,9145	    0,021883	102,9	   0,0217414	105,3
     33,9164	   0,0216987	105,2	   0,0220457	104,5
     33,9184	   0,0219256	104,4	   0,0215589	104,3
     33,9203	   0,0218868	103,7	   0,0220271	104,2
     33,9223	   0,0218782	103,7	   0,0219984	103,8
     33,9242	   0,0220144	104,7	   0,0217613	105,3
     33,9262	   0,0221437	104,7	   0,0222803	105,4
     33,9282	   0,0221619	104,3	   0,0220684	105,8
     33,9301	   0,0221571	105,3	   0,0222587	107,1
     33,9321	    0,022241	106,3	    0,022378	105,9
      33,934	   0,0220636	105,6	   0,0222096	107,4
      33,936	   0,0223342	105,1	   0,0223966	105,2
     33,9379	   0,0220824	107,3	   0,0226555	106,9
     33,9399	   0,0222933	106,7	    0,022326	105,7
     33,9418	   0,0224635	106,7	    0,021741	107,2
     33,9438	   0,0223533	106,5	    0,022642	107,3
     33,9457	   0,0224747	105,5	   0,0225992	107,3
     33,9477	   0,0226119	106,6	     0,02226	109,3
     33,9497	   0,0223972	107,7	     0,02282	107,9
     33,9516	   0,0225746	106,9	   0,0228541	106,4
     33,9536	   0,0226195	107,0	    0,022848	106,3
     33,9555	   0,0222256	107,6	   0,0225371	107,5
     33,9575	   0,0227504	106,2	   0,0230354	107,6
     33,9594	   0,0226871	107,4	     0,02253	107,6
     33,9614	    0,022952	107,9	   0,0230392	107,9
     33,9633	   0,0228639	108,2	    0,023034	108,6
     33,9653	   0,0229536	107,4	   0,0230771	108,6
     33,9673	   0,0231428	108,9	   0,0232191	108,7
     33,9692	   0,0230146	107,3	   0,0226967	109,6
     33,9712	   0,0230354	108,6	   0,0232826	108,0
     33,9731	   0,0230723	109,1	   0,0233374	109,1
     33,9751	   0,0229905	109,2	   0,0233426	108,1
      33,977	   0,0231704	107,9	   0,0234608	108,3
      33,979	   0,0232693	107,1	   0,0232843	110,3
     33,9809	   0,0230455	108,4	    0,023574	110,2
     33,9829	   0,0233473	108,6	    0,023605	109,5
     33,9848	   0,0231526	110,3	   0,0235057	109,8
     33,9868	   0,0229792	111,7	   0,0236586	109,5
     33,9888	   0,0235121	109,1	   0,0236932	109,5
     33,9907	   0,0236263	110,1	   0,0237562	109,2
     33,9927	   0,0235731	110,6	   0,0227326	111,7
     33,9946	   0,0236546	109,4	   0,0238377	111,2
     33,9966	   0,0237756	110,1	   0,0235033	111,3
     33,9985	   0,0237315	110,9	   0,0237214	110,8
     34,0005	   0,0236931	110,8	   0,0239489	111,1
     34,0024	   0,0238408	110,7	   0,0239926	110,9
     34,0044	    0,023819	110,3	   0,0242135	111,0
     34,0064	   0,0239351	110,8	   0,0241083	112,3
     34,0083	   0,0241881	110,7	   0,0240265	112,2
     34,0103	   0,0225909	113,1	   0,0242247	112,7
     34,0122	   0,0236882	110,8	   0,0242935	112,5
     34,0142	   0,0238124	112,2	   0,0243692	111,8
     34,0161	   0,0237425	112,1	    0,024357	112,1
     34,0181	   0,0242674	111,6	   0,0243812	112,8
       34,02	   0,0242578	112,7	   0,0244537	112,3
      34,022	   0,0239877	111,2	   0,0243091	113,3
     34,0239	   0,0242356	112,7	   0,0245767	113,8
     34,0259	   0,0242806	112,6	   0,0246664	112,5
     34,0279	   0,0243206	112,9	   0,0247561	113,8
     34,0298	   0,0236853	114,9	   0,0243014	113,6
     34,0318	    0,024287	114,3	   0,0242867	113,9
     34,0337	   0,0244968	113,3	   0,0246922	114,2
     34,0357	    0,024364	113,3	   0,0248167	112,3
     34,0376	   0,0248564	112,9	   0,0248391	113,9
     34,0396	   0,0241698	113,0	   0,0246956	115,3
     34,0415	   0,0247869	114,0	   0,0249568	114,4
     34,0435	   0,0247937	115,0	   0,0251035	115,1
     34,0455	   0,0242577	112,6	   0,0252421	114,8
     34,0474	   0,0245697	113,7	   0,0251347	114,6
     34,0494	   0,0244378	113,1	   0,0250181	115,4
     34,0513	   0,0249839	114,5	   0,0251363	116,4
     34,0533	   0,0248013	115,1	   0,0247993	115,8
     34,0552	   0,0241383	115,3	   0,0253623	116,0
     34,0572	   0,0248152	115,5	   0,0250495	116,3
     34,0591	   0,0251152	115,3	   0,0250571	117,3
     34,0611	   0,0254047	115,9	   0,0255306	115,9
      34,063	   0,0247269	116,4	   0,0251336	116,4
      34,065	   0,0251249	117,3	   0,0255869	116,5
      34,067	    0,025395	117,1	   0,0247294	118,0
     34,0689	   0,0247653	117,6	    0,025706	117,6
     34,0709	   0,0256505	115,7	   0,0245758	117,9
     34,0728	   0,0251349	116,5	   0,0257424	117,6
     34,0748	   0,0256092	116,4	   0,0253203	117,7
     34,0767	    0,025566	116,6	   0,0252422	117,4
     34,0787	   0,0256497	117,4	   0,0256545	118,1
     34,0806	   0,0257774	118,6	   0,0255145	118,1
     34,0826	   0,0243963	119,9	   0,0261815	118,5
     34,0846	   0,0246839	119,5	   0,0257203	119,0
     34,0865	   0,0251608	120,1	   0,0255636	118,5
     34,0885	   0,0255467	118,9	   0,0258466	119,3
     34,0904	   0,0248382	119,1	   0,0254128	119,5
     34,0924	   0,0261286	118,3	   0,0255307	119,5
     34,0943	      0,0249	121,0	   0,0263465	119,3
     34,0963	   0,0259041	117,4	   0,0254672	119,8
     34,0982	   0,0251308	120,3	   0,0253624	120,5
     34,1002	    0,025421	121,8	   0,0260382	120,7
     34,1021	   0,0260565	121,4	   0,0257179	121,8
     34,1041	   0,0258393	121,2	   0,0264314	119,8
     34,1061	   0,0256917	120,7	   0,0265497	120,9
      34,108	   0,0258094	121,7	   0,0268993	120,2
       34,11	   0,0265204	120,1	   0,0262924	121,0
     34,1119	   0,0264112	120,3	    0,026412	122,6
     34,1139	   0,0265695	120,5	    0,026989	122,3
     34,1158	   0,0265134	121,2	   0,0270954	122,1
     34,1178	   0,0267538	120,8	   0,0268076	121,9
     34,1197	     0,02672	120,8	   0,0269629	122,0
     34,1217	   0,0265669	121,5	   0,0272827	123,4
     34,1237	   0,0270266	122,7	   0,0270959	123,2
     34,1256	   0,0263347	122,8	   0,0273645	123,3
     34,1276	   0,0271744	123,2	    0,027384	123,6
     34,1295	   0,0262913	123,7	   0,0264845	122,7
     34,1315	   0,0273293	123,4	   0,0273646	123,0
     34,1334	   0,0266706	123,3	   0,0267633	123,3
     34,1354	   0,0265916	123,1	   0,0267522	124,2
     34,1373	   0,0263013	124,1	   0,0268722	124,1
     34,1393	   0,0272921	122,6	    0,026839	124,9
     34,1413	   0,0272133	123,6	   0,0275963	126,1
     34,1432	   0,0274847	123,8	    0,027312	125,5
     34,1452	   0,0274895	124,3	   0,0277429	124,8
     34,1471	   0,0276845	123,8	   0,0270822	124,5
     34,1491	   0,0276993	124,8	   0,0274315	126,7
      34,151	   0,0277385	124,4	   0,0280438	125,3
      34,153	   0,0278074	126,1	   0,0280546	125,6
     34,1549	   0,0279515	125,8	   0,0281507	125,6
     34,1569	   0,0275991	125,4	   0,0282097	126,1
     34,1588	   0,0271488	127,8	   0,0283815	127,3
     34,1608	   0,0275695	126,2	    0,028456	126,9
     34,1628	    0,027902	127,0	    0,028418	126,6
     34,1647	   0,0281744	127,2	   0,0284432	127,4
     34,1667	   0,0281359	126,3	   0,0285545	126,8
     34,1686	   0,0276357	126,6	   0,0285154	128,2
     34,1706	   0,0282435	126,3	   0,0285233	128,0
     34,1725	   0,0277032	127,9	   0,0282596	129,8
     34,1745	   0,0285379	128,7	   0,0282752	129,1
     34,1764	    0,027426	129,9	   0,0286585	129,9
     34,1784	   0,0281043	128,7	    0,028673	129,3
     34,1804	   0,0280714	129,4	   0,0282687	130,8
     34,1823	   0,0287883	128,1	    0,028033	131,5
     34,1843	   0,0284852	128,1	   0,0275737	131,0
     34,1862	   0,0289303	128,7	    0,028694	129,8
     34,1882	   0,0282586	128,8	   0,0286926	129,4
     34,1901	   0,0277613	130,2	   0,0292122	130,8
     34,1921	   0,0285789	130,9	   0,0287285	131,0
      34,194	   0,0288336	129,8	   0,0289126	131,6
      34,196	   0,0289744	131,0	   0,0294221	131,7
     34,1979	   0,0292639	131,2	   0,0289309	133,5
     34,1999	   0,0286969	131,9	   0,0295528	132,7
     34,2019	   0,0287056	132,1	   0,0295965	132,4
     34,2038	   0,0292045	132,6	   0,0286568	133,2
     34,2058	   0,0293957	133,3	   0,0293374	132,9
     34,2077	   0,0295928	131,8	   0,0296903	133,3
     34,2097	   0,0284148	133,4	   0,0296385	134,0
     34,2116	   0,0286713	132,5	   0,0299032	133,5
     34,2136	     0,02952	132,1	   0,0292522	134,2
     34,2155	   0,0293741	131,9	   0,0291503	133,4
     34,2175	   0,0289902	134,7	   0,0300179	133,8
     34,2195	   0,0299372	134,5	   0,0301122	134,0
     34,2214	   0,0293998	133,2	   0,0300981	134,8
     34,2234	   0,0291858	134,7	   0,0301275	135,5
     34,2253	   0,0295989	135,6	   0,0301965	134,3
     34,2273	   0,0299503	135,5	   0,0296243	135,2
     34,2292	   0,0287422	137,0	   0,0302179	135,1
     34,2312	   0,0296225	135,2	   0,0302037	135,2
     34,2331	   0,0302921	134,7	    0,029897	135,3
     34,2351	   0,0298244	134,7	   0,0303654	135,5
      34,237	   0,0296367	135,9	    0,030467	136,4
      34,239	   0,0304446	137,3	   0,0300307	137,2
      34,241	   0,0302331	137,7	   0,0305428	136,3
     34,2429	   0,0298292	139,3	   0,0306168	137,7
     34,2449	   0,0297463	138,3	   0,0305052	137,9
     34,2468	   0,0301055	139,0	   0,0306497	139,1
     34,2488	   0,0300988	139,8	    0,030558	139,4
     34,2507	   0,0300809	139,9	   0,0300347	140,2
     34,2527	   0,0305021	139,5	   0,0308703	139,8
     34,2546	   0,0299494	140,3	   0,0309286	140,3
     34,2566	   0,0298541	139,0	   0,0305855	141,3
     34,2586	   0,0308363	139,8	   0,0304675	141,5
     34,2605	    0,030089	139,4	   0,0309384	140,4
     34,2625	   0,0309053	140,2	   0,0300429	142,1
     34,2644	   0,0313841	139,4	   0,0310178	141,6
     34,2664	   0,0315939	140,1	   0,0308966	143,4
     34,2683	   0,0307109	140,3	   0,0312798	141,3
     34,2703	    0,030965	141,2	   0,0312878	141,3
     34,2722	   0,0301822	141,5	   0,0311465	142,0
     34,2742	   0,0303244	143,4	   0,0310762	141,7
     34,2761	   0,0313917	142,0	   0,0313407	143,3
     34,2781	   0,0314318	143,6	   0,0314528	142,8
     34,2801	   0,0311152	144,3	   0,0313311	143,1
      34,282	   0,0307218	143,4	   0,0309123	143,8
      34,284	   0,0304899	144,4	   0,0312136	144,0
     34,2859	   0,0315265	143,8	   0,0305899	144,5
     34,2879	   0,0314233	144,7	   0,0314156	144,2
     34,2898	   0,0310268	144,4	   0,0315056	145,2
     34,2918	   0,0312086	144,7	   0,0305338	144,5
     34,2937	   0,0305845	145,8	   0,0317373	145,9
     34,2957	   0,0303191	146,5	     0,03155	145,8
     34,2977	   0,0316664	146,3	   0,0316227	147,0
     34,2996	   0,0311611	146,9	   0,0311914	146,8
     34,3016	   0,0317276	146,6	   0,0316859	147,1
     34,3035	   0,0307274	146,3	   0,0310632	147,8
     34,3055	   0,0317798	146,9	   0,0314847	148,7
     34,3074	    0,031763	146,9	   0,0311018	148,9
     34,3094	   0,0317387	147,6	   0,0317462	149,4
     34,3113	   0,0317861	147,3	   0,0317771	149,2
     34,3133	   0,0316775	148,2	   0,0318327	150,1
     34,3153	   0,0314356	149,4	   0,0317987	150,0
     34,3172	   0,0318736	149,1	    0,031406	150,1
     34,3192	   0,0318188	149,7	   0,0314328	151,5
     34,3211	   0,0314648	150,4	   0,0318031	151,8
     34,3231	   0,0316647	150,5	   0,0320208	151,1
      34,325	   0,0318269	150,6	   0,0313264	151,2
      34,327	   0,0317864	150,8	   0,0318994	151,0
     34,3289	   0,0317987	150,5	   0,0318774	151,9
     34,3309	   0,0319879	151,1	   0,0315871	151,9
     34,3328	   0,0319964	152,1	   0,0319943	152,4
     34,3348	   0,0312364	153,2	   0,0319473	152,2
     34,3368	   0,0318183	153,3	   0,0316724	152,9
     34,3387	   0,0314141	153,9	    0,031904	153,3
     34,3407	   0,0318775	154,7	   0,0309536	154,5
     34,3426	   0,0314055	154,8	   0,0319376	154,3
     34,3446	   0,0320071	154,7	   0,0315768	154,0
     34,3465	   0,0318131	155,7	    0,031981	155,2
     34,3485	   0,0318717	154,6	   0,0320379	156,3
     34,3504	   0,0319689	155,1	   0,0319898	156,7
     34,3524	    0,032028	155,0	   0,0315689	156,6
     34,3544	   0,0319494	156,0	   0,0318134	155,7
     34,3563	   0,0319753	157,4	    0,031613	156,0
     34,3583	   0,0318472	156,8	   0,0318856	156,9
     34,3602	   0,0319792	157,0	   0,0318517	156,8
     34,3622	   0,0318019	157,2	   0,0317947	157,6
     34,3641	   0,0310609	157,8	   0,0317715	158,0
     34,3661	   0,0319457	157,6	   0,0318584	158,2
      34,368	   0,0319916	157,9	    0,031011	158,7
       34,37	   0,0308831	160,0	   0,0315457	158,0
     34,3719	   0,0317079	159,9	   0,0317628	158,5
     34,3739	   0,0319819	160,1	     0,03084	159,0
     34,3759	   0,0315994	160,4	   0,0311403	159,3
     34,3778	    0,030634	161,0	   0,0308892	159,1
     34,3798	   0,0312161	161,3	   0,0317316	160,6
     34,3817	   0,0316984	161,1	   0,0317098	160,4
     34,3837	   0,0308568	161,5	   0,0315767	160,9
     34,3856	   0,0314244	160,2	   0,0316645	162,7
     34,3876	   0,0305225	162,8	   0,0316228	161,6
     34,3895	   0,0317561	162,5	   0,0308501	161,7
     34,3915	   0,0316429	163,0	   0,0316193	163,3
     34,3935	   0,0312886	163,5	    0,031625	162,3
     34,3954	    0,030919	164,1	   0,0312439	163,8
     34,3974	   0,0310648	164,1	   0,0316504	163,8
     34,3993	   0,0312447	164,4	   0,0308182	165,5
     34,4013	   0,0308566	164,6	   0,0314311	164,6
     34,4032	   0,0306729	165,1	   0,0314404	165,3
     34,4052	   0,0305202	165,8	   0,0314046	165,4
     34,4071	   0,0314537	166,3	   0,0313094	166,3
     34,4091	   0,0304246	166,5	   0,0313167	165,4
      34,411	    0,031264	167,3	   0,0312772	165,6
      34,413	   0,0302973	166,7	   0,0306156	165,6
      34,415	   0,0306297	167,3	   0,0312496	166,4
     34,4169	   0,0311918	166,2	   0,0305281	166,8
     34,4189	   0,0308389	166,0	   0,0306064	167,3
     34,4208	   0,0307391	166,8	   0,0312451	167,0
     34,4228	   0,0306319	167,0	   0,0311086	167,3
     34,4247	   0,0310743	167,1	   0,0309347	168,6
     34,4267	   0,0310236	167,3	   0,0306456	169,0
     34,4286	   0,0306064	168,1	   0,0304683	167,5
     34,4306	   0,0306089	168,8	   0,0308191	167,7
     34,4326	      0,0304	170,5	   0,0307095	168,4
     34,4345	   0,0302746	169,5	   0,0298703	167,7
     34,4365	   0,0297053	170,1	    0,030559	168,8
     34,4384	   0,0306976	170,5	   0,0306638	168,6
     34,4404	   0,0303708	170,8	   0,0305842	170,9
     34,4423	   0,0306642	171,4	   0,0300399	171,7
     34,4443	   0,0301901	171,0	   0,0305277	171,0
     34,4462	   0,0301989	171,0	   0,0305203	171,1
     34,4482	   0,0305689	170,3	    0,030536	172,3
     34,4501	   0,0301896	171,9	    0,029898	172,9
     34,4521	    0,030557	171,5	   0,0296964	171,3
     34,4541	   0,0304958	171,3	   0,0299138	172,6
      34,456	   0,0297521	172,9	   0,0298344	172,3
      34,458	   0,0302955	172,7	   0,0294553	172,5
     34,4599	   0,0303212	172,2	   0,0296781	172,3
     34,4619	   0,0301987	173,4	   0,0300672	172,1
     34,4638	   0,0298399	173,6	   0,0291423	172,9
     34,4658	   0,0300485	173,5	   0,0298591	173,0
     34,4677	   0,0289621	173,6	   0,0300526	174,1
     34,4697	   0,0299954	172,8	   0,0298401	174,6
     34,4717	    0,029959	174,5	   0,0298113	175,6
     34,4736	   0,0299364	173,9	   0,0297325	175,8
     34,4756	   0,0298653	174,5	    0,029583	175,5
     34,4775	   0,0295571	175,6	    0,029539	176,9
     34,4795	   0,0294979	175,0	   0,0290794	175,8
     34,4814	   0,0292571	175,8	   0,0288675	175,5
     34,4834	   0,0291068	175,7	    0,029628	176,1
     34,4853	   0,0295229	176,4	   0,0281591	176,7
     34,4873	   0,0294747	176,6	   0,0294281	176,7
     34,4892	   0,0288175	176,5	   0,0293886	176,3
     34,4912	   0,0293453	177,2	   0,0285111	176,6
     34,4932	   0,0293849	177,0	   0,0286681	176,8
     34,4951	    0,029289	176,9	   0,0282416	177,7
     34,4971	   0,0289881	178,0	   0,0290834	178,7
      34,499	   0,0285256	178,5	   0,0290953	178,5
      34,501	    0,028948	179,3	   0,0289648	179,2
     34,5029	   0,0289445	180,1	   0,0283179	178,5
     34,5049	   0,0286006	180,6	   0,0288682	178,7
     34,5068	   0,0287577	180,9	    0,028681	178,2
     34,5088	   0,0280977	180,2	   0,0285248	179,2
     34,5108	   0,0287238	180,8	   0,0286585	179,2
     34,5127	    0,028298	181,4	   0,0285648	179,6
     34,5147	   0,0283507	181,0	   0,0285448	180,2
     34,5166	   0,0283801	180,8	   0,0282472	180,2
     34,5186	   0,0284515	180,9	   0,0276927	181,9
     34,5205	   0,0281808	182,0	   0,0284082	181,1
     34,5225	   0,0282932	181,6	   0,0281393	180,7
     34,5244	   0,0271418	182,7	   0,0279288	180,8
     34,5264	   0,0273117	182,9	   0,0279692	181,6
     34,5283	   0,0280892	182,9	   0,0279476	181,2
     34,5303	   0,0279455	183,6	   0,0279607	181,8
     34,5323	    0,027959	183,5	   0,0278563	183,3
     34,5342	   0,0278685	183,8	      0,0278	183,5
     34,5362	   0,0271902	184,4	   0,0277867	184,0
     34,5381	   0,0277881	182,9	   0,0277495	184,0
     34,5401	   0,0273961	183,7	   0,0276547	184,5
      34,542	   0,0272987	182,8	   0,0275595	184,2
      34,544	   0,0268344	183,8	   0,0275145	184,4
     34,5459	   0,0274644	183,3	   0,0273884	185,0
     34,5479	   0,0274262	186,1	   0,0274045	185,1
     34,5499	   0,0272888	185,9	   0,0265461	183,2
     34,5518	    0,027251	185,9	   0,0272379	184,9
     34,5538	   0,0270691	187,2	   0,0265357	185,1
     34,5557	   0,0263497	186,8	   0,0266661	185,5
     34,5577	   0,0262907	187,5	   0,0269978	184,8
     34,5596	   0,0266503	186,2	   0,0268731	184,7
     34,5616	   0,0267992	187,2	    0,026756	186,1
     34,5635	   0,0267134	187,0	   0,0267656	186,2
     34,5655	   0,0265256	185,5	   0,0268367	186,3
     34,5674	   0,0263467	186,7	   0,0261078	187,7
     34,5694	    0,026537	187,9	   0,0266056	188,4
     34,5714	   0,0262126	186,8	   0,0265605	188,3
     34,5733	    0,026402	188,8	   0,0259399	188,4
     34,5753	    0,026311	188,9	   0,0263201	186,4
     34,5772	   0,0260329	189,1	   0,0261884	187,5
     34,5792	   0,0261565	189,7	   0,0263537	187,3
     34,5811	   0,0261368	189,3	   0,0261514	187,5
     34,5831	    0,025786	187,9	   0,0259882	187,3
      34,585	   0,0259722	188,4	   0,0259244	189,7
      34,587	    0,025299	188,3	   0,0258671	189,4
      34,589	   0,0252344	189,8	   0,0257286	189,4
     34,5909	   0,0257068	188,9	   0,0257897	190,8
     34,5929	   0,0253189	189,2	   0,0258221	190,6
     34,5948	    0,025544	190,0	   0,0256695	190,6
     34,5968	    0,025233	190,8	   0,0256246	191,0
     34,5987	   0,0254736	190,4	   0,0254345	190,6
     34,6007	   0,0254532	191,2	    0,025461	189,7
     34,6026	   0,0248127	192,4	   0,0253192	191,4
     34,6046	   0,0253304	190,6	    0,025376	192,6
     34,6065	   0,0246298	192,3	   0,0252056	191,9
     34,6085	    0,025109	191,6	   0,0250768	192,1
     34,6105	   0,0247098	193,0	   0,0250169	192,5
     34,6124	   0,0246652	192,7	   0,0251258	191,6
     34,6144	   0,0249646	192,8	   0,0242683	192,2
     34,6163	   0,0248038	192,5	   0,0248057	192,4
     34,6183	   0,0241086	192,9	   0,0248511	191,4
     34,6202	   0,0246594	192,4	   0,0247656	191,8
     34,6222	   0,0243084	192,3	   0,0246986	191,5
     34,6241	   0,0245699	192,4	   0,0245034	191,5
     34,6261	   0,0244825	192,6	   0,0240339	193,1
     34,6281	   0,0243614	193,8	   0,0242254	193,8
       34,63	   0,0242177	193,8	   0,0242414	195,0
      34,632	   0,0240238	195,1	    0,024263	194,0
     34,6339	   0,0239154	193,7	   0,0237878	194,8
     34,6359	   0,0237935	193,8	   0,0240464	194,5
     34,6378	   0,0241506	194,7	   0,0241925	195,4
     34,6398	   0,0239771	194,9	   0,0238842	192,9
     34,6417	    0,023786	195,4	   0,0238318	194,5
     34,6437	   0,0237704	194,9	    0,023842	193,0
     34,6456	   0,0234758	195,1	    0,023742	194,2
     34,6476	   0,0228176	195,8	   0,0235587	194,1
     34,6496	   0,0231945	194,9	   0,0234471	195,1
     34,6515	   0,0234319	195,7	   0,0235238	195,3
     34,6535	    0,023308	195,0	   0,0233544	196,8
     34,6554	   0,0229462	197,3	   0,0233714	195,8
     34,6574	   0,0232277	196,2	   0,0232901	196,6
     34,6593	   0,0231579	195,8	   0,0232562	197,0
     34,6613	   0,0230681	196,2	   0,0232396	195,6
     34,6632	   0,0229786	195,7	   0,0228905	195,4
     34,6652	   0,0224041	196,5	    0,022965	195,9
     34,6672	   0,0228915	197,3	   0,0230459	196,1
     34,6691	   0,0222405	198,1	   0,0227858	196,8
     34,6711	   0,0226826	197,6	   0,0227597	196,7
      34,673	   0,0227339	197,5	   0,0227434	197,7
      34,675	   0,0224569	197,9	   0,0227989	197,8
     34,6769	   0,0223763	197,1	   0,0225848	197,3
     34,6789	   0,0219128	198,0	     0,02255	198,8
     34,6808	   0,0224575	197,9	   0,0225496	198,2
     34,6828	   0,0221763	198,1	   0,0224485	198,2
     34,6847	    0,021682	199,1	   0,0223602	197,6
     34,6867	   0,0221858	199,0	   0,0217993	198,2
     34,6887	    0,022123	199,5	   0,0221041	198,1
     34,6906	   0,0220806	200,0	   0,0222184	199,7
     34,6926	   0,0218722	198,5	    0,022079	199,9
     34,6945	    0,021824	198,8	   0,0219937	199,5
     34,6965	   0,0218222	199,0	   0,0219383	199,8
     34,6984	   0,0214098	-159,5	   0,0218367	198,4
     34,7004	   0,0217534	-159,5	   0,0217472	199,5
     34,7023	   0,0215424	-158,8	   0,0217636	199,8
     34,7043	   0,0212835	-158,7	   0,0216179	-159,7
     34,7063	   0,0214859	-158,7	   0,0216576	-159,4
     34,7082	   0,0214148	-160,1	   0,0216852	-159,6
     34,7102	   0,0211337	-159,5	   0,0214299	-160,2
     34,7121	   0,0208453	-159,7	   0,0214035	-159,6
     34,7141	   0,0212084	-158,8	   0,0212477	-159,1
      34,716	   0,0204636	-157,0	   0,0213206	-158,2
      34,718	   0,0211768	-158,9	   0,0213013	-158,4
     34,7199	   0,0208493	-158,6	   0,0211865	-158,2
     34,7219	   0,0204952	-158,2	   0,0210645	-160,2
     34,7239	   0,0205773	-157,4	   0,0210005	-159,5
     34,7258	   0,0208588	-157,4	   0,0209491	-159,6
     34,7278	   0,0207905	-157,5	   0,0209211	-159,1
     34,7297	    0,020118	-156,6	   0,0206752	-158,2
     34,7317	   0,0204986	-159,2	   0,0207744	-157,7
     34,7336	   0,0204206	-156,8	   0,0206634	-158,4
     34,7356	    0,020264	-157,1	   0,0206612	-158,8
     34,7375	   0,0203965	-157,0	    0,020573	-158,3
     34,7395	   0,0197614	-157,6	   0,0205715	-157,6
     34,7414	   0,0198635	-158,2	   0,0205083	-157,2
     34,7434	   0,0202654	-157,5	   0,0203563	-157,8
     34,7454	   0,0200321	-157,6	    0,020355	-156,7
     34,7473	   0,0194072	-158,2	   0,0202649	-156,9
     34,7493	   0,0200242	-156,4	   0,0200311	-156,3
     34,7512	     0,01947	-155,5	   0,0200912	-157,1
     34,7532	   0,0198155	-155,2	   0,0201838	-157,7
     34,7551	   0,0197492	-157,0	   0,0199037	-156,4
     34,7571	   0,0195174	-156,5	   0,0199285	-156,1
      34,759	   0,0198036	-155,9	   0,0199258	-155,9
      34,761	     0,01974	-155,7	   0,0198283	-155,9
      34,763	    0,019499	-156,2	   0,0197067	-155,9
     34,7649	   0,0195186	-154,8	   0,0196045	-156,7
     34,7669	   0,0192733	-154,9	   0,0195439	-156,6
     34,7688	   0,0193507	-154,7	   0,0196055	-154,8
     34,7708	   0,0193986	-154,1	   0,0194737	-155,4
     34,7727	   0,0191856	-154,4	    0,019456	-155,5
     34,7747	   0,0191305	-155,1	   0,0193947	-156,3
     34,7766	   0,0191012	-154,6	    0,019243	-155,7
     34,7786	   0,0190157	-153,6	   0,0192598	-156,1
     34,7805	   0,0188992	-154,9	   0,0192338	-155,0
     34,7825	   0,0189061	-155,0	   0,0192053	-154,1
     34,7845	   0,0188533	-154,3	   0,0189943	-154,3
     34,7864	   0,0187851	-154,6	   0,0189602	-154,7
     34,7884	   0,0188034	-153,9	   0,0186527	-155,2
     34,7903	   0,0186827	-153,3	   0,0188357	-154,6
     34,7923	   0,0174567	-152,1	   0,0188988	-154,3
     34,7942	   0,0182834	-154,6	   0,0188273	-153,8
     34,7962	   0,0185782	-154,4	    0,018615	-153,5
     34,7981	   0,0185333	-153,6	   0,0186478	-153,6
     34,8001	   0,0180214	-152,7	   0,0185553	-153,4
     34,8021	   0,0181799	-152,5	   0,0185127	-154,5
      34,804	   0,0183788	-154,1	   0,0185446	-154,4
      34,806	   0,0183176	-153,8	   0,0183571	-153,9
     34,8079	   0,0181561	-152,3	   0,0183434	-151,8
     34,8099	   0,0175501	-151,8	   0,0180909	-152,8
     34,8118	   0,0180405	-153,2	   0,0182311	-154,1
     34,8138	   0,0179759	-153,7	    0,018177	-154,4
     34,8157	   0,0178724	-152,8	   0,0180669	-153,8
     34,8177	   0,0176561	-152,5	   0,0178073	-153,2
     34,8196	   0,0169352	-151,8	   0,0179585	-152,3
     34,8216	   0,0172979	-151,4	   0,0179211	-151,8
     34,8236	    0,017644	-152,8	   0,0178892	-153,2
     34,8255	   0,0173697	-152,8	   0,0178494	-152,5
     34,8275	   0,0175585	-151,2	   0,0177473	-152,0
     34,8294	   0,0174123	-152,7	   0,0176749	-151,2
     34,8314	   0,0175196	-152,5	   0,0174362	-151,6
     34,8333	   0,0170129	-149,7	   0,0176493	-150,7
     34,8353	   0,0173573	-151,5	   0,0175761	-151,5
     34,8372	   0,0174319	-151,3	   0,0174892	-153,4
     34,8392	   0,0168657	-149,8	      0,0175	-152,2
     34,8412	   0,0171917	-152,2	   0,0173075	-151,3
     34,8431	   0,0168724	-150,1	   0,0173072	-152,1
     34,8451	   0,0169966	-152,1	   0,0171292	-152,6
      34,847	   0,0167931	-151,7	   0,0172151	-151,7
      34,849	   0,0170502	-151,7	   0,0171747	-151,5
     34,8509	   0,0169093	-150,3	   0,0170384	-150,7
     34,8529	   0,0168756	-149,8	   0,0171146	-152,0
     34,8548	   0,0163286	-148,5	   0,0169156	-151,2
     34,8568	   0,0165106	-150,6	   0,0168808	-150,7
     34,8587	   0,0164225	-150,6	   0,0168662	-151,0
     34,8607	   0,0164917	-149,7	   0,0168177	-150,3
     34,8627	   0,0164341	-149,0	   0,0167397	-151,1
     34,8646	   0,0165563	-150,2	   0,0163235	-150,6
     34,8666	   0,0166361	-150,1	   0,0166047	-151,2
     34,8685	   0,0160016	-148,1	   0,0166389	-150,4
     34,8705	    0,016337	-150,0	   0,0164259	-149,5
     34,8724	   0,0162802	-149,4	   0,0164711	-149,4
     34,8744	   0,0159798	-149,8	    0,016348	-149,8
     34,8763	   0,0158386	-147,2	   0,0163022	-150,3
     34,8783	   0,0161434	-148,3	   0,0163294	-150,0
     34,8803	   0,0161252	-149,4	   0,0162301	-149,5
     34,8822	   0,0157801	-148,8	   0,0160817	-149,8
     34,8842	   0,0156068	-147,0	   0,0161835	-149,5
     34,8861	   0,0158209	-148,6	   0,0159566	-150,3
     34,8881	   0,0159797	-149,6	   0,0160256	-150,6
       34,89	   0,0151425	-149,2	   0,0158459	-149,3
      34,892	   0,0156989	-149,5	   0,0159771	-148,1
     34,8939	   0,0157329	-148,4	   0,0159967	-148,2
     34,8959	   0,0157275	-147,8	   0,0159742	-150,2
     34,8979	   0,0153336	-145,8	   0,0158497	-149,3
     34,8998	   0,0146621	-146,6	   0,0156779	-147,7
     34,9018	   0,0155975	-148,0	   0,0157312	-148,2
     34,9037	   0,0155152	-147,6	   0,0155318	-147,7
     34,9057	   0,0151114	-148,0	   0,0157613	-149,0
     34,9076	   0,0150385	-147,5	   0,0150873	-149,8
     34,9096	   0,0151304	-147,3	    0,015474	-149,4
     34,9115	   0,0149132	-146,3	    0,015378	-148,2
     34,9135	   0,0142617	-146,5	   0,0154899	-148,4
     34,9154	    0,014997	-146,2	   0,0153367	-147,5
     34,9174	   0,0144242	-145,9	   0,0153226	-147,9
     34,9194	    0,014815	-145,3	   0,0147571	-147,3
     34,9213	   0,0151113	-146,1	   0,0151987	-148,0
     34,9233	   0,0149672	-148,6	   0,0151546	-149,2
     34,9252	   0,0146813	-146,5	   0,0150544	-149,0
     34,9272	   0,0149233	-148,0	   0,0151165	-147,7
     34,9291	   0,0147685	-147,0	   0,0149666	-146,3
     34,9311	   0,0148593	-148,1	   0,0150264	-146,5
      34,933	   0,0148442	-147,7	   0,0150413	-149,5
      34,935	   0,0146817	-146,0	    0,014918	-147,3
      34,937	   0,0146799	-146,6	   0,0146977	-147,4
     34,9389	   0,0146034	-148,1	   0,0142534	-143,4
     34,9409	   0,0145986	-147,7	   0,0147811	-148,2
     34,9428	   0,0146375	-146,9	   0,0146911	-147,9
     34,9448	   0,0145315	-145,7	   0,0145872	-147,8
     34,9467	   0,0141367	-147,4	   0,0146315	-147,1
     34,9487	   0,0141622	-145,4	   0,0145311	-147,7
     34,9506	   0,0137858	-147,4	     0,01461	-147,7
     34,9526	   0,0140344	-144,2	   0,0145381	-147,5
     34,9545	   0,0136984	-144,1	   0,0143296	-146,1
     34,9565	   0,0143476	-147,6	   0,0140248	-144,3
     34,9585	   0,0140705	-146,3	   0,0144442	-148,2
     34,9604	    0,014141	-146,8	   0,0142309	-146,4
     34,9624	   0,0141688	-146,6	   0,0141972	-147,5
     34,9643	   0,0136283	-145,2	   0,0142961	-147,0
     34,9663	   0,0139618	-146,5	   0,0141316	-147,4
     34,9682	   0,0140273	-145,1	   0,0141734	-145,6
     34,9702	   0,0134019	-142,8	   0,0141139	-146,5
     34,9721	   0,0133474	-143,3	   0,0140454	-147,0
     34,9741	   0,0137871	-146,4	   0,0139169	-147,9
     34,9761	   0,0138339	-145,9	    0,013444	-144,6
      34,978	   0,0133165	-142,5	   0,0139273	-146,3
       34,98	   0,0132057	-144,1	   0,0138694	-147,4
     34,9819	   0,0134424	-144,8	   0,0137661	-146,5
     34,9839	   0,0134164	-142,9	   0,0137166	-145,9
     34,9858	    0,013377	-144,7	   0,0137743	-145,0
     34,9878	   0,0133513	-143,9	   0,0136538	-146,3
     34,9897	   0,0134587	-146,8	   0,0136538	-146,4
     34,9917	   0,0134304	-145,3	   0,0136598	-145,7
     34,9936	   0,0133724	-144,4	   0,0135593	-144,8
     34,9956	   0,0134134	-144,6	   0,0134833	-146,4
     34,9976	   0,0134489	-146,3	   0,0134936	-146,4
     34,9995	   0,0127552	-144,4	   0,0131611	-145,1
     35,0015	   0,0131462	-146,1	   0,0134267	-144,9
     35,0034	   0,0129238	-145,0	   0,0133132	-146,0
     35,0054	   0,0129812	-144,5	   0,0133483	-146,9
     35,0073	   0,0130893	-145,0	   0,0133562	-145,5
     35,0093	   0,0131668	-144,1	   0,0133345	-144,7
     35,0112	   0,0130502	-143,9	    0,013199	-143,9
     35,0132	   0,0130069	-146,2	   0,0132674	-145,5
     35,0152	   0,0129784	-144,3	   0,0132222	-144,2
     35,0171	   0,0128589	-142,8	   0,0127072	-143,0
     35,0191	    0,012514	-141,8	   0,0130796	-146,4
      35,021	   0,0128591	-145,0	   0,0127765	-145,0
      35,023	   0,0125928	-145,6	   0,0129872	-144,6
     35,0249	   0,0127932	-144,2	   0,0126155	-142,4
     35,0269	    0,012731	-144,3	   0,0128909	-144,7
     35,0288	    0,012683	-143,5	   0,0126416	-143,2
     35,0308	   0,0124042	-145,0	   0,0128734	-143,4
     35,0327	   0,0125648	-144,5	   0,0123829	-145,6
     35,0347	   0,0126047	-144,5	   0,0122289	-145,4
     35,0367	   0,0126217	-144,4	   0,0127988	-143,3
     35,0386	   0,0125886	-145,0	   0,0122687	-143,7
     35,0406	   0,0124762	-143,5	   0,0123438	-143,0
     35,0425	   0,0124161	-144,1	   0,0127728	-143,3
     35,0445	   0,0123286	-143,1	   0,0122254	-143,2
     35,0464	   0,0118773	-140,6	   0,0122008	-144,7
     35,0484	   0,0123464	-143,9	   0,0123349	-143,8
     35,0503	   0,0122171	-144,1	   0,0120363	-140,2
     35,0523	   0,0122768	-144,7	   0,0124114	-144,9
     35,0543	   0,0122528	-142,8	   0,0123136	-143,8
     35,0562	   0,0122015	-143,1	   0,0121357	-143,6
     35,0582	    0,011689	-140,5	    0,011732	-144,6
     35,0601	   0,0121383	-144,2	   0,0122049	-144,4
     35,0621	    0,012158	-143,7	   0,0115485	-140,2
      35,064	   0,0116416	-139,1	   0,0117513	-139,3
      35,066	   0,0119306	-145,1	   0,0120415	-144,7
     35,0679	   0,0120312	-143,2	   0,0121969	-143,3
     35,0699	   0,0119688	-143,5	   0,0121076	-143,0
     35,0718	    0,011879	-145,0	   0,0120469	-144,4
     35,0738	    0,011827	-143,6	    0,011718	-141,9
     35,0758	   0,0118707	-142,7	   0,0117436	-142,7
     35,0777	    0,011411	-142,5	   0,0120102	-142,2
     35,0797	   0,0117206	-144,5	   0,0119863	-142,4
     35,0816	   0,0111288	-139,9	   0,0119332	-144,0
     35,0836	   0,0117542	-142,5	    0,011738	-144,1
     35,0855	   0,0115015	-142,3	   0,0119023	-143,2
     35,0875	   0,0116313	-144,3	   0,0117642	-142,9
     35,0894	    0,011248	-142,0	   0,0117576	-143,8
     35,0914	   0,0110095	-143,2	   0,0116789	-144,1
     35,0934	   0,0116148	-142,5	   0,0113618	-141,7
     35,0953	   0,0111691	-139,9	   0,0115697	-143,8
     35,0973	   0,0110506	-138,4	   0,0113257	-144,1
     35,0992	   0,0113865	-143,8	   0,0116409	-142,8
     35,1012	   0,0114145	-142,2	   0,0115158	-141,9
     35,1031	   0,0112493	-142,9	   0,0115074	-143,4
     35,1051	   0,0114341	-143,4	    0,011402	-143,2
      35,107	   0,0110285	-140,3	    0,011501	-143,1
      35,109	   0,0107241	-137,1	   0,0114741	-141,4
     35,1109	    0,011212	-142,7	   0,0113651	-143,1
     35,1129	   0,0109153	-143,2	   0,0113513	-143,1
     35,1149	   0,0107137	-141,9	   0,0104862	-135,4
     35,1168	   0,0109643	-143,2	   0,0109331	-139,9
     35,1188	   0,0103868	-139,4	   0,0109575	-143,3
     35,1207	   0,0105852	-136,3	   0,0111011	-142,5
     35,1227	   0,0110383	-142,9	     0,01125	-142,5
     35,1246	   0,0110342	-143,4	   0,0112035	-142,0
     35,1266	   0,0108386	-143,1	   0,0110832	-143,8
     35,1285	   0,0109349	-141,2	   0,0109924	-141,9
     35,1305	   0,0108356	-143,1	   0,0111883	-143,7
     35,1325	   0,0106749	-137,4	   0,0105831	-143,6
     35,1344	   0,0105836	-141,0	   0,0110014	-142,0
     35,1364	   0,0103424	-136,0	   0,0110411	-143,0
     35,1383	   0,0105358	-142,2	   0,0103789	-143,4
     35,1403	   0,0107352	-141,4	   0,0104222	-137,8
     35,1422	   0,0103586	-137,4	    0,010542	-141,3
     35,1442	   0,0102796	-143,1	   0,0104696	-141,9
     35,1461	   0,0107617	-141,2	   0,0108429	-141,2
     35,1481	   0,0104752	-139,8	   0,0107467	-142,4
       35,15	   0,0104183	-139,8	   0,0107173	-142,0
      35,152	   0,0106151	-141,3	   0,0103409	-138,8
      35,154	   0,0104925	-141,9	   0,0104575	-139,0
     35,1559	   0,0106045	-143,2	   0,0106475	-141,3
     35,1579	    0,010481	-141,7	   0,0102133	-142,8
     35,1598	   0,0102315	-141,2	   0,0105498	-143,0
     35,1618	   0,0104538	-142,6	   0,0105686	-141,6
     35,1637	  0,00967523	-134,6	   0,0100034	-140,6
     35,1657	   0,0104725	-141,8	   0,0100921	-143,2
     35,1676	   0,0103616	-143,7	   0,0100628	-138,9
     35,1696	    0,010371	-141,7	   0,0103387	-140,9
     35,1716	   0,0100302	-140,9	  0,00989013	-142,8
     35,1735	  0,00951019	-136,8	   0,0102356	-140,4
     35,1755	  0,00984469	-140,8	   0,0103875	-141,9
     35,1774	  0,00981073	-140,4	   0,0103391	-142,7
     35,1794	   0,0098775	-138,2	    0,010037	-141,4
     35,1813	  0,00948083	-134,3	    0,010218	-142,7
     35,1833	   0,0101647	-142,2	  0,00987248	-139,2
     35,1852	   0,0098162	-136,0	  0,00993885	-137,4
     35,1872	  0,00993125	-141,3	  0,00950122	-141,8
     35,1891	  0,00974318	-141,5	    0,010108	-143,4
     35,1911	  0,00984011	-138,4	   0,0100309	-141,6
     35,1931	   0,0100175	-142,1	  0,00991044	-142,0
      35,195	  0,00986094	-141,9	   0,0100669	-141,0
      35,197	  0,00968894	-140,8	  0,00958131	-140,3
     35,1989	  0,00983728	-138,5	   0,0100389	-142,1
     35,2009	  0,00942519	-136,2	  0,00958132	-135,0
     35,2028	  0,00989882	-142,5	    0,009944	-142,0
     35,2048	  0,00978097	-140,5	  0,00999767	-140,4
     35,2067	  0,00947098	-138,8	  0,00970134	-141,0
     35,2087	  0,00983484	-139,7	  0,00978344	-140,6
     35,2107	  0,00972102	-141,3	  0,00979643	-141,4
     35,2126	  0,00986578	-141,1	  0,00990448	-140,9
     35,2146	  0,00937235	-137,1	   0,0096569	-140,7
     35,2165	  0,00938028	-142,0	  0,00941889	-137,4
     35,2185	  0,00916345	-133,8	  0,00934502	-139,2
     35,2204	  0,00936048	-133,0	  0,00948169	-140,3
     35,2224	  0,00965792	-140,4	   0,0097031	-141,3
     35,2243	  0,00933736	-140,1	  0,00959444	-142,2
     35,2263	   0,0094447	-140,0	  0,00956343	-141,4
     35,2282	  0,00929166	-139,9	  0,00953243	-141,0
     35,2302	  0,00920607	-143,2	  0,00952017	-139,8
     35,2322	    0,009115	-136,2	  0,00954663	-140,7
     35,2341	  0,00933944	-140,2	  0,00935103	-141,0
     35,2361	  0,00933594	-138,9	  0,00955453	-140,9
      35,238	  0,00926891	-141,0	  0,00943958	-139,1
       35,24	  0,00912278	-139,3	  0,00941303	-140,6
     35,2419	  0,00926983	-138,6	  0,00929974	-140,9
     35,2439	  0,00935091	-141,9	  0,00924688	-135,8
     35,2458	  0,00926644	-139,7	  0,00928373	-142,6
     35,2478	  0,00888281	-135,7	  0,00881349	-129,3
     35,2498	  0,00923168	-140,8	  0,00938467	-140,4
     35,2517	    0,009325	-140,8	  0,00929949	-141,9
     35,2537	  0,00905075	-141,2	  0,00932273	-141,0
     35,2556	  0,00915071	-140,6	  0,00922277	-141,9
     35,2576	  0,00917911	-139,7	  0,00928912	-140,3
     35,2595	  0,00848422	-137,2	  0,00894348	-139,4
     35,2615	  0,00911511	-140,4	  0,00921312	-142,4
     35,2634	   0,0089241	-141,2	  0,00900381	-139,3
     35,2654	  0,00885544	-141,3	   0,0091824	-140,0
     35,2673	  0,00899813	-140,7	  0,00906835	-141,1
     35,2693	  0,00852388	-131,4	  0,00910389	-141,9
     35,2713	  0,00862497	-136,0	  0,00888216	-138,0
     35,2732	  0,00881318	-139,2	  0,00859518	-141,3
     35,2752	  0,00903933	-141,6	  0,00897305	-140,8
     35,2771	  0,00879923	-140,1	  0,00891619	-139,2
     35,2791	  0,00885965	-139,9	  0,00901223	-141,1
      35,281	  0,00846199	-134,7	  0,00890241	-140,3
      35,283	  0,00871725	-138,9	  0,00865249	-142,3
     35,2849	  0,00829167	-138,6	  0,00888365	-140,7
     35,2869	  0,00848341	-140,3	  0,00879194	-140,3
     35,2889	  0,00857713	-137,5	  0,00879643	-140,7
     35,2908	  0,00882358	-141,2	  0,00883189	-140,2
     35,2928	  0,00879474	-141,4	  0,00871494	-142,1
     35,2947	  0,00864649	-140,8	  0,00860574	-137,4
     35,2967	  0,00866764	-140,3	  0,00832127	-131,1
     35,2986	  0,00852029	-141,8	  0,00857546	-143,1
     35,3006	   0,0086016	-139,6	  0,00810273	-135,5
     35,3025	  0,00854816	-140,0	  0,00856366	-140,4
     35,3045	  0,00800344	-137,5	  0,00873971	-140,6
     35,3064	  0,00851598	-139,5	  0,00857213	-140,1
     35,3084	  0,00834987	-140,3	  0,00858293	-142,7
     35,3104	   0,0085038	-142,2	  0,00850704	-139,0
     35,3123	  0,00852969	-139,1	   0,0086409	-141,1
     35,3143	  0,00833366	-140,1	  0,00838392	-140,0
     35,3162	  0,00847414	-141,7	  0,00831534	-141,5
     35,3182	  0,00834785	-140,2	  0,00826279	-134,6
     35,3201	  0,00849129	-139,6	  0,00840627	-140,1
     35,3221	  0,00830133	-141,7	  0,00842958	-140,3
      35,324	  0,00836167	-140,3	  0,00830792	-139,6
      35,326	   0,0083272	-139,8	  0,00851266	-140,8
      35,328	  0,00831029	-140,3	  0,00829165	-136,3
     35,3299	  0,00822833	-139,3	  0,00816399	-141,8
     35,3319	  0,00831552	-141,6	  0,00821713	-139,7
     35,3338	  0,00821126	-140,0	  0,00840266	-140,4
     35,3358	  0,00828236	-139,7	  0,00824203	-142,4
     35,3377	  0,00788449	-141,5	  0,00827013	-140,7
     35,3397	  0,00771572	-135,8	  0,00806424	-138,9
     35,3416	  0,00801636	-140,1	  0,00821422	-139,9
     35,3436	  0,00767149	-132,9	    0,008054	-139,3
     35,3456	  0,00797636	-140,6	   0,0081845	-139,6
     35,3475	  0,00808088	-140,2	  0,00802181	-142,3
     35,3495	  0,00774211	-139,8	  0,00802565	-138,5
     35,3514	  0,00794883	-140,6	  0,00815328	-141,1
     35,3534	  0,00804779	-141,6	  0,00807098	-140,7
     35,3553	  0,00804051	-140,2	   0,0079495	-139,4
     35,3573	  0,00798305	-140,6	  0,00809201	-140,9
     35,3592	  0,00789529	-140,3	  0,00809131	-140,6
     35,3612	  0,00809641	-138,6	  0,00803516	-139,9
     35,3631	  0,00790862	-140,5	  0,00766733	-131,8
     35,3651	  0,00787088	-138,5	   0,0079256	-140,9
     35,3671	  0,00786654	-140,2	  0,00775357	-133,6
      35,369	  0,00801998	-140,6	  0,00792087	-138,5
      35,371	  0,00782156	-139,3	  0,00797399	-142,4
     35,3729	   0,0079043	-140,5	  0,00787897	-139,4
     35,3749	   0,0076858	-137,1	  0,00795259	-140,0
     35,3768	  0,00785438	-140,4	  0,00789933	-141,4
     35,3788	  0,00787634	-140,1	  0,00783522	-140,7
     35,3807	  0,00756292	-139,7	  0,00784551	-141,0
     35,3827	  0,00788116	-140,1	  0,00781516	-139,6
     35,3847	  0,00763132	-139,9	   0,0074685	-141,2
     35,3866	   0,0076903	-142,7	   0,0076343	-138,5
     35,3886	  0,00626617	-137,7	  0,00777323	-141,6
     35,3905	  0,00825876	-136,7	  0,00784667	-138,6
     35,3925	  0,00747909	-136,2	  0,00752812	-143,0
     35,3944	  0,00723482	-136,5	  0,00775422	-139,8
     35,3964	  0,00765216	-140,0	  0,00733886	-134,5
     35,3983	  0,00745165	-136,6	  0,00766366	-139,2
     35,4003	  0,00758584	-141,3	  0,00753759	-142,0
     35,4022	  0,00743604	-140,4	  0,00744489	-139,0
     35,4042	  0,00754327	-140,3	   0,0078009	-140,9
     35,4062	  0,00761808	-140,6	  0,00749674	-140,5
     35,4081	  0,00744914	-139,1	   0,0074883	-140,2
     35,4101	  0,00749373	-140,3	  0,00719487	-133,1
      35,412	   0,0073727	-140,6	  0,00733616	-140,5
      35,414	  0,00755804	-141,6	  0,00758012	-141,7
     35,4159	  0,00745374	-139,7	  0,00683882	-135,2
     35,4179	  0,00722767	-140,9	  0,00740217	-140,4
     35,4198	  0,00720908	-141,0	  0,00774116	-140,0
     35,4218	  0,00738575	-140,0	  0,00722597	-140,5
     35,4238	  0,00738047	-140,8	  0,00729618	-135,7
     35,4257	  0,00734549	-140,5	  0,00726487	-135,8
     35,4277	  0,00728581	-139,3	  0,00720265	-139,1
     35,4296	  0,00736767	-141,6	  0,00744059	-139,3
     35,4316	  0,00719801	-141,2	  0,00722685	-140,5
     35,4335	  0,00730061	-140,9	  0,00735466	-139,6
     35,4355	  0,00711696	-140,3	  0,00725422	-141,4
     35,4374	  0,00744287	-141,0	   0,0072121	-141,5
     35,4394	  0,00708685	-139,2	   0,0072325	-138,5
     35,4413	  0,00728227	-140,2	  0,00721865	-141,4
     35,4433	  0,00705663	-140,2	  0,00713908	-139,5
     35,4453	  0,00711804	-139,8	  0,00723786	-140,2
     35,4472	  0,00712044	-142,1	  0,00716788	-139,7
     35,4492	  0,00720236	-140,9	  0,00723048	-139,9
     35,4511	  0,00711476	-141,1	  0,00720056	-140,2
     35,4531	  0,00692171	-139,9	  0,00712211	-139,9
      35,455	  0,00712211	-139,8	  0,00706776	-140,9
      35,457	  0,00710809	-139,6	   0,0070871	-138,7
     35,4589	  0,00702584	-141,0	  0,00711236	-142,3
     35,4609	   0,0069988	-141,4	  0,00698656	-139,9
     35,4629	  0,00702414	-139,5	  0,00719657	-139,1
     35,4648	  0,00702977	-140,5	  0,00704523	-140,5
     35,4668	  0,00696222	-139,5	  0,00666562	-131,8
     35,4687	  0,00692841	-140,3	  0,00699996	-141,8
     35,4707	  0,00693008	-140,7	  0,00698515	-140,0
     35,4726	  0,00685728	-142,4	  0,00700437	-140,5
     35,4746	  0,00701052	-139,3	  0,00675474	-141,9
     35,4765	  0,00687324	-141,0	  0,00704861	-140,1
     35,4785	  0,00686518	-140,0	  0,00691653	-141,7
     35,4804	   0,0068379	-139,2	  0,00672722	-140,0
     35,4824	   0,0069607	-140,9	  0,00697805	-139,4
     35,4844	  0,00680523	-140,6	  0,00679452	-140,5
     35,4863	  0,00687963	-139,8	  0,00672893	-138,2
     35,4883	  0,00677028	-140,5	  0,00680528	-141,3
     35,4902	   0,0067983	-141,9	  0,00679214	-140,5
     35,4922	   0,0067214	-140,3	  0,00663843	-140,1
     35,4941	  0,00670948	-139,9	    0,006796	-140,6
     35,4961	  0,00674894	-139,0	  0,00680036	-139,5
      35,498	  0,00670124	-140,9	  0,00667003	-137,5
        35,5	  0,00661859	-140,0	  0,00666415	-141,3

