X-Data [Hz]	Laser (M - Filtered) [m/s]	Phase [Deg]	Laser (M - Filtered) [m/s]	Phase [Deg]	
	002: [06-26-24 14:07]		003: [06-26-24 14:17]	
        30,5	  0,00859907	74,6	  0,00958759	73,6
      30,502	  0,00903478	74,9	  0,00952886	74,1
     30,5039	  0,00926884	75,1	  0,00960357	74,4
     30,5059	   0,0094934	73,7	  0,00961112	73,4
     30,5078	  0,00968413	74,2	  0,00959768	72,9
     30,5098	  0,00966447	74,0	  0,00959436	75,2
     30,5117	  0,00960555	74,3	  0,00957838	75,2
     30,5137	  0,00964986	73,7	  0,00970026	74,6
     30,5156	  0,00962579	73,4	  0,00968723	73,4
     30,5176	  0,00965227	73,6	   0,0096508	73,1
     30,5196	  0,00968818	73,9	  0,00962313	73,8
     30,5215	  0,00966843	74,0	  0,00958287	74,1
     30,5235	  0,00966849	74,1	  0,00966349	74,2
     30,5254	  0,00964828	74,8	  0,00970588	74,3
     30,5274	  0,00968754	74,3	  0,00971156	75,1
     30,5293	  0,00972488	74,6	  0,00968465	75,9
     30,5313	  0,00972926	73,0	  0,00967772	72,8
     30,5332	  0,00966422	73,4	  0,00971856	73,7
     30,5352	  0,00965834	74,7	  0,00968519	74,5
     30,5371	  0,00976116	73,9	  0,00971531	75,1
     30,5391	  0,00979735	72,9	  0,00978571	73,9
     30,5411	  0,00978312	74,4	  0,00976744	74,9
      30,543	  0,00980011	75,2	  0,00978282	74,5
      30,545	  0,00971845	74,5	  0,00973975	74,4
     30,5469	  0,00974624	73,3	  0,00979008	73,8
     30,5489	   0,0097936	73,6	  0,00980082	73,9
     30,5508	  0,00975856	74,2	  0,00979223	73,5
     30,5528	  0,00979432	74,4	  0,00978143	73,9
     30,5547	  0,00976479	74,0	  0,00977916	73,2
     30,5567	   0,0097696	74,6	  0,00980419	73,2
     30,5587	  0,00978151	74,1	   0,0097713	74,7
     30,5606	  0,00988819	74,4	  0,00978372	75,0
     30,5626	  0,00984518	72,8	  0,00984932	74,7
     30,5645	  0,00983239	73,7	  0,00986448	73,2
     30,5665	  0,00979138	74,6	  0,00986391	74,1
     30,5684	  0,00985839	74,5	  0,00987846	73,3
     30,5704	  0,00984224	73,8	  0,00989967	73,7
     30,5723	  0,00986757	73,3	  0,00995122	72,8
     30,5743	  0,00987466	73,6	  0,00987544	74,4
     30,5762	   0,0098646	73,8	  0,00985759	74,5
     30,5782	  0,00987336	74,1	  0,00989662	74,9
     30,5802	  0,00994068	72,9	  0,00999006	73,1
     30,5821	  0,00988457	74,9	  0,00994183	73,2
     30,5841	  0,00993543	75,1	   0,0098653	74,9
      30,586	  0,00998394	74,5	   0,0099189	74,9
      30,588	  0,00992284	74,0	  0,00996102	74,2
     30,5899	  0,00989145	73,3	  0,00991822	73,8
     30,5919	   0,0100075	73,2	  0,00997904	74,8
     30,5938	  0,00995337	75,1	   0,0100784	75,2
     30,5958	  0,00996093	74,3	  0,00999437	73,2
     30,5978	  0,00997384	74,0	  0,00994798	73,6
     30,5997	   0,0099411	74,5	  0,00996785	73,9
     30,6017	  0,00996033	75,2	   0,0100091	74,6
     30,6036	   0,0100043	74,8	   0,0100634	73,9
     30,6056	   0,0101388	73,4	    0,010028	74,7
     30,6075	  0,00999458	73,6	   0,0100169	74,1
     30,6095	  0,00992964	74,1	   0,0101249	73,5
     30,6114	   0,0100459	73,2	   0,0100403	74,5
     30,6134	   0,0100893	73,3	  0,00995172	73,0
     30,6153	   0,0100791	73,6	    0,010055	73,2
     30,6173	   0,0101121	74,3	   0,0100508	73,1
     30,6193	   0,0100745	74,2	    0,010036	75,1
     30,6212	   0,0101688	75,8	   0,0100543	74,5
     30,6232	   0,0100735	72,6	   0,0101163	74,5
     30,6251	  0,00979356	75,4	   0,0101045	72,3
     30,6271	   0,0101041	72,0	   0,0101096	72,9
      30,629	   0,0104556	75,9	   0,0101291	73,5
      30,631	  0,00976412	75,8	   0,0101261	74,2
     30,6329	  0,00996468	72,7	   0,0101423	74,4
     30,6349	   0,0102989	73,0	   0,0101505	73,5
     30,6369	   0,0102248	73,8	   0,0101432	73,2
     30,6388	   0,0100499	75,5	   0,0102292	74,2
     30,6408	   0,0101997	74,2	   0,0101553	74,6
     30,6427	   0,0102576	74,0	   0,0101397	74,7
     30,6447	   0,0102468	73,2	   0,0102682	73,7
     30,6466	    0,010144	73,2	   0,0102213	73,4
     30,6486	   0,0102144	74,7	   0,0101494	73,5
     30,6505	   0,0102296	74,3	   0,0102371	73,6
     30,6525	    0,010305	74,4	    0,010267	74,7
     30,6544	   0,0101968	72,9	   0,0102155	74,1
     30,6564	   0,0102618	72,6	   0,0102379	73,9
     30,6584	   0,0102738	73,1	   0,0102846	73,1
     30,6603	   0,0102804	74,3	   0,0102947	72,8
     30,6623	   0,0102747	74,4	    0,010306	74,5
     30,6642	   0,0103208	74,8	   0,0102223	75,0
     30,6662	   0,0102242	72,5	   0,0103665	74,6
     30,6681	    0,010349	73,1	   0,0103421	73,3
     30,6701	   0,0103058	73,6	   0,0102597	74,2
      30,672	   0,0103398	74,4	   0,0103414	73,9
      30,674	   0,0103053	74,5	   0,0103804	73,5
      30,676	   0,0103615	73,6	   0,0102615	75,1
     30,6779	   0,0103869	73,7	   0,0103741	75,9
     30,6799	    0,010389	73,1	   0,0104143	73,0
     30,6818	   0,0104064	74,7	   0,0103412	73,3
     30,6838	   0,0103827	74,7	   0,0103103	74,3
     30,6857	   0,0103944	75,2	   0,0104223	75,5
     30,6877	   0,0104013	73,5	   0,0104445	74,5
     30,6896	   0,0104732	74,5	   0,0104065	73,2
     30,6916	   0,0104071	73,8	   0,0104438	73,6
     30,6935	   0,0104245	73,6	   0,0104431	73,4
     30,6955	    0,010499	73,0	   0,0104809	74,5
     30,6975	   0,0103858	75,4	   0,0104949	73,9
     30,6994	   0,0104344	74,0	    0,010433	74,4
     30,7014	   0,0104811	73,3	   0,0104589	74,5
     30,7033	   0,0104844	73,5	   0,0104986	75,3
     30,7053	   0,0105281	73,2	   0,0104814	73,6
     30,7072	   0,0104927	75,7	   0,0105152	73,6
     30,7092	   0,0104898	73,8	   0,0105646	73,0
     30,7111	   0,0105364	73,5	   0,0105193	74,8
     30,7131	   0,0106541	75,1	    0,010508	74,0
     30,7151	   0,0104705	74,3	   0,0105002	74,1
      30,717	   0,0105657	74,4	   0,0106035	74,3
      30,719	     0,01061	72,7	   0,0105287	73,8
     30,7209	   0,0105682	74,0	    0,010567	74,9
     30,7229	    0,010517	74,8	   0,0106333	73,3
     30,7248	   0,0106035	73,6	   0,0105488	73,7
     30,7268	   0,0106666	75,1	   0,0106912	73,8
     30,7287	   0,0105576	74,4	   0,0106766	73,9
     30,7307	   0,0106817	75,4	   0,0106078	74,6
     30,7326	   0,0106929	73,6	   0,0106325	74,2
     30,7346	   0,0106825	73,3	   0,0106766	74,6
     30,7366	   0,0106514	73,3	   0,0106991	74,4
     30,7385	   0,0107097	74,6	   0,0106735	73,1
     30,7405	    0,010729	74,9	   0,0106915	72,9
     30,7424	   0,0106258	74,3	   0,0107304	75,0
     30,7444	   0,0107465	73,6	   0,0107384	73,7
     30,7463	   0,0107859	75,0	   0,0107079	74,0
     30,7483	   0,0107222	73,0	   0,0107762	73,8
     30,7502	   0,0107264	72,2	   0,0107244	74,3
     30,7522	   0,0107864	73,9	   0,0107848	75,0
     30,7542	   0,0107426	74,4	   0,0108569	72,8
     30,7561	   0,0107999	75,1	   0,0107512	73,5
     30,7581	   0,0107917	74,6	   0,0107783	74,6
       30,76	   0,0107772	74,6	   0,0108328	73,7
      30,762	   0,0108386	74,3	   0,0107882	74,2
     30,7639	   0,0108461	73,9	   0,0108446	74,5
     30,7659	   0,0108168	74,3	    0,010875	75,5
     30,7678	   0,0108759	73,8	   0,0109218	74,6
     30,7698	   0,0108738	73,7	   0,0108079	73,9
     30,7717	   0,0108256	75,4	   0,0110273	73,4
     30,7737	   0,0109462	74,2	   0,0108279	73,6
     30,7757	   0,0109327	74,1	   0,0108906	73,1
     30,7776	   0,0108478	73,5	   0,0109566	73,2
     30,7796	   0,0109505	74,6	   0,0108602	73,6
     30,7815	   0,0109766	72,9	    0,010951	74,4
     30,7835	   0,0108904	72,9	   0,0109763	75,0
     30,7854	   0,0109836	73,1	   0,0109194	75,2
     30,7874	   0,0109837	74,4	   0,0110328	73,6
     30,7893	   0,0109658	74,7	   0,0109849	73,8
     30,7913	   0,0110235	73,6	   0,0110285	73,8
     30,7933	   0,0110061	74,9	   0,0110233	73,7
     30,7952	   0,0110079	73,7	    0,011046	74,0
     30,7972	   0,0110249	74,2	    0,011066	73,7
     30,7991	   0,0110301	74,3	   0,0110846	74,8
     30,8011	   0,0110425	73,9	   0,0109727	75,1
      30,803	   0,0110823	74,3	   0,0112205	74,4
      30,805	   0,0111345	74,5	   0,0110498	72,7
     30,8069	   0,0111155	73,8	   0,0110638	74,3
     30,8089	   0,0111105	74,7	   0,0111499	73,0
     30,8109	   0,0111191	72,0	   0,0111584	73,2
     30,8128	   0,0111498	74,3	   0,0111472	73,1
     30,8148	   0,0112221	73,6	   0,0111453	74,7
     30,8167	   0,0111071	74,0	   0,0112505	74,2
     30,8187	   0,0111488	74,3	   0,0111281	73,8
     30,8206	   0,0111456	72,9	    0,011177	75,7
     30,8226	   0,0112354	73,9	    0,011289	74,9
     30,8245	   0,0112192	74,7	   0,0112035	74,1
     30,8265	   0,0111816	74,4	   0,0112169	73,9
     30,8284	    0,011269	74,0	   0,0111953	74,3
     30,8304	   0,0112363	74,8	   0,0113175	73,1
     30,8324	   0,0112177	73,5	   0,0112063	72,8
     30,8343	   0,0113699	74,5	    0,011288	74,2
     30,8363	   0,0111788	74,2	   0,0113072	73,2
     30,8382	   0,0113754	73,3	   0,0113157	73,4
     30,8402	   0,0112648	73,5	   0,0113483	73,5
     30,8421	   0,0113466	73,5	   0,0113628	73,7
     30,8441	    0,011345	72,8	   0,0113132	73,7
      30,846	   0,0112924	73,8	   0,0113885	73,4
      30,848	   0,0113687	73,9	   0,0114214	74,6
       30,85	   0,0114198	73,4	   0,0113985	75,0
     30,8519	   0,0113223	74,4	   0,0113894	75,0
     30,8539	   0,0114024	74,0	   0,0114325	75,0
     30,8558	   0,0114441	74,8	   0,0114813	74,5
     30,8578	   0,0114122	74,7	   0,0114405	74,1
     30,8597	   0,0114548	73,9	   0,0114545	75,0
     30,8617	   0,0114746	73,4	   0,0115159	74,8
     30,8636	   0,0114884	74,5	   0,0115098	73,6
     30,8656	   0,0114506	73,7	   0,0114223	74,4
     30,8675	   0,0115595	73,8	   0,0115424	74,1
     30,8695	   0,0115229	74,7	   0,0114773	73,3
     30,8715	    0,011488	74,0	    0,011531	74,1
     30,8734	   0,0115695	73,7	   0,0116524	72,7
     30,8754	    0,011536	75,0	   0,0115053	73,6
     30,8773	   0,0116022	74,2	    0,011636	74,7
     30,8793	    0,011589	75,2	   0,0115761	73,4
     30,8812	    0,011618	73,8	   0,0115729	73,6
     30,8832	   0,0116607	75,5	   0,0116492	73,5
     30,8851	    0,011585	74,8	   0,0116466	73,0
     30,8871	   0,0117301	73,7	    0,011583	73,7
     30,8891	   0,0116382	74,7	   0,0117551	74,3
      30,891	   0,0116627	73,2	     0,01159	74,3
      30,893	   0,0117942	73,4	   0,0116914	74,2
     30,8949	   0,0116338	74,1	   0,0116928	75,7
     30,8969	   0,0117682	73,3	   0,0117463	75,2
     30,8988	   0,0117076	73,9	   0,0117524	74,7
     30,9008	   0,0117526	73,0	   0,0117856	74,7
     30,9027	   0,0118594	75,4	   0,0117638	74,1
     30,9047	   0,0117861	75,1	   0,0117725	75,6
     30,9066	   0,0118401	74,0	   0,0118223	74,6
     30,9086	   0,0117609	74,6	   0,0118402	74,5
     30,9106	   0,0118213	74,7	   0,0118038	75,1
     30,9125	   0,0118718	74,2	   0,0119497	73,7
     30,9145	    0,011825	74,8	   0,0118572	75,6
     30,9164	   0,0119625	74,8	   0,0118998	74,1
     30,9184	   0,0118196	74,7	    0,011847	75,0
     30,9203	   0,0119475	74,6	   0,0119498	74,2
     30,9223	   0,0118841	75,3	   0,0119529	74,4
     30,9242	   0,0119578	74,7	    0,011901	74,5
     30,9262	   0,0119431	74,9	   0,0119452	75,6
     30,9282	   0,0119103	75,1	   0,0120419	74,5
     30,9301	   0,0120326	74,1	   0,0119341	74,7
     30,9321	   0,0119854	74,7	   0,0120712	74,5
      30,934	   0,0119496	73,9	   0,0119845	74,3
      30,936	   0,0120357	74,6	   0,0120753	75,8
     30,9379	   0,0119877	74,9	   0,0121189	73,4
     30,9399	   0,0121453	73,9	   0,0120503	74,7
     30,9418	   0,0120668	73,9	   0,0121685	75,0
     30,9438	   0,0121778	75,9	   0,0120628	74,0
     30,9457	   0,0120031	73,7	   0,0121575	76,1
     30,9477	   0,0121926	73,8	   0,0122205	74,1
     30,9497	   0,0120529	74,8	   0,0121063	74,9
     30,9516	   0,0121699	73,9	    0,012227	74,9
     30,9536	   0,0121982	73,2	   0,0121488	74,3
     30,9555	   0,0121775	74,9	   0,0122553	74,5
     30,9575	   0,0121887	73,3	   0,0122278	75,3
     30,9594	   0,0122529	73,7	   0,0123035	74,7
     30,9614	   0,0121784	74,0	   0,0121915	75,0
     30,9633	   0,0122651	73,2	   0,0123267	74,4
     30,9653	   0,0122617	73,7	    0,012285	75,1
     30,9673	   0,0123108	73,4	   0,0122782	75,2
     30,9692	   0,0122719	73,6	   0,0124307	74,5
     30,9712	   0,0123333	74,5	   0,0122506	75,2
     30,9731	   0,0122969	73,2	   0,0123714	75,0
     30,9751	   0,0123805	73,9	   0,0123376	74,5
      30,977	   0,0123756	73,3	   0,0124022	74,9
      30,979	   0,0124182	74,0	   0,0124254	74,6
     30,9809	   0,0124203	74,7	   0,0123696	74,2
     30,9829	   0,0124845	73,5	   0,0124777	74,6
     30,9848	   0,0123632	74,0	   0,0124055	74,8
     30,9868	   0,0125727	75,4	   0,0125511	75,4
     30,9888	    0,012405	73,6	   0,0125136	75,5
     30,9907	   0,0126422	73,7	   0,0125248	73,9
     30,9927	   0,0124465	73,6	   0,0125453	75,7
     30,9946	   0,0125876	73,2	    0,012576	74,7
     30,9966	   0,0125042	74,4	   0,0125664	73,9
     30,9985	   0,0126822	75,4	   0,0126162	75,4
     31,0005	   0,0124799	73,6	   0,0126165	73,7
     31,0024	   0,0126665	74,1	   0,0126221	73,7
     31,0044	   0,0125872	74,7	    0,012689	73,6
     31,0064	   0,0127171	73,7	    0,012647	74,0
     31,0083	    0,012638	75,6	   0,0127085	73,1
     31,0103	   0,0127107	74,4	   0,0127232	73,8
     31,0122	   0,0127002	74,5	    0,012692	73,5
     31,0142	    0,012745	75,5	   0,0127556	73,5
     31,0161	   0,0127331	74,3	   0,0128067	74,6
     31,0181	   0,0127781	75,3	   0,0127526	74,5
       31,02	   0,0127885	74,7	   0,0128658	73,7
      31,022	   0,0128319	75,1	   0,0128227	74,3
     31,0239	   0,0128267	74,7	   0,0128485	76,0
     31,0259	   0,0127762	74,2	   0,0128218	74,6
     31,0279	   0,0128789	75,4	   0,0129329	75,2
     31,0298	   0,0127942	74,7	   0,0128942	75,1
     31,0318	   0,0129728	75,0	   0,0129339	75,2
     31,0337	   0,0128301	75,4	   0,0129976	74,8
     31,0357	   0,0129795	74,1	   0,0129801	73,9
     31,0376	   0,0129368	76,2	   0,0130532	74,7
     31,0396	   0,0129998	73,6	   0,0130347	74,8
     31,0415	   0,0130918	74,2	   0,0130011	73,0
     31,0435	   0,0129751	74,8	   0,0130853	74,5
     31,0455	   0,0130776	72,9	    0,013025	73,1
     31,0474	   0,0130306	73,9	    0,013138	74,0
     31,0494	   0,0130485	73,1	   0,0130452	74,2
     31,0513	   0,0131882	75,0	   0,0131407	74,0
     31,0533	   0,0130752	74,2	   0,0131888	72,9
     31,0552	   0,0131964	74,1	   0,0131132	75,6
     31,0572	   0,0130591	74,3	   0,0132107	74,8
     31,0591	    0,013299	73,3	   0,0131608	74,8
     31,0611	   0,0131283	74,9	    0,013225	74,0
      31,063	   0,0132987	74,7	   0,0132269	75,7
      31,065	    0,013164	75,2	   0,0132573	74,2
      31,067	   0,0133892	75,4	   0,0133203	73,3
     31,0689	   0,0131984	76,2	    0,013322	74,7
     31,0709	   0,0133417	74,1	   0,0133589	73,9
     31,0728	   0,0133019	74,2	   0,0133022	73,3
     31,0748	   0,0134456	75,3	   0,0133997	73,8
     31,0767	   0,0133265	74,8	   0,0133635	74,3
     31,0787	   0,0134703	73,5	   0,0134086	74,8
     31,0806	    0,013407	74,3	   0,0134326	74,0
     31,0826	   0,0134706	73,4	   0,0134321	75,2
     31,0846	    0,013495	74,6	   0,0135082	73,4
     31,0865	   0,0135054	73,9	   0,0135121	75,3
     31,0885	   0,0134978	75,7	   0,0135611	73,8
     31,0904	   0,0135416	74,8	   0,0135207	74,5
     31,0924	   0,0135357	75,5	   0,0136264	74,5
     31,0943	   0,0135152	74,5	   0,0135738	73,4
     31,0963	   0,0136484	74,7	   0,0136482	73,3
     31,0982	   0,0136029	73,0	   0,0136018	74,5
     31,1002	    0,013638	73,5	   0,0136873	74,1
     31,1021	   0,0136845	74,4	   0,0137165	74,7
     31,1041	   0,0136719	74,8	   0,0137415	75,2
     31,1061	   0,0137504	74,4	   0,0137777	75,3
      31,108	   0,0137151	74,4	   0,0138539	74,6
       31,11	   0,0137311	76,2	   0,0137414	73,6
     31,1119	   0,0137969	75,6	   0,0139156	74,0
     31,1139	   0,0138401	75,8	   0,0137828	74,2
     31,1158	   0,0139496	74,6	   0,0139164	73,1
     31,1178	   0,0137905	75,3	   0,0138843	73,8
     31,1197	   0,0139349	74,4	   0,0139614	75,2
     31,1217	    0,013855	73,9	   0,0139148	74,9
     31,1237	   0,0139835	74,1	   0,0139772	75,0
     31,1256	   0,0139894	74,6	   0,0140232	74,9
     31,1276	   0,0140164	73,6	   0,0140423	74,5
     31,1295	   0,0140283	73,6	   0,0140377	73,6
     31,1315	   0,0140754	74,8	   0,0140727	73,5
     31,1334	   0,0140323	74,0	   0,0140782	74,6
     31,1354	   0,0141449	75,3	   0,0140609	75,2
     31,1373	   0,0140987	74,7	   0,0141752	75,0
     31,1393	   0,0141486	75,3	    0,014197	75,4
     31,1413	   0,0141128	75,1	   0,0142702	73,9
     31,1432	   0,0142495	74,1	   0,0141343	75,0
     31,1452	   0,0142235	72,8	   0,0143223	74,3
     31,1471	   0,0142555	74,3	   0,0142379	73,6
     31,1491	   0,0143132	74,0	   0,0143382	74,4
      31,151	   0,0142738	75,6	   0,0142901	73,9
      31,153	   0,0143566	75,0	    0,014371	75,2
     31,1549	   0,0143588	76,2	   0,0143969	74,9
     31,1569	   0,0143479	74,9	   0,0144091	75,4
     31,1588	    0,014366	73,6	    0,014471	74,2
     31,1608	    0,014443	74,5	   0,0144797	74,1
     31,1628	   0,0144223	73,1	   0,0144513	73,5
     31,1647	   0,0145082	74,8	      0,0146	74,3
     31,1667	   0,0145501	74,4	    0,014499	74,2
     31,1686	   0,0145271	74,3	   0,0145612	74,3
     31,1706	    0,014623	75,5	   0,0146617	75,5
     31,1725	    0,014591	73,9	   0,0146352	75,4
     31,1745	   0,0146371	74,7	   0,0147248	74,0
     31,1764	   0,0146995	75,7	   0,0146561	74,9
     31,1784	   0,0145945	74,1	   0,0148435	73,8
     31,1804	   0,0148073	73,9	   0,0146602	74,5
     31,1823	   0,0146713	74,1	   0,0148399	74,0
     31,1843	   0,0148129	74,2	   0,0148298	75,2
     31,1862	   0,0148478	75,0	   0,0148423	74,8
     31,1882	   0,0148056	75,3	   0,0149232	74,5
     31,1901	   0,0148724	75,4	   0,0148736	74,6
     31,1921	   0,0148882	75,6	   0,0149577	73,1
      31,194	   0,0149746	76,2	   0,0150105	76,2
      31,196	   0,0149657	73,6	    0,014904	75,0
     31,1979	   0,0149694	74,6	   0,0150033	75,0
     31,1999	   0,0150244	74,5	   0,0149889	75,0
     31,2019	   0,0150773	74,5	   0,0151417	73,4
     31,2038	   0,0150919	75,8	   0,0149449	76,4
     31,2058	     0,01509	75,3	   0,0151913	74,5
     31,2077	   0,0152118	74,2	   0,0151953	74,5
     31,2097	   0,0152291	74,9	    0,015237	74,6
     31,2116	   0,0151765	74,4	   0,0152047	75,8
     31,2136	   0,0152352	74,6	   0,0152718	74,5
     31,2155	    0,015251	73,7	   0,0151516	75,8
     31,2175	   0,0152961	75,5	   0,0153149	74,3
     31,2195	   0,0153663	75,5	   0,0153444	74,4
     31,2214	   0,0154062	74,9	   0,0154273	74,6
     31,2234	   0,0153662	73,9	   0,0155301	75,7
     31,2253	   0,0154428	73,6	   0,0154106	76,5
     31,2273	    0,015424	76,6	   0,0155713	75,1
     31,2292	    0,015491	76,0	   0,0156589	74,4
     31,2312	   0,0155301	74,8	   0,0155441	75,1
     31,2331	   0,0155365	75,4	   0,0155565	74,4
     31,2351	   0,0156017	75,9	   0,0156418	76,0
      31,237	    0,015624	74,3	   0,0157734	75,4
      31,239	   0,0157182	75,2	   0,0156983	75,6
      31,241	   0,0156289	75,2	   0,0157039	73,7
     31,2429	   0,0157775	76,2	   0,0158364	74,8
     31,2449	   0,0157631	74,7	   0,0157504	75,5
     31,2468	   0,0157726	76,7	   0,0158826	75,3
     31,2488	   0,0158858	75,0	   0,0158912	75,4
     31,2507	   0,0158617	74,4	   0,0159011	74,6
     31,2527	   0,0159043	74,3	   0,0160268	75,1
     31,2546	   0,0160189	74,1	   0,0159538	74,2
     31,2566	   0,0159787	76,1	   0,0160669	76,3
     31,2586	   0,0160177	75,9	   0,0161502	76,1
     31,2605	   0,0160527	75,1	   0,0160492	74,8
     31,2625	    0,016092	74,9	   0,0161456	74,1
     31,2644	   0,0160747	75,4	   0,0162383	74,3
     31,2664	   0,0162495	73,9	   0,0162239	75,0
     31,2683	   0,0162352	75,8	   0,0162466	76,2
     31,2703	   0,0162096	75,6	   0,0162987	75,5
     31,2722	   0,0163427	75,7	   0,0163536	74,5
     31,2742	   0,0163149	75,6	   0,0164295	75,1
     31,2761	   0,0162928	73,8	   0,0162641	74,8
     31,2781	    0,016442	76,3	   0,0164537	75,4
     31,2801	   0,0164627	75,6	   0,0165798	75,9
      31,282	   0,0164179	75,8	    0,016531	74,5
      31,284	   0,0165487	75,7	   0,0165573	75,3
     31,2859	   0,0165273	73,7	    0,016651	75,4
     31,2879	   0,0165985	74,4	   0,0166564	75,7
     31,2898	   0,0166543	74,7	   0,0167586	74,2
     31,2918	   0,0166661	76,0	   0,0167526	75,0
     31,2937	   0,0166922	74,7	   0,0167575	74,7
     31,2957	    0,016675	75,7	   0,0168956	75,3
     31,2977	   0,0167888	74,1	   0,0168533	75,4
     31,2996	   0,0168715	76,4	   0,0169041	73,9
     31,3016	   0,0168549	76,1	   0,0170329	74,3
     31,3035	   0,0168731	75,8	   0,0169067	75,3
     31,3055	   0,0170205	76,6	   0,0166408	80,4
     31,3074	   0,0169769	74,1	   0,0170315	77,1
     31,3094	   0,0170103	76,1	   0,0171212	74,3
     31,3113	   0,0171489	75,9	   0,0172638	75,9
     31,3133	   0,0171315	75,7	    0,017193	76,3
     31,3152	   0,0171965	74,3	   0,0172955	75,3
     31,3172	   0,0172355	74,2	   0,0171607	76,2
     31,3192	   0,0173288	75,4	   0,0173895	74,5
     31,3211	    0,017296	76,1	   0,0174945	76,8
     31,3231	   0,0173333	76,4	   0,0174389	76,0
      31,325	   0,0174561	75,3	   0,0175067	75,1
      31,327	   0,0174507	73,9	   0,0175014	74,9
     31,3289	   0,0175051	74,3	   0,0175877	74,2
     31,3309	   0,0176182	76,7	    0,017657	76,3
     31,3328	   0,0176752	76,0	   0,0177241	74,8
     31,3348	   0,0176153	75,0	   0,0177029	75,4
     31,3368	   0,0176773	75,5	   0,0177599	75,6
     31,3387	   0,0177939	74,6	   0,0178734	76,1
     31,3407	   0,0177593	76,1	   0,0178647	75,5
     31,3426	   0,0178059	74,8	    0,017972	75,7
     31,3446	     0,01787	75,8	   0,0179543	75,1
     31,3465	   0,0180159	74,6	   0,0180794	76,1
     31,3485	   0,0179489	76,6	   0,0182175	75,4
     31,3504	   0,0180383	77,1	   0,0181697	75,1
     31,3524	   0,0180788	74,7	   0,0182289	75,6
     31,3543	   0,0181336	75,4	   0,0183365	76,1
     31,3563	   0,0181652	75,0	   0,0183059	75,8
     31,3583	   0,0182999	76,8	    0,018417	74,7
     31,3602	   0,0183256	76,3	   0,0184768	74,7
     31,3622	   0,0183566	76,2	   0,0185195	76,3
     31,3641	   0,0184333	74,9	    0,018543	75,0
     31,3661	   0,0183694	75,0	   0,0185561	75,4
      31,368	   0,0185159	76,3	   0,0186124	76,1
       31,37	   0,0185836	75,7	   0,0187816	74,4
     31,3719	    0,018565	74,5	   0,0188069	75,4
     31,3739	   0,0186942	76,8	   0,0187075	76,7
     31,3759	   0,0188013	75,5	   0,0189048	76,1
     31,3778	   0,0187633	76,3	    0,019024	76,2
     31,3798	   0,0187851	74,6	   0,0188747	75,6
     31,3817	   0,0188302	74,6	    0,019045	75,2
     31,3837	   0,0190034	77,2	   0,0191713	77,1
     31,3856	   0,0190259	75,4	   0,0191777	75,1
     31,3876	   0,0190128	77,2	   0,0191346	75,5
     31,3895	   0,0191843	74,4	   0,0192774	75,9
     31,3915	   0,0192441	77,2	   0,0194446	76,0
     31,3934	   0,0192627	76,8	   0,0193752	76,0
     31,3954	   0,0192331	75,4	   0,0194576	76,9
     31,3974	   0,0193823	75,9	    0,019508	76,8
     31,3993	   0,0195025	75,3	   0,0195433	75,7
     31,4013	   0,0194889	76,9	   0,0196208	75,1
     31,4032	   0,0195658	74,9	   0,0196893	75,1
     31,4052	   0,0196178	74,9	    0,019758	76,1
     31,4071	   0,0196802	76,4	   0,0197913	75,1
     31,4091	   0,0197433	76,6	   0,0200308	76,2
      31,411	   0,0198368	74,9	   0,0199258	77,1
      31,413	   0,0199121	76,9	   0,0199417	75,9
      31,415	   0,0198053	77,7	   0,0201399	76,4
     31,4169	   0,0199773	76,4	   0,0201845	76,1
     31,4189	   0,0201239	75,6	   0,0199078	76,2
     31,4208	   0,0201591	75,0	    0,020299	75,3
     31,4228	    0,020078	77,3	   0,0203712	76,2
     31,4247	   0,0201765	75,6	   0,0203241	76,5
     31,4267	   0,0203983	75,8	   0,0205903	76,6
     31,4286	   0,0204119	76,0	   0,0205722	76,7
     31,4306	   0,0204494	76,9	   0,0206136	75,9
     31,4326	   0,0203269	76,8	   0,0208039	74,5
     31,4345	   0,0207106	76,2	    0,020888	75,5
     31,4365	   0,0207185	76,6	   0,0207709	77,1
     31,4384	    0,020749	76,8	   0,0209236	74,7
     31,4404	   0,0208636	75,0	   0,0210938	76,3
     31,4423	   0,0208986	75,4	   0,0210082	78,0
     31,4443	   0,0209295	77,7	   0,0210687	76,4
     31,4462	   0,0210255	75,6	   0,0212489	76,1
     31,4482	   0,0211636	75,7	     0,02138	77,3
     31,4501	   0,0211721	76,2	   0,0212693	75,0
     31,4521	   0,0212709	77,0	   0,0213663	75,4
     31,4541	   0,0214156	76,6	    0,021027	78,1
      31,456	   0,0215418	77,1	   0,0214953	76,1
      31,458	   0,0212281	76,4	   0,0217099	76,2
     31,4599	   0,0215301	77,1	   0,0217253	76,0
     31,4619	   0,0206536	77,9	   0,0217832	75,9
     31,4638	   0,0218288	75,4	   0,0220077	76,0
     31,4658	   0,0217465	78,2	   0,0220389	77,5
     31,4677	   0,0218639	76,2	   0,0218002	76,3
     31,4697	   0,0220293	76,9	   0,0219242	74,7
     31,4717	   0,0221841	76,6	   0,0221911	73,8
     31,4736	   0,0214279	83,3	   0,0221657	77,2
     31,4756	   0,0222662	78,1	   0,0221948	75,2
     31,4775	   0,0219087	76,8	   0,0223815	77,6
     31,4795	   0,0224851	77,6	   0,0223986	79,8
     31,4814	     0,02255	77,5	   0,0223945	75,3
     31,4834	    0,022645	76,0	   0,0225061	79,4
     31,4853	   0,0227621	78,4	   0,0226281	78,6
     31,4873	   0,0227512	78,3	   0,0224634	76,9
     31,4892	   0,0227903	76,3	    0,022849	76,7
     31,4912	    0,023058	76,4	   0,0228244	75,8
     31,4932	   0,0231638	78,2	   0,0234132	77,0
     31,4951	   0,0232331	76,0	   0,0229937	75,8
     31,4971	   0,0233049	76,0	   0,0229153	75,1
      31,499	   0,0233828	78,3	   0,0230489	76,8
      31,501	   0,0233822	78,2	   0,0232102	76,1
     31,5029	   0,0235629	76,9	   0,0236597	76,4
     31,5049	   0,0236856	79,0	   0,0236923	79,8
     31,5068	   0,0238334	77,0	   0,0231671	77,3
     31,5088	   0,0238958	76,7	   0,0234035	77,3
     31,5108	   0,0238728	77,8	   0,0235237	75,1
     31,5127	    0,024147	78,2	   0,0236302	78,2
     31,5147	   0,0242547	77,1	   0,0235518	77,2
     31,5166	   0,0244572	78,7	   0,0242404	77,8
     31,5186	   0,0244328	78,5	   0,0241379	78,3
     31,5205	    0,024535	77,3	   0,0244749	78,5
     31,5225	   0,0245866	78,0	   0,0247729	78,5
     31,5244	   0,0242626	77,9	   0,0246961	75,5
     31,5264	   0,0248656	77,8	   0,0248867	76,0
     31,5283	   0,0249451	77,9	   0,0245242	79,3
     31,5303	   0,0250836	78,9	    0,024654	80,3
     31,5323	   0,0252561	77,9	   0,0243823	76,7
     31,5342	   0,0254524	77,7	   0,0246674	78,5
     31,5362	   0,0255322	77,9	   0,0252438	77,0
     31,5381	    0,025575	78,4	    0,025361	77,8
     31,5401	   0,0256532	77,8	   0,0258097	77,1
      31,542	   0,0258765	78,0	   0,0256096	78,0
      31,544	   0,0260577	78,8	   0,0258327	78,7
     31,5459	    0,026181	77,3	   0,0255411	78,4
     31,5479	   0,0262533	76,8	   0,0257265	76,5
     31,5499	   0,0264315	79,1	    0,025459	79,6
     31,5518	   0,0265494	77,8	   0,0264051	76,6
     31,5538	   0,0267764	77,8	   0,0260657	77,4
     31,5557	   0,0269183	79,3	    0,026894	77,2
     31,5577	   0,0261801	82,2	   0,0270736	77,6
     31,5596	   0,0270128	78,0	   0,0272354	80,9
     31,5616	   0,0265833	80,0	   0,0266454	80,0
     31,5635	   0,0273298	78,3	   0,0267489	78,4
     31,5655	   0,0250647	78,1	   0,0258192	82,1
     31,5674	   0,0274172	81,0	   0,0278035	77,3
     31,5694	    0,026964	78,2	   0,0281672	79,4
     31,5714	   0,0274105	81,8	   0,0284519	80,1
     31,5733	   0,0281606	78,9	   0,0277828	78,6
     31,5753	   0,0283692	79,4	   0,0273676	79,8
     31,5772	   0,0278165	82,2	   0,0285244	78,9
     31,5792	   0,0286805	81,0	   0,0281228	79,5
     31,5811	     0,02885	78,7	   0,0290878	78,4
     31,5831	   0,0290835	79,3	   0,0294003	80,2
      31,585	   0,0292953	78,7	   0,0288891	81,9
      31,587	   0,0292827	80,0	   0,0286676	80,6
      31,589	   0,0285577	83,8	   0,0298222	80,9
     31,5909	     0,02976	78,4	   0,0300748	79,5
     31,5929	   0,0299363	81,0	   0,0304624	79,2
     31,5948	   0,0301135	80,7	    0,030812	82,2
     31,5968	   0,0300687	80,9	   0,0312352	79,5
     31,5987	   0,0300444	83,7	   0,0297463	81,5
     31,6007	   0,0303942	81,3	   0,0313053	81,1
     31,6026	   0,0298306	81,3	   0,0313788	80,8
     31,6046	   0,0306744	81,8	   0,0312616	82,5
     31,6066	   0,0309223	82,1	   0,0323841	81,1
     31,6085	   0,0312309	81,7	   0,0307907	81,8
     31,6105	   0,0302383	82,8	   0,0324821	80,2
     31,6124	   0,0317652	80,1	   0,0327749	79,4
     31,6144	   0,0322508	81,8	   0,0326436	81,7
     31,6163	   0,0320231	82,7	   0,0323628	82,4
     31,6183	   0,0325136	80,0	   0,0323572	82,3
     31,6202	   0,0322223	82,9	   0,0342875	83,2
     31,6222	   0,0331472	81,5	   0,0345168	81,1
     31,6241	   0,0321662	85,6	   0,0349012	81,8
     31,6261	   0,0335808	81,8	   0,0332242	83,0
     31,6281	   0,0338291	81,8	   0,0352108	83,2
       31,63	   0,0331547	83,8	   0,0346658	84,0
      31,632	   0,0339031	81,6	   0,0358027	82,2
     31,6339	   0,0346688	83,1	   0,0361275	85,7
     31,6359	   0,0343789	84,6	   0,0361865	84,9
     31,6378	   0,0349321	83,6	   0,0380799	84,3
     31,6398	   0,0342963	85,0	   0,0369646	84,0
     31,6417	   0,0349089	83,8	   0,0389786	84,2
     31,6437	    0,035759	83,8	   0,0380382	86,6
     31,6457	   0,0366645	84,3	   0,0392766	84,2
     31,6476	   0,0364445	84,1	   0,0396196	84,8
     31,6496	   0,0355555	86,0	   0,0400301	86,2
     31,6515	   0,0371469	84,7	    0,040955	86,3
     31,6535	    0,037567	84,8	   0,0410451	88,5
     31,6554	   0,0372894	88,0	   0,0427477	87,2
     31,6574	   0,0378597	85,2	   0,0423907	89,1
     31,6593	   0,0385227	85,1	   0,0440014	88,8
     31,6613	   0,0395741	87,3	   0,0459544	91,7
     31,6632	   0,0397217	85,7	   0,0467535	93,9
     31,6652	   0,0396967	88,5	   0,0483903	93,6
     31,6672	   0,0393467	86,6	   0,0504668	95,5
     31,6691	   0,0410102	88,3	   0,0540054	97,1
     31,6711	   0,0403799	90,0	   0,0547968	99,3
      31,673	   0,0407258	89,1	   0,0570133	101,2
      31,675	   0,0423812	89,8	   0,0577717	102,3
     31,6769	   0,0426495	89,3	   0,0596356	106,1
     31,6789	   0,0415882	91,1	   0,0602597	106,1
     31,6808	   0,0423918	90,2	   0,0622946	109,9
     31,6828	   0,0425636	91,0	   0,0638507	110,3
     31,6848	    0,044706	90,8	    0,065415	112,3
     31,6867	   0,0437282	92,6	   0,0657266	116,8
     31,6887	   0,0455935	91,6	   0,0679752	117,2
     31,6906	   0,0463895	94,6	   0,0680821	119,9
     31,6926	   0,0462738	93,8	   0,0694695	119,6
     31,6945	   0,0470733	96,6	   0,0698002	123,2
     31,6965	   0,0495013	94,3	   0,0708702	124,5
     31,6984	   0,0487438	96,2	   0,0719868	127,3
     31,7004	   0,0500687	97,1	   0,0729449	126,3
     31,7023	   0,0512994	98,2	    0,073873	130,1
     31,7043	   0,0529192	100,5	    0,074284	130,4
     31,7063	     0,05382	99,8	   0,0747023	131,4
     31,7082	   0,0541073	101,5	   0,0753546	134,5
     31,7102	   0,0553008	103,1	   0,0759365	135,0
     31,7121	   0,0560973	105,3	   0,0761457	137,3
     31,7141	   0,0561799	104,7	   0,0763839	137,9
      31,716	   0,0574515	107,7	    0,076773	139,8
      31,718	   0,0595214	108,7	   0,0768293	139,9
     31,7199	   0,0612657	111,9	   0,0772474	143,1
     31,7219	   0,0618556	114,2	   0,0775578	143,0
     31,7239	   0,0631102	114,5	   0,0772717	145,3
     31,7258	   0,0644009	119,4	   0,0778524	145,1
     31,7278	    0,065978	119,5	   0,0782163	146,4
     31,7297	   0,0667499	122,3	   0,0780589	148,7
     31,7317	   0,0682574	124,5	    0,078286	150,7
     31,7336	   0,0701352	128,9	   0,0785526	151,7
     31,7356	   0,0710412	128,6	   0,0783893	151,7
     31,7375	    0,071382	133,4	   0,0775372	153,0
     31,7395	   0,0731967	134,9	   0,0781623	153,6
     31,7414	   0,0743347	138,3	   0,0777658	155,9
     31,7434	   0,0751212	141,5	   0,0785385	156,2
     31,7454	   0,0756704	144,2	   0,0780157	157,1
     31,7473	   0,0762615	147,4	   0,0776668	157,8
     31,7493	    0,077087	148,2	    0,078038	157,5
     31,7512	   0,0774654	151,1	   0,0779734	158,9
     31,7532	   0,0778405	152,4	   0,0778165	162,6
     31,7551	   0,0780392	156,2	   0,0778484	161,4
     31,7571	   0,0778327	156,3	   0,0776505	162,4
      31,759	   0,0776703	159,3	   0,0776225	164,2
      31,761	   0,0770236	159,2	   0,0777501	163,7
      31,763	   0,0780957	162,2	   0,0775515	165,7
     31,7649	   0,0780466	163,4	   0,0772889	165,5
     31,7669	   0,0776301	165,3	   0,0767517	167,8
     31,7688	    0,077453	166,7	   0,0771127	167,4
     31,7708	   0,0774677	166,9	   0,0767593	168,1
     31,7727	    0,077165	168,4	   0,0767261	168,9
     31,7747	   0,0766208	168,7	   0,0766358	172,2
     31,7766	   0,0767727	171,1	   0,0764598	171,2
     31,7786	   0,0760881	169,7	   0,0757231	171,8
     31,7805	   0,0763382	171,6	   0,0753473	172,1
     31,7825	   0,0759787	172,8	   0,0756383	173,0
     31,7845	   0,0755629	174,5	   0,0752545	174,6
     31,7864	   0,0754426	173,9	    0,075183	175,2
     31,7884	   0,0751399	176,0	   0,0748997	176,0
     31,7903	   0,0748518	175,0	   0,0744157	176,1
     31,7923	   0,0742539	177,2	   0,0745365	178,3
     31,7942	   0,0739692	177,3	   0,0738371	175,9
     31,7962	   0,0739313	179,9	   0,0740001	179,1
     31,7981	   0,0735037	178,6	   0,0731838	178,2
     31,8001	   0,0732521	181,7	   0,0734339	180,7
     31,8021	   0,0718845	180,2	   0,0728441	179,2
      31,804	   0,0724626	181,5	   0,0726903	182,8
      31,806	   0,0723711	181,2	   0,0726187	181,3
     31,8079	   0,0720878	182,6	   0,0724136	183,4
     31,8099	   0,0715186	182,8	   0,0721775	181,9
     31,8118	   0,0713211	184,3	    0,071764	183,9
     31,8138	   0,0710258	184,6	   0,0715713	184,8
     31,8157	   0,0703691	185,8	   0,0713295	185,6
     31,8177	    0,070187	184,6	   0,0709859	186,5
     31,8196	   0,0701071	187,2	   0,0704077	186,5
     31,8216	   0,0698767	186,4	   0,0700741	186,9
     31,8236	   0,0695241	188,3	   0,0698817	186,2
     31,8255	   0,0689571	188,3	   0,0687126	188,8
     31,8275	   0,0683939	190,5	   0,0695078	188,0
     31,8294	   0,0685396	189,3	   0,0688431	189,1
     31,8314	   0,0682104	192,0	   0,0688357	189,5
     31,8333	   0,0678413	190,7	   0,0685682	190,6
     31,8353	   0,0671348	191,5	   0,0682495	191,3
     31,8372	   0,0670112	190,6	   0,0679207	192,8
     31,8392	   0,0669462	193,9	   0,0674692	192,0
     31,8412	   0,0665486	192,2	   0,0672498	192,4
     31,8431	   0,0662675	194,4	   0,0669541	192,4
     31,8451	   0,0659383	194,3	   0,0667491	195,0
      31,847	   0,0656055	195,2	    0,066398	193,0
      31,849	   0,0652423	194,1	   0,0661284	194,9
     31,8509	   0,0649271	195,3	   0,0658794	195,8
     31,8529	    0,064581	195,7	   0,0653907	197,0
     31,8548	    0,064259	197,4	   0,0651926	194,8
     31,8568	   0,0639119	197,3	   0,0644313	197,0
     31,8587	   0,0636157	199,0	   0,0644285	199,4
     31,8607	   0,0632453	199,6	   0,0642023	197,2
     31,8627	   0,0629356	199,3	   0,0639554	198,2
     31,8646	   0,0626386	-159,7	   0,0626722	196,9
     31,8666	   0,0623359	-160,6	   0,0632892	-159,0
     31,8685	   0,0619977	-159,7	   0,0628194	-161,9
     31,8705	   0,0615009	-160,0	   0,0626976	-159,2
     31,8724	   0,0612851	-156,7	   0,0624514	-159,8
     31,8744	   0,0609682	-158,2	   0,0618562	-158,9
     31,8763	     0,06066	-157,8	   0,0617969	-159,7
     31,8783	   0,0603573	-158,1	   0,0614857	-157,3
     31,8803	   0,0600621	-157,4	   0,0612286	-158,9
     31,8822	   0,0597051	-155,1	    0,060909	-156,7
     31,8842	   0,0593748	-156,6	     0,06013	-157,4
     31,8861	   0,0590683	-154,7	   0,0602509	-155,0
     31,8881	   0,0586846	-155,0	   0,0599495	-155,1
       31,89	   0,0583741	-152,9	   0,0595652	-155,4
      31,892	    0,058141	-153,9	    0,059365	-154,6
     31,8939	   0,0578369	-152,8	   0,0590877	-155,0
     31,8959	   0,0575272	-152,9	   0,0587676	-153,6
     31,8979	   0,0572588	-152,8	   0,0584565	-155,1
     31,8998	   0,0569482	-153,1	   0,0581786	-153,5
     31,9018	   0,0566146	-152,7	   0,0578488	-152,6
     31,9037	   0,0562828	-149,6	    0,057481	-152,5
     31,9057	   0,0559571	-152,4	   0,0571411	-152,1
     31,9076	   0,0556173	-150,2	   0,0568527	-152,1
     31,9096	   0,0553025	-150,3	   0,0556836	-150,1
     31,9115	   0,0550127	-147,9	   0,0561586	-151,6
     31,9135	   0,0546922	-149,0	   0,0549784	-150,1
     31,9154	   0,0535478	-148,7	   0,0557192	-150,0
     31,9174	   0,0539882	-148,2	   0,0550872	-147,5
     31,9194	   0,0536658	-149,0	   0,0548154	-148,4
     31,9213	   0,0534224	-147,0	    0,054769	-149,4
     31,9233	   0,0531846	-148,5	   0,0540111	-147,3
     31,9252	   0,0526317	-148,3	   0,0535384	-148,2
     31,9272	   0,0525977	-146,9	   0,0537979	-147,2
     31,9291	   0,0523148	-146,7	   0,0532232	-145,8
     31,9311	   0,0514012	-145,7	   0,0527855	-148,2
      31,933	    0,051686	-146,8	   0,0528003	-146,9
      31,935	     0,05142	-144,9	   0,0523275	-146,0
      31,937	    0,051039	-145,3	    0,052236	-144,9
     31,9389	   0,0504965	-144,4	   0,0519452	-145,3
     31,9409	   0,0503148	-143,4	   0,0518218	-145,9
     31,9428	    0,049941	-143,4	   0,0509067	-143,7
     31,9448	   0,0499437	-142,1	   0,0509055	-144,7
     31,9467	   0,0496335	-143,7	   0,0504296	-143,0
     31,9487	   0,0493445	-142,0	   0,0502099	-144,5
     31,9506	   0,0486116	-142,5	   0,0498745	-143,1
     31,9526	   0,0486143	-140,9	   0,0499173	-143,7
     31,9545	     0,04843	-141,4	   0,0491618	-143,1
     31,9565	   0,0478575	-142,5	   0,0491271	-141,8
     31,9585	   0,0477927	-140,4	   0,0488354	-142,3
     31,9604	   0,0470029	-141,3	   0,0486256	-140,3
     31,9624	   0,0467206	-141,4	    0,048479	-140,0
     31,9643	   0,0469333	-140,8	   0,0474924	-141,6
     31,9663	   0,0463713	-140,8	   0,0473842	-140,1
     31,9682	   0,0462401	-139,2	   0,0474103	-140,7
     31,9702	   0,0459528	-139,4	   0,0468235	-138,3
     31,9721	   0,0450173	-138,6	   0,0462193	-138,7
     31,9741	   0,0440517	-140,7	   0,0447375	-138,7
     31,9761	   0,0448553	-138,7	   0,0457952	-138,0
      31,978	   0,0443487	-137,9	   0,0458034	-139,5
       31,98	   0,0445579	-137,9	   0,0451507	-137,0
     31,9819	   0,0439881	-137,0	   0,0456688	-138,0
     31,9839	   0,0438565	-137,6	   0,0452945	-138,5
     31,9858	   0,0437888	-136,3	   0,0444122	-136,8
     31,9878	   0,0427158	-136,1	   0,0438762	-137,6
     31,9897	   0,0428504	-137,0	    0,043832	-137,2
     31,9917	   0,0427535	-135,7	   0,0434924	-137,9
     31,9936	   0,0427338	-135,8	   0,0432618	-136,7
     31,9956	   0,0421452	-135,1	   0,0429308	-135,5
     31,9976	    0,041973	-133,6	   0,0426605	-136,6
     31,9995	   0,0414289	-134,7	   0,0421644	-135,5
     32,0015	   0,0412467	-134,6	   0,0425207	-134,9
     32,0034	   0,0404848	-134,0	   0,0419117	-135,0
     32,0054	   0,0403508	-133,4	   0,0416591	-134,6
     32,0073	   0,0403709	-133,8	   0,0412603	-134,7
     32,0093	   0,0399437	-134,0	   0,0411117	-134,2
     32,0112	    0,040046	-133,5	    0,040989	-133,9
     32,0132	   0,0395745	-133,1	     0,04075	-133,1
     32,0152	   0,0390078	-133,5	    0,040337	-133,2
     32,0171	   0,0393551	-132,5	   0,0399327	-133,4
     32,0191	   0,0384365	-132,0	   0,0399256	-133,1
      32,021	   0,0381741	-132,5	   0,0395346	-132,9
      32,023	   0,0383316	-132,3	   0,0396166	-132,3
     32,0249	   0,0380599	-131,4	   0,0391851	-131,9
     32,0269	   0,0378625	-131,1	   0,0390164	-132,1
     32,0288	   0,0376072	-130,8	   0,0386237	-131,9
     32,0308	   0,0374447	-130,8	   0,0380486	-130,8
     32,0327	   0,0366688	-131,1	   0,0383899	-131,1
     32,0347	   0,0366362	-130,4	   0,0379109	-131,2
     32,0367	    0,036488	-130,2	    0,037282	-131,0
     32,0386	   0,0361084	-130,4	   0,0371776	-130,2
     32,0406	   0,0364119	-129,7	   0,0370657	-130,3
     32,0425	   0,0359497	-129,9	    0,036623	-130,2
     32,0445	    0,035301	-128,7	   0,0367514	-129,5
     32,0464	    0,035347	-128,9	    0,036135	-130,2
     32,0484	   0,0349659	-129,2	   0,0359496	-129,2
     32,0503	   0,0346737	-128,9	   0,0359259	-129,0
     32,0523	   0,0349596	-128,3	   0,0356289	-128,4
     32,0543	    0,034079	-128,7	   0,0355495	-128,5
     32,0562	   0,0343513	-127,4	   0,0349827	-128,8
     32,0582	   0,0341676	-126,7	   0,0349181	-128,3
     32,0601	   0,0338242	-128,2	   0,0348206	-128,4
     32,0621	    0,033212	-128,2	   0,0346698	-127,9
      32,064	   0,0331283	-126,9	    0,034438	-127,7
      32,066	   0,0329987	-126,1	   0,0338826	-128,4
     32,0679	   0,0327133	-127,3	   0,0337351	-127,1
     32,0699	   0,0327725	-126,6	   0,0336129	-127,6
     32,0718	   0,0324427	-126,6	   0,0331808	-127,4
     32,0738	   0,0326605	-126,2	   0,0325052	-127,7
     32,0758	   0,0321794	-126,4	   0,0327871	-127,3
     32,0777	   0,0318595	-126,2	   0,0325258	-127,0
     32,0797	   0,0315183	-126,0	   0,0325045	-126,3
     32,0816	   0,0313293	-126,2	   0,0320231	-126,4
     32,0836	   0,0312139	-125,7	   0,0318584	-125,9
     32,0855	   0,0312198	-125,5	    0,031621	-126,7
     32,0875	   0,0311459	-124,7	   0,0311123	-126,6
     32,0894	   0,0306308	-124,5	   0,0315431	-124,8
     32,0914	   0,0304289	-124,6	   0,0311892	-125,1
     32,0934	   0,0301541	-125,0	   0,0309201	-125,0
     32,0953	   0,0302499	-124,5	   0,0307287	-125,3
     32,0973	   0,0300347	-124,7	   0,0301728	-126,3
     32,0992	   0,0293678	-124,2	     0,02994	-124,9
     32,1012	   0,0295951	-123,9	   0,0303696	-124,1
     32,1031	   0,0291194	-124,2	   0,0298382	-124,2
     32,1051	   0,0288112	-123,8	   0,0294162	-124,2
      32,107	   0,0289485	-123,5	   0,0294437	-123,1
      32,109	   0,0285999	-123,1	   0,0292634	-122,9
     32,1109	   0,0283158	-122,8	    0,029216	-123,8
     32,1129	    0,028047	-123,6	   0,0287211	-123,6
     32,1149	   0,0281275	-122,8	    0,028551	-123,0
     32,1168	   0,0279163	-122,6	   0,0282966	-123,2
     32,1188	   0,0276665	-122,1	   0,0284782	-122,9
     32,1207	   0,0273842	-123,2	   0,0280083	-123,7
     32,1227	   0,0275482	-122,0	   0,0279866	-123,0
     32,1246	   0,0269913	-121,9	   0,0275874	-123,4
     32,1266	   0,0271262	-122,2	   0,0274772	-122,3
     32,1285	   0,0265823	-122,1	   0,0274089	-122,6
     32,1305	   0,0263125	-123,1	   0,0265849	-121,5
     32,1325	   0,0259718	-122,7	   0,0272007	-121,7
     32,1344	   0,0263766	-121,9	   0,0269663	-122,0
     32,1364	   0,0262398	-121,5	   0,0267651	-122,1
     32,1383	   0,0261312	-121,6	   0,0263536	-121,5
     32,1403	   0,0255636	-121,9	    0,026389	-121,7
     32,1422	   0,0251807	-122,1	   0,0260814	-122,4
     32,1442	   0,0252054	-122,0	    0,025901	-121,8
     32,1461	   0,0248278	-122,1	   0,0259097	-121,3
     32,1481	   0,0248914	-121,7	   0,0255971	-121,1
       32,15	   0,0249803	-120,8	   0,0251041	-121,5
      32,152	   0,0245971	-121,6	   0,0252587	-120,7
      32,154	   0,0245044	-120,6	   0,0248164	-120,2
     32,1559	   0,0243632	-120,9	   0,0249286	-121,2
     32,1579	   0,0234918	-122,0	   0,0247738	-121,7
     32,1598	   0,0239569	-121,1	   0,0244698	-121,2
     32,1618	    0,024085	-120,1	   0,0243658	-120,6
     32,1637	   0,0236975	-120,5	   0,0243426	-120,4
     32,1657	   0,0233779	-121,5	   0,0242385	-120,4
     32,1676	   0,0232762	-121,0	   0,0241315	-120,3
     32,1696	   0,0230665	-121,4	    0,023479	-121,0
     32,1716	   0,0230847	-120,4	   0,0235635	-120,5
     32,1735	   0,0229226	-120,7	   0,0234088	-121,3
     32,1755	   0,0225504	-120,6	   0,0228204	-122,4
     32,1774	   0,0226522	-120,3	   0,0231932	-119,7
     32,1794	   0,0224639	-119,9	   0,0227996	-120,6
     32,1813	   0,0223108	-120,2	   0,0226682	-120,8
     32,1833	   0,0221414	-120,3	   0,0225757	-120,4
     32,1852	   0,0220235	-120,3	   0,0221311	-118,4
     32,1872	   0,0217677	-120,1	   0,0222731	-119,7
     32,1891	   0,0214605	-120,5	   0,0220661	-120,2
     32,1911	   0,0215981	-119,5	   0,0221116	-119,5
     32,1931	   0,0213961	-120,1	    0,021975	-120,0
      32,195	   0,0209876	-120,6	   0,0214462	-120,4
      32,197	   0,0212199	-120,0	   0,0213031	-120,8
     32,1989	   0,0208617	-120,7	   0,0212139	-120,1
     32,2009	   0,0210477	-119,5	   0,0213658	-119,9
     32,2028	   0,0205935	-120,0	   0,0212321	-120,1
     32,2048	   0,0205356	-119,9	   0,0209205	-119,8
     32,2067	   0,0205912	-119,9	   0,0207804	-120,5
     32,2087	   0,0202365	-119,2	   0,0206314	-120,1
     32,2107	   0,0200126	-120,2	   0,0204872	-119,5
     32,2126	   0,0202473	-118,7	   0,0205847	-119,2
     32,2146	   0,0198892	-119,9	   0,0203439	-119,8
     32,2165	   0,0198744	-119,7	   0,0201421	-120,3
     32,2185	   0,0196951	-119,4	   0,0200375	-119,3
     32,2204	   0,0194963	-119,7	    0,019666	-120,0
     32,2224	    0,019599	-118,9	   0,0198396	-119,3
     32,2243	   0,0193016	-119,0	   0,0196166	-119,1
     32,2263	   0,0193012	-119,1	   0,0193105	-119,2
     32,2282	    0,019279	-118,6	   0,0194511	-119,2
     32,2302	   0,0189648	-118,1	   0,0190733	-120,3
     32,2322	   0,0188697	-119,5	   0,0189467	-117,5
     32,2341	   0,0187105	-119,6	   0,0188928	-119,1
     32,2361	   0,0188188	-118,6	   0,0186391	-119,9
      32,238	   0,0185291	-118,8	   0,0186899	-119,5
       32,24	   0,0184617	-119,2	   0,0187415	-119,0
     32,2419	   0,0184903	-117,8	   0,0184869	-119,8
     32,2439	   0,0182747	-117,5	   0,0182877	-119,8
     32,2458	   0,0181217	-118,7	   0,0181716	-119,6
     32,2478	   0,0179767	-119,4	   0,0181054	-119,3
     32,2498	   0,0179387	-117,8	   0,0178132	-119,9
     32,2517	   0,0178443	-118,4	   0,0179307	-119,6
     32,2537	   0,0177554	-118,2	   0,0177755	-119,1
     32,2556	   0,0177263	-118,1	    0,017765	-119,0
     32,2576	   0,0173561	-116,4	   0,0178912	-117,7
     32,2595	   0,0175104	-118,1	   0,0176331	-118,8
     32,2615	   0,0173866	-118,3	   0,0174715	-118,3
     32,2634	   0,0171774	-118,2	   0,0173221	-118,7
     32,2654	   0,0171664	-117,9	   0,0173108	-118,9
     32,2673	   0,0170605	-117,3	   0,0170055	-119,2
     32,2693	   0,0169718	-117,6	   0,0169051	-118,5
     32,2713	   0,0167143	-115,3	   0,0166797	-119,1
     32,2732	    0,016698	-117,6	    0,016651	-119,4
     32,2752	   0,0167603	-117,9	   0,0169321	-117,5
     32,2771	     0,01659	-116,5	   0,0165248	-119,8
     32,2791	   0,0164016	-117,7	   0,0164822	-118,1
      32,281	   0,0165349	-118,1	   0,0164235	-118,6
      32,283	   0,0163265	-117,6	   0,0164106	-118,8
     32,2849	   0,0163363	-116,2	   0,0164257	-118,0
     32,2869	   0,0161145	-118,0	   0,0162638	-118,2
     32,2889	   0,0158799	-118,6	   0,0160538	-118,8
     32,2908	   0,0160719	-117,5	   0,0157729	-118,9
     32,2928	   0,0160071	-116,4	   0,0160325	-117,8
     32,2947	   0,0158959	-116,6	   0,0160853	-117,4
     32,2967	   0,0157477	-117,6	   0,0158048	-118,3
     32,2986	   0,0156362	-117,1	   0,0155716	-118,3
     32,3006	   0,0156678	-117,1	    0,015667	-118,0
     32,3025	   0,0156018	-116,0	   0,0156163	-117,6
     32,3045	   0,0154232	-116,3	   0,0155434	-118,3
     32,3064	   0,0153705	-116,4	   0,0154493	-118,0
     32,3084	   0,0153225	-116,7	   0,0152273	-118,6
     32,3104	   0,0152483	-116,1	   0,0151117	-117,7
     32,3123	   0,0151492	-115,7	   0,0150576	-118,9
     32,3143	   0,0150718	-116,2	    0,015144	-117,8
     32,3162	   0,0149454	-115,9	   0,0149421	-118,1
     32,3182	   0,0148991	-116,3	   0,0150597	-116,3
     32,3201	   0,0148963	-115,9	   0,0147136	-117,9
     32,3221	   0,0147065	-115,6	   0,0148665	-116,3
      32,324	   0,0146324	-115,7	   0,0147042	-116,4
      32,326	   0,0144757	-117,4	    0,014666	-116,3
      32,328	   0,0145957	-116,5	   0,0145314	-118,1
     32,3299	   0,0143846	-115,5	   0,0146105	-116,0
     32,3319	   0,0143016	-116,4	   0,0143731	-117,1
     32,3338	   0,0143607	-116,3	   0,0142195	-117,6
     32,3358	   0,0142168	-115,8	   0,0143759	-116,2
     32,3377	   0,0140745	-116,6	   0,0142514	-116,5
     32,3397	   0,0139776	-115,8	   0,0140898	-116,3
     32,3416	   0,0139949	-116,1	   0,0141049	-115,7
     32,3436	   0,0139467	-115,9	   0,0140624	-117,0
     32,3456	   0,0138571	-115,9	   0,0138335	-116,7
     32,3475	   0,0137563	-115,7	   0,0137226	-117,1
     32,3495	   0,0136481	-115,7	   0,0137157	-116,0
     32,3514	   0,0136508	-116,0	   0,0135839	-117,3
     32,3534	   0,0135132	-115,4	   0,0136503	-115,8
     32,3553	   0,0134404	-115,9	   0,0135609	-115,6
     32,3573	   0,0134249	-115,9	   0,0135378	-115,5
     32,3592	   0,0133511	-115,2	   0,0134754	-115,7
     32,3612	   0,0132562	-115,5	   0,0133593	-115,7
     32,3631	   0,0131989	-115,4	   0,0133223	-115,7
     32,3651	   0,0131596	-115,3	   0,0132283	-115,9
     32,3671	   0,0130593	-115,5	   0,0131681	-115,8
      32,369	   0,0129465	-115,7	   0,0131382	-115,8
      32,371	   0,0129648	-115,4	   0,0129998	-116,2
     32,3729	   0,0128512	-115,3	   0,0129594	-115,7
     32,3749	   0,0127871	-115,2	   0,0129345	-115,4
     32,3768	   0,0127382	-115,4	    0,012845	-115,9
     32,3788	   0,0126578	-115,2	   0,0127696	-115,3
     32,3807	   0,0125836	-116,0	   0,0127148	-115,7
     32,3827	   0,0125813	-115,2	   0,0126579	-115,7
     32,3847	   0,0125033	-115,2	   0,0125588	-115,2
     32,3866	   0,0123947	-115,0	   0,0125301	-115,3
     32,3886	   0,0123919	-115,5	   0,0124727	-115,9
     32,3905	   0,0123495	-115,1	   0,0123925	-115,5
     32,3925	   0,0121616	-114,9	   0,0123787	-115,5
     32,3944	   0,0121442	-115,4	   0,0122748	-115,5
     32,3964	   0,0122082	-115,1	   0,0121918	-115,1
     32,3983	   0,0120017	-114,8	   0,0121339	-115,4
     32,4003	   0,0119512	-115,9	   0,0120726	-115,4
     32,4022	    0,011961	-115,2	   0,0121024	-115,3
     32,4042	   0,0118363	-115,4	   0,0119914	-115,6
     32,4062	   0,0117614	-115,5	   0,0118693	-115,3
     32,4081	   0,0118061	-115,0	   0,0118952	-115,3
     32,4101	   0,0116717	-115,0	   0,0117874	-115,5
      32,412	   0,0116433	-115,5	   0,0116694	-115,5
      32,414	    0,011648	-114,9	   0,0116386	-115,0
     32,4159	   0,0114568	-114,9	   0,0116347	-115,5
     32,4179	   0,0114191	-115,4	   0,0115394	-115,3
     32,4198	   0,0114961	-114,7	    0,011505	-115,4
     32,4218	   0,0113364	-114,6	   0,0114219	-115,1
     32,4238	   0,0112326	-115,4	    0,011333	-115,1
     32,4257	   0,0113047	-114,7	   0,0113272	-115,0
     32,4277	   0,0111897	-114,5	   0,0112477	-115,2
     32,4296	   0,0111455	-115,2	   0,0112473	-115,4
     32,4316	   0,0111135	-114,8	   0,0111497	-115,1
     32,4335	   0,0109959	-115,0	   0,0111566	-115,4
     32,4355	   0,0109899	-114,9	   0,0109948	-115,1
     32,4374	   0,0109181	-114,5	   0,0110418	-115,4
     32,4394	   0,0108994	-115,9	   0,0109598	-115,6
     32,4413	   0,0108481	-114,9	   0,0108857	-114,7
     32,4433	   0,0107746	-114,8	   0,0108746	-115,4
     32,4453	   0,0107084	-115,4	   0,0107733	-115,2
     32,4472	   0,0107021	-115,0	   0,0107785	-115,0
     32,4492	    0,010626	-114,8	   0,0106405	-114,8
     32,4511	   0,0105682	-115,0	   0,0106667	-114,5
     32,4531	   0,0105173	-114,9	    0,010632	-115,5
      32,455	   0,0104241	-115,0	   0,0104677	-115,1
      32,457	   0,0104171	-114,9	   0,0104992	-114,8
     32,4589	   0,0103864	-114,9	   0,0104301	-115,5
     32,4609	   0,0103745	-114,2	   0,0103681	-115,1
     32,4629	   0,0103029	-114,7	    0,010346	-115,1
     32,4648	   0,0102512	-114,7	   0,0103032	-115,2
     32,4668	   0,0101284	-114,6	   0,0101995	-115,4
     32,4687	   0,0102158	-115,4	   0,0102154	-114,8
     32,4707	   0,0101672	-114,1	   0,0101705	-115,5
     32,4726	  0,00994952	-114,9	   0,0100727	-115,0
     32,4746	   0,0100043	-114,8	    0,010037	-115,0
     32,4765	  0,00997777	-115,1	  0,00998706	-115,2
     32,4785	  0,00988183	-114,3	  0,00996907	-115,2
     32,4804	  0,00986582	-115,4	  0,00995626	-114,4
     32,4824	  0,00987187	-114,6	    0,009885	-115,3
     32,4844	  0,00977307	-114,8	  0,00976981	-115,1
     32,4863	  0,00970609	-114,8	  0,00975809	-114,4
     32,4883	  0,00969699	-114,6	  0,00979509	-115,0
     32,4902	  0,00965849	-114,6	  0,00962812	-115,5
     32,4922	  0,00961434	-114,6	  0,00968985	-114,3
     32,4941	  0,00952088	-114,9	  0,00954635	-115,3
     32,4961	  0,00953296	-114,4	  0,00941587	-114,4
      32,498	  0,00938587	-114,7	  0,00969024	-115,1
        32,5	  0,00944385	-115,1	  0,00924406	-116,5

