X-Data [Hz]	Laser (M - Filtered) [m/s]	Phase [Deg]	Laser (M - Filtered) [m/s]	Phase [Deg]	
	003: [06-04-24 19:22]		004: [06-04-24 19:27]	
         100	    0,003001	74,2	  0,00275591	66,5
     100,108	  0,00277743	60,3	  0,00314023	64,9
     100,215	  0,00246926	77,7	  0,00315758	72,1
     100,323	  0,00289023	68,6	  0,00302674	68,2
      100,43	  0,00309565	57,5	  0,00295255	67,6
     100,538	  0,00296237	65,9	  0,00328439	68,9
     100,645	   0,0028638	75,7	  0,00295148	71,8
     100,753	  0,00292452	66,3	  0,00292912	66,9
      100,86	  0,00266244	63,6	  0,00284612	68,4
     100,968	  0,00279939	72,4	  0,00304523	73,8
     101,075	  0,00314927	64,4	  0,00309745	65,8
     101,183	  0,00301772	66,3	  0,00335287	67,3
      101,29	  0,00292657	74,0	  0,00300926	66,5
     101,398	  0,00343865	65,2	  0,00316954	67,8
     101,505	  0,00311459	70,1	  0,00315828	65,7
     101,613	  0,00334791	63,4	  0,00281505	79,8
      101,72	  0,00306581	68,1	  0,00297021	67,3
     101,828	  0,00300128	72,9	   0,0032057	63,7
     101,935	   0,0030488	64,8	  0,00301074	66,1
     102,043	    0,002952	64,4	  0,00341701	68,0
     102,151	  0,00324723	65,6	  0,00326346	57,1
     102,258	  0,00308022	67,3	  0,00320518	69,5
     102,366	  0,00323386	61,2	  0,00301453	64,0
     102,473	  0,00305922	76,4	  0,00333099	63,9
     102,581	  0,00305262	53,9	  0,00375003	53,5
     102,688	  0,00341768	75,1	  0,00371538	65,6
     102,796	  0,00298923	60,9	  0,00263963	67,4
     102,903	  0,00358785	60,7	  0,00315897	60,4
     103,011	  0,00326721	70,1	  0,00328744	73,4
     103,118	  0,00304448	66,8	   0,0034045	76,7
     103,226	  0,00346457	60,7	  0,00346621	71,5
     103,333	  0,00326928	63,5	  0,00328069	69,4
     103,441	   0,0029548	71,9	  0,00335946	65,6
     103,548	  0,00303662	70,7	  0,00313093	66,3
     103,656	  0,00315305	67,9	   0,0036879	62,1
     103,763	  0,00319206	70,9	  0,00371193	66,1
     103,871	  0,00322762	66,9	  0,00356914	65,9
     103,978	  0,00326666	69,3	  0,00328623	56,3
     104,086	  0,00306328	51,9	  0,00324785	59,9
     104,194	  0,00285649	68,7	  0,00293844	71,7
     104,301	  0,00294129	72,0	  0,00362264	69,2
     104,409	  0,00327667	60,3	  0,00319175	61,1
     104,516	  0,00326061	62,9	  0,00312623	63,9
     104,624	    0,003387	66,7	  0,00367169	72,7
     104,731	  0,00343952	68,9	  0,00356414	67,3
     104,839	  0,00318047	69,1	  0,00329419	70,2
     104,946	  0,00332593	63,2	  0,00366361	68,4
     105,054	  0,00350602	67,3	  0,00336867	68,0
     105,161	  0,00327378	63,4	  0,00366022	64,0
     105,269	  0,00345368	66,3	  0,00313581	63,5
     105,376	  0,00347144	61,2	  0,00342804	71,8
     105,484	  0,00353031	62,4	  0,00356973	60,5
     105,591	  0,00368794	60,9	  0,00382125	66,1
     105,699	   0,0034031	59,8	  0,00347744	64,1
     105,806	  0,00380354	66,6	  0,00356366	69,6
     105,914	  0,00337257	58,9	  0,00368741	64,3
     106,022	  0,00373772	71,3	  0,00387013	67,4
     106,129	  0,00370462	57,7	  0,00360817	69,0
     106,237	  0,00347967	64,3	  0,00335346	73,1
     106,344	  0,00344396	64,1	  0,00349326	61,6
     106,452	  0,00364708	61,6	  0,00348275	62,9
     106,559	  0,00345312	75,0	  0,00349516	68,4
     106,667	  0,00405386	68,4	  0,00355846	62,7
     106,774	  0,00342116	62,6	  0,00386849	63,9
     106,882	  0,00361708	63,6	  0,00405639	61,8
     106,989	  0,00391428	66,1	  0,00361537	60,0
     107,097	  0,00347486	73,6	  0,00338413	68,0
     107,204	  0,00386624	62,3	  0,00348799	60,1
     107,312	  0,00390254	65,2	  0,00335654	63,5
     107,419	  0,00361587	68,2	  0,00364064	65,0
     107,527	  0,00359519	67,7	  0,00364521	60,3
     107,634	  0,00369958	70,4	  0,00358726	66,3
     107,742	  0,00398848	63,9	  0,00387728	62,2
     107,849	   0,0042096	66,6	  0,00406048	66,3
     107,957	    0,004002	71,2	  0,00359142	60,1
     108,065	  0,00344367	61,8	  0,00362859	60,9
     108,172	  0,00393057	61,5	  0,00387011	59,2
      108,28	  0,00431393	66,2	   0,0040038	69,1
     108,387	  0,00415895	63,2	   0,0039041	63,2
     108,495	  0,00404461	63,2	   0,0040552	61,8
     108,602	  0,00341141	64,4	  0,00397672	60,0
      108,71	  0,00420309	65,6	  0,00398702	67,7
     108,817	  0,00406931	69,6	   0,0043374	64,6
     108,925	  0,00416017	69,5	  0,00353916	68,2
     109,032	  0,00400807	59,8	  0,00392389	67,8
      109,14	  0,00390057	62,8	  0,00422344	67,4
     109,247	  0,00387587	63,6	  0,00412836	68,3
     109,355	  0,00408404	60,5	  0,00412291	67,4
     109,462	  0,00381254	64,4	  0,00404978	68,4
      109,57	  0,00400443	67,0	  0,00423538	67,2
     109,677	  0,00409676	63,2	  0,00439797	67,3
     109,785	  0,00461101	69,3	  0,00427171	63,8
     109,892	   0,0041746	64,5	  0,00400465	62,3
         110	  0,00391749	58,1	  0,00388729	62,3
     110,108	  0,00397775	68,2	  0,00413672	69,9
     110,215	  0,00427941	68,9	  0,00448532	64,5
     110,323	  0,00424977	63,3	   0,0044639	64,0
      110,43	  0,00443272	63,4	  0,00452546	54,0
     110,538	  0,00446734	62,6	  0,00398188	58,4
     110,645	  0,00436646	62,0	  0,00423502	67,1
     110,753	  0,00412202	68,9	  0,00440904	67,5
      110,86	  0,00439771	61,7	  0,00458051	63,7
     110,968	  0,00433289	62,8	  0,00425267	62,9
     111,075	  0,00433605	62,1	  0,00449474	69,6
     111,183	  0,00431216	63,1	  0,00441101	64,6
      111,29	   0,0043193	66,2	  0,00448436	65,6
     111,398	     0,00432	60,6	  0,00466598	66,2
     111,505	  0,00439673	68,1	  0,00445417	62,0
     111,613	  0,00449611	66,7	  0,00447617	61,9
      111,72	  0,00398636	62,3	  0,00480772	66,9
     111,828	  0,00459833	65,3	  0,00444978	64,2
     111,935	   0,0042498	59,8	  0,00464121	68,7
     112,043	  0,00435259	67,1	  0,00440908	64,2
     112,151	  0,00448504	64,4	  0,00478402	62,5
     112,258	    0,004464	66,8	  0,00485028	67,3
     112,366	  0,00449789	61,1	  0,00466399	65,0
     112,473	  0,00453601	63,6	  0,00496534	61,8
     112,581	  0,00451606	60,8	  0,00462956	66,2
     112,688	  0,00487073	69,7	   0,0046811	63,4
     112,796	  0,00488296	64,9	  0,00461671	61,8
     112,903	  0,00465254	64,1	  0,00468813	64,8
     113,011	  0,00480573	63,7	  0,00472571	60,2
     113,118	  0,00445433	63,7	  0,00477064	65,6
     113,226	  0,00479813	63,3	  0,00491956	61,7
     113,333	  0,00503585	65,3	  0,00493223	68,1
     113,441	  0,00483467	63,3	  0,00526285	73,6
     113,548	  0,00475126	72,8	  0,00505605	64,8
     113,656	  0,00499306	66,6	   0,0047834	61,7
     113,763	  0,00504731	64,4	  0,00498001	70,3
     113,871	  0,00492909	57,2	  0,00511569	64,9
     113,978	  0,00469851	64,5	  0,00522186	67,8
     114,086	  0,00502073	66,6	  0,00476473	61,7
     114,194	  0,00497172	63,3	  0,00496022	62,6
     114,301	  0,00488516	66,0	  0,00512467	62,7
     114,409	  0,00512632	62,5	  0,00514563	66,2
     114,516	  0,00496711	65,3	  0,00529746	63,5
     114,624	  0,00516391	66,0	  0,00504247	66,0
     114,731	  0,00501973	63,5	  0,00505366	60,9
     114,839	  0,00519209	61,0	  0,00495947	59,7
     114,946	  0,00501018	55,6	  0,00553626	63,3
     115,054	   0,0050696	71,6	  0,00536337	66,1
     115,161	    0,005295	64,3	  0,00547922	61,2
     115,269	  0,00507072	59,0	  0,00533995	62,3
     115,376	  0,00523811	68,0	  0,00541109	63,8
     115,484	  0,00530758	65,3	  0,00547155	61,2
     115,591	  0,00579785	69,4	  0,00549461	74,0
     115,699	  0,00536817	62,7	  0,00562515	70,1
     115,806	  0,00512571	62,0	  0,00550191	60,6
     115,914	  0,00515853	62,2	  0,00574625	62,1
     116,022	  0,00540939	66,3	  0,00571867	64,3
     116,129	  0,00564694	67,8	  0,00554925	61,1
     116,237	  0,00547403	60,7	  0,00566358	59,3
     116,344	  0,00559738	62,0	  0,00563938	58,7
     116,452	  0,00570301	64,3	  0,00587761	64,5
     116,559	  0,00568644	63,7	  0,00571028	58,9
     116,667	  0,00568566	66,8	  0,00552356	59,1
     116,774	   0,0054366	61,9	  0,00601163	64,3
     116,882	  0,00588995	62,3	  0,00626563	67,3
     116,989	  0,00586625	61,6	    0,006172	64,2
     117,097	  0,00592994	64,1	  0,00595865	60,4
     117,204	  0,00585451	67,7	   0,0060038	65,7
     117,312	  0,00599977	57,8	  0,00616415	61,1
     117,419	   0,0060902	65,3	  0,00605629	59,8
     117,527	   0,0059287	58,9	    0,006334	64,3
     117,634	   0,0059445	61,5	  0,00627038	60,2
     117,742	  0,00608809	60,2	  0,00622582	66,0
     117,849	  0,00625078	63,2	  0,00641069	60,3
     117,957	  0,00615113	61,5	  0,00628039	60,7
     118,065	  0,00630798	63,6	  0,00651144	64,7
     118,172	  0,00614122	61,5	  0,00630203	58,1
      118,28	  0,00621263	58,9	  0,00661011	65,5
     118,387	   0,0062722	64,9	  0,00638704	66,6
     118,495	  0,00623301	63,6	  0,00632476	66,3
     118,602	  0,00659991	63,5	  0,00639261	65,7
      118,71	  0,00622028	64,6	  0,00676131	66,1
     118,817	  0,00642517	62,3	  0,00686638	63,3
     118,925	  0,00632647	65,0	  0,00699422	66,8
     119,032	  0,00683006	65,0	  0,00676307	67,7
      119,14	  0,00677533	66,6	  0,00680008	66,3
     119,247	  0,00686934	63,9	  0,00681436	61,8
     119,355	  0,00659294	62,8	   0,0069027	62,3
     119,462	  0,00675012	63,5	  0,00693088	63,7
      119,57	  0,00679981	62,7	  0,00689236	66,5
     119,677	  0,00671915	60,4	  0,00699614	61,7
     119,785	  0,00681517	62,4	  0,00722778	59,3
     119,892	  0,00702225	58,1	  0,00761061	58,2
         120	  0,00706299	63,4	  0,00743093	65,4
     120,108	  0,00727951	63,7	  0,00754087	63,1
     120,215	  0,00720897	62,2	  0,00750208	59,2
     120,323	  0,00714033	59,0	  0,00742481	64,8
      120,43	  0,00730383	65,6	  0,00779331	62,7
     120,538	  0,00719583	63,3	  0,00762896	64,9
     120,645	  0,00758967	62,7	  0,00787487	65,0
     120,753	  0,00718802	65,0	  0,00758475	62,8
      120,86	  0,00766049	56,5	  0,00797284	64,1
     120,968	  0,00779559	61,6	  0,00784695	59,5
     121,075	  0,00758854	62,2	  0,00805479	63,5
     121,183	  0,00779876	61,1	  0,00820628	63,5
      121,29	  0,00775159	62,0	  0,00802059	60,6
     121,398	  0,00790314	59,1	  0,00844282	60,1
     121,505	  0,00787861	62,6	  0,00854396	65,5
     121,613	  0,00793306	65,5	  0,00838676	59,6
      121,72	  0,00819786	62,0	  0,00864162	59,0
     121,828	  0,00832903	61,2	  0,00854218	61,9
     121,935	  0,00831079	62,2	  0,00881535	64,2
     122,043	  0,00829716	61,8	  0,00874333	64,9
     122,151	  0,00811823	63,1	  0,00867826	65,1
     122,258	   0,0084502	62,4	  0,00879112	63,7
     122,366	  0,00849323	59,7	  0,00895966	60,5
     122,473	  0,00860562	59,0	  0,00889713	63,6
     122,581	   0,0086193	58,5	   0,0089363	68,9
     122,688	   0,0087285	62,6	  0,00961291	62,1
     122,796	  0,00893886	66,2	  0,00923879	61,8
     122,903	  0,00900823	68,0	  0,00952751	61,5
     123,011	  0,00904132	65,5	  0,00946836	60,8
     123,118	  0,00912104	63,4	  0,00941723	65,4
     123,226	  0,00925388	62,3	  0,00986941	60,0
     123,333	  0,00910609	61,6	  0,00968859	63,6
     123,441	  0,00957408	61,7	     0,01023	61,6
     123,548	  0,00967179	63,4	   0,0102379	63,7
     123,656	  0,00974612	62,0	   0,0100853	58,2
     123,763	   0,0098472	63,5	   0,0105386	64,4
     123,871	  0,00983393	59,7	   0,0103494	59,3
     123,978	  0,00984932	63,3	   0,0105137	63,4
     124,086	   0,0100398	58,2	   0,0106246	60,8
     124,194	   0,0103426	65,8	   0,0111087	62,7
     124,301	   0,0105133	59,9	   0,0110582	60,6
     124,409	   0,0103611	59,9	     0,01102	63,1
     124,516	   0,0105344	62,8	   0,0109907	61,9
     124,624	     0,01055	66,0	     0,01114	60,8
     124,731	   0,0110667	63,1	   0,0116947	59,1
     124,839	   0,0111991	61,5	   0,0117862	61,7
     124,946	     0,01124	60,1	   0,0115322	61,3
     125,054	    0,010867	60,9	   0,0119374	62,9
     125,161	   0,0110902	60,7	   0,0124223	59,2
     125,269	   0,0113916	62,0	    0,012344	60,8
     125,376	   0,0117483	62,9	   0,0123298	60,3
     125,484	   0,0120039	62,7	   0,0127272	61,8
     125,591	   0,0120362	64,1	   0,0128075	61,4
     125,699	   0,0121263	62,0	    0,012716	61,5
     125,806	   0,0121702	62,5	   0,0132398	59,1
     125,914	   0,0125531	63,2	   0,0132757	61,9
     126,022	   0,0126572	64,7	   0,0132359	65,0
     126,129	   0,0122208	64,5	   0,0139785	64,0
     126,237	   0,0128075	63,3	   0,0136832	64,0
     126,344	   0,0133499	64,4	   0,0140929	60,0
     126,452	   0,0133138	62,7	   0,0140575	66,9
     126,559	   0,0135638	60,7	   0,0144379	64,1
     126,667	   0,0137217	67,0	   0,0150393	60,4
     126,774	   0,0142137	59,6	    0,015157	66,4
     126,882	   0,0141073	63,9	   0,0150499	61,7
     126,989	   0,0140576	60,8	   0,0157699	57,2
     127,097	   0,0149043	63,6	   0,0161162	61,6
     127,204	   0,0149612	58,3	   0,0159467	66,5
     127,312	   0,0151181	64,7	   0,0164169	63,8
     127,419	   0,0158417	59,1	    0,016767	60,7
     127,527	   0,0159836	60,4	   0,0172056	62,9
     127,634	   0,0156484	62,1	   0,0174408	62,0
     127,742	    0,015871	63,0	   0,0178704	64,6
     127,849	   0,0163809	65,0	   0,0179848	62,5
     127,957	   0,0167167	61,1	     0,01865	63,0
     128,065	   0,0171691	61,4	   0,0190108	64,5
     128,172	   0,0172831	63,5	    0,019261	63,1
      128,28	   0,0176889	63,5	   0,0196439	65,3
     128,387	   0,0178794	65,0	   0,0202859	66,8
     128,495	   0,0183356	64,7	   0,0208519	66,1
     128,602	   0,0185843	65,2	   0,0211065	63,7
      128,71	   0,0190902	63,2	   0,0217971	60,2
     128,817	   0,0194403	62,6	   0,0220797	61,3
     128,925	   0,0195367	61,5	   0,0223881	62,6
     129,032	   0,0199129	62,5	   0,0229646	65,9
      129,14	   0,0206711	62,1	   0,0237911	63,5
     129,247	    0,021052	62,1	   0,0245119	61,8
     129,355	   0,0213337	64,9	   0,0244761	65,2
     129,462	   0,0218922	63,2	   0,0257814	63,6
      129,57	   0,0220406	61,8	   0,0260736	64,0
     129,677	   0,0226355	63,9	   0,0272135	66,3
     129,785	   0,0233264	61,0	    0,027556	62,0
     129,892	   0,0238585	63,9	   0,0284612	65,1
         130	   0,0242456	63,2	   0,0298402	64,1
     130,108	   0,0255841	64,7	   0,0307657	64,2
     130,215	   0,0260847	64,9	   0,0315651	62,2
     130,323	   0,0268796	61,5	    0,032628	64,4
      130,43	   0,0278814	62,6	   0,0339566	65,4
     130,538	   0,0286766	62,9	   0,0352007	65,5
     130,645	    0,029561	63,2	   0,0368708	63,1
     130,753	   0,0306156	65,2	   0,0382771	66,1
      130,86	   0,0311091	64,9	   0,0399591	64,9
     130,968	   0,0320066	64,9	   0,0412523	65,5
     131,075	   0,0322809	64,5	   0,0427447	64,9
     131,183	   0,0341094	65,3	   0,0450147	65,6
      131,29	   0,0358535	65,9	   0,0470616	66,1
     131,398	   0,0370502	64,5	   0,0491563	66,2
     131,505	   0,0380437	64,3	   0,0521492	66,5
     131,613	   0,0393705	63,6	   0,0551456	67,8
      131,72	   0,0416106	66,9	   0,0577869	67,7
     131,828	   0,0429766	67,0	   0,0618942	67,9
     131,935	   0,0454649	67,3	   0,0646425	69,5
     132,043	   0,0470585	65,6	   0,0682626	66,6
     132,151	   0,0492274	67,2	    0,071565	67,5
     132,258	   0,0527518	68,3	   0,0761444	69,2
     132,366	   0,0548924	67,7	   0,0799329	69,0
     132,473	    0,058053	66,2	   0,0843567	69,8
     132,581	   0,0614435	70,5	   0,0888484	72,6
     132,688	   0,0638945	69,2	   0,0935189	69,1
     132,796	   0,0682523	69,7	   0,0985566	75,4
     132,903	   0,0716472	71,9	     0,10344	74,3
     133,011	   0,0754182	73,3	     0,10857	72,6
     133,118	   0,0799659	70,3	     0,11278	72,8
     133,226	   0,0843941	72,8	    0,118271	76,7
     133,333	   0,0886109	73,9	    0,122501	73,6
     133,441	   0,0936721	72,6	    0,127281	75,2
     133,548	   0,0990978	74,0	     0,13211	78,7
     133,656	    0,103263	74,9	    0,136766	77,5
     133,763	    0,108739	74,0	    0,141254	76,5
     133,871	    0,113684	76,0	    0,145822	81,4
     133,979	    0,118667	78,7	    0,150137	82,5
     134,086	    0,122958	77,8	    0,154037	81,1
     134,194	    0,127948	79,9	    0,158838	81,0
     134,301	    0,132833	78,8	    0,162235	81,6
     134,409	    0,138331	80,3	    0,167822	83,8
     134,516	      0,1427	81,8	    0,172761	79,4
     134,624	    0,147633	82,5	     0,15644	183,8
     134,731	    0,152394	81,5	    0,125342	-149,0
     134,839	    0,157037	83,8	    0,100314	-144,5
     134,946	    0,161166	83,2	   0,0851723	-138,3
     135,054	    0,165929	83,9	   0,0764608	-134,1
     135,161	    0,170185	84,0	   0,0697831	-134,4
     135,269	    0,174962	85,8	   0,0641847	-134,2
     135,376	    0,179029	86,6	   0,0594933	-130,6
     135,484	    0,182799	87,7	   0,0565871	-131,3
     135,591	    0,187037	88,9	   0,0520579	-132,7
     135,699	    0,191256	88,7	   0,0499571	-129,2
     135,806	    0,195959	86,6	   0,0474273	-129,0
     135,914	    0,199899	90,0	   0,0445383	-127,4
     136,021	    0,203584	90,1	   0,0427911	-129,2
     136,129	    0,207833	91,6	   0,0415922	-129,3
     136,237	    0,211874	89,8	   0,0395218	-129,2
     136,344	    0,215781	92,7	   0,0384972	-126,3
     136,452	    0,218981	92,9	   0,0368688	-127,7
     136,559	    0,223071	90,5	   0,0354817	-129,5
     136,667	     0,22685	93,1	   0,0348746	-126,8
     136,774	    0,230472	93,8	    0,033485	-126,3
     136,882	    0,234065	95,4	   0,0323994	-126,5
     136,989	    0,237657	94,3	   0,0319854	-125,1
     137,097	    0,241238	94,1	    0,031154	-126,0
     137,204	    0,244518	96,6	   0,0303587	-126,0
     137,312	     0,24792	96,1	   0,0293399	-126,1
     137,419	    0,251855	95,6	   0,0276233	-126,5
     137,527	    0,255393	94,9	   0,0266403	-128,6
     137,634	    0,258801	96,7	   0,0263866	-127,2
     137,742	    0,261905	98,6	   0,0265526	-128,7
     137,849	    0,265189	98,2	   0,0260919	-127,9
     137,957	    0,268645	99,3	   0,0251992	-130,0
     138,065	    0,271674	96,8	   0,0240984	-125,3
     138,172	    0,275018	97,6	   0,0233704	-128,1
      138,28	    0,278478	96,5	   0,0239728	-124,8
     138,387	    0,281685	99,0	   0,0224561	-126,7
     138,495	    0,284576	101,7	   0,0225869	-129,0
     138,602	     0,28729	100,3	   0,0223174	-125,9
      138,71	     0,29055	101,1	   0,0209691	-126,0
     138,817	    0,293781	103,7	   0,0215828	-127,4
     138,925	    0,296878	101,5	   0,0210212	-123,0
     139,032	    0,299637	104,3	   0,0203998	-126,7
      139,14	    0,302467	103,6	   0,0199352	-123,2
     139,247	    0,305222	108,0	   0,0202118	-127,1
     139,355	    0,308107	106,0	   0,0189722	-122,8
     139,462	    0,311105	106,9	   0,0189188	-123,3
      139,57	    0,314095	108,4	   0,0185505	-127,1
     139,677	    0,317101	106,2	    0,018231	-125,0
     139,785	    0,319816	109,3	    0,018424	-122,7
     139,892	    0,322612	110,0	   0,0176757	-124,9
         140	    0,325381	108,9	   0,0169955	-123,8
     140,108	    0,328164	108,7	   0,0168698	-125,3
     140,215	    0,330844	111,2	   0,0167025	-127,9
     140,323	    0,333245	110,6	   0,0167209	-126,3
      140,43	    0,336041	112,4	    0,016195	-128,1
     140,538	    0,338998	115,4	   0,0162634	-126,6
     140,645	    0,341566	113,5	   0,0156413	-124,5
     140,753	    0,344589	113,2	   0,0154946	-124,9
      140,86	    0,347248	116,8	   0,0152973	-125,7
     140,968	    0,349376	116,9	   0,0149503	-124,1
     141,075	    0,352171	116,5	    0,015211	-123,0
     141,183	    0,354934	116,1	   0,0149856	-122,6
      141,29	    0,357791	116,9	   0,0145211	-125,1
     141,398	    0,360858	115,4	   0,0141042	-123,5
     141,505	    0,363478	120,3	   0,0136149	-125,8
     141,613	    0,365313	120,4	   0,0141051	-123,3
      141,72	    0,368349	119,3	   0,0140369	-124,1
     141,828	     0,37128	120,8	   0,0134219	-126,5
     141,935	    0,373142	123,6	   0,0135426	-125,0
     142,043	    0,376263	120,3	   0,0132363	-125,1
     142,151	    0,378712	123,2	    0,013057	-127,3
     142,258	     0,38119	122,0	   0,0127635	-124,2
     142,366	    0,384177	125,1	   0,0131069	-122,7
     142,473	    0,386289	124,2	   0,0129122	-124,7
     142,581	     0,38834	125,8	   0,0126231	-122,5
     142,688	    0,391473	127,9	   0,0125717	-125,1
     142,796	    0,394069	128,6	   0,0119466	-127,5
     142,903	     0,39627	127,7	   0,0123568	-125,4
     143,011	    0,399236	130,1	   0,0125889	-123,8
     143,118	    0,401672	130,2	   0,0119391	-127,1
     143,226	    0,403521	129,0	    0,011596	-128,1
     143,333	    0,406063	134,1	   0,0115649	-126,9
     143,441	    0,408347	132,1	   0,0118349	-122,9
     143,548	    0,410913	137,0	   0,0117623	-125,2
     143,656	    0,413881	137,8	   0,0113307	-126,2
     143,763	    0,416243	139,3	   0,0112925	-123,8
     143,871	    0,418706	139,3	   0,0114594	-124,9
     143,979	    0,420473	142,3	   0,0109101	-127,2
     144,086	    0,423486	144,2	    0,010681	-127,5
     144,194	    0,425958	143,0	   0,0108153	-124,0
     144,301	    0,427134	142,8	   0,0104515	-122,2
     144,409	    0,428225	145,2	   0,0106156	-123,3
     144,516	    0,431108	152,8	   0,0105784	-125,9
     144,624	    0,432852	165,0	    0,010243	-126,2
     144,731	     0,43056	178,1	   0,0104521	-119,8
     144,839	     0,41152	-146,1	  0,00985674	-128,9
     144,946	   0,0105993	-123,9	   0,0101422	-124,0
     145,054	  0,00985088	-124,9	  0,00991095	-125,4
     145,161	   0,0105006	-124,2	   0,0100952	-126,5
     145,269	  0,00982604	-121,6	  0,00987754	-121,3
     145,376	   0,0101641	-123,7	  0,00996995	-123,3
     145,484	  0,00951223	-129,3	  0,00943785	-125,5
     145,591	  0,00976179	-123,7	  0,00985278	-120,9
     145,699	   0,0097682	-123,9	  0,00940137	-122,7
     145,806	  0,00956338	-128,2	   0,0092266	-128,3
     145,914	  0,00950419	-127,6	  0,00959558	-122,4
     146,021	  0,00959566	-124,1	  0,00905408	-121,8
     146,129	  0,00927161	-130,1	  0,00895115	-125,0
     146,237	   0,0093257	-123,8	  0,00922953	-123,6
     146,344	   0,0090992	-124,7	  0,00933212	-123,6
     146,452	  0,00913816	-121,5	  0,00883109	-125,8
     146,559	  0,00874494	-124,2	  0,00876978	-127,0
     146,667	   0,0086236	-129,1	  0,00858299	-126,0
     146,774	  0,00862441	-129,8	  0,00864575	-127,2
     146,882	  0,00865348	-126,9	  0,00837971	-127,7
     146,989	  0,00850435	-128,4	  0,00830733	-128,5
     147,097	  0,00851101	-122,7	  0,00831492	-126,0
     147,204	  0,00843223	-124,4	  0,00855774	-124,5
     147,312	  0,00831967	-124,3	  0,00878723	-123,0
     147,419	   0,0083323	-127,1	  0,00869797	-122,5
     147,527	  0,00860864	-126,2	  0,00873531	-119,9
     147,634	  0,00845421	-126,7	  0,00810603	-128,2
     147,742	  0,00844874	-122,8	  0,00817567	-122,9
     147,849	  0,00812546	-125,0	   0,0082531	-122,4
     147,957	  0,00847573	-123,2	  0,00832209	-123,4
     148,065	  0,00818432	-126,3	  0,00810355	-128,5
     148,172	  0,00824561	-122,7	  0,00823143	-124,3
      148,28	  0,00802624	-127,8	  0,00780207	-123,9
     148,387	  0,00821838	-123,6	  0,00783783	-125,1
     148,495	  0,00806592	-124,4	  0,00783951	-124,6
     148,602	  0,00767151	-125,1	  0,00776231	-126,2
      148,71	  0,00794941	-128,7	   0,0078584	-122,7
     148,817	  0,00773471	-125,5	  0,00777133	-123,3
     148,925	  0,00787122	-126,1	  0,00754502	-130,3
     149,032	     0,00768	-128,8	  0,00743606	-123,0
      149,14	  0,00760967	-126,3	  0,00748144	-126,4
     149,247	  0,00748971	-124,8	  0,00761867	-124,2
     149,355	  0,00760233	-123,0	  0,00766755	-123,5
     149,462	  0,00774156	-123,2	  0,00743591	-123,6
      149,57	  0,00758016	-126,2	  0,00741948	-126,2
     149,677	  0,00725352	-126,3	  0,00728872	-126,6
     149,785	  0,00734617	-126,8	  0,00731359	-124,1
     149,892	  0,00736546	-124,7	   0,0072995	-123,9
         150	  0,00739483	-123,8	  0,00719397	-125,5
     150,108	  0,00704798	-127,9	  0,00729046	-126,6
     150,215	  0,00725714	-125,2	  0,00727978	-125,4
     150,323	  0,00727922	-122,6	  0,00728233	-125,0
      150,43	  0,00724854	-122,1	  0,00692714	-124,5
     150,538	  0,00697621	-124,7	  0,00701928	-128,5
     150,645	  0,00682372	-125,9	  0,00691614	-126,3
     150,753	  0,00695415	-126,1	  0,00700307	-127,6
      150,86	  0,00697877	-124,8	  0,00667303	-133,2
     150,968	  0,00691965	-124,6	   0,0067964	-124,2
     151,075	  0,00670494	-127,0	  0,00686578	-128,9
     151,183	   0,0070228	-124,4	  0,00676993	-126,7
      151,29	  0,00675709	-127,1	   0,0067728	-124,9
     151,398	  0,00693525	-124,9	  0,00691007	-124,5
     151,505	  0,00658084	-127,3	   0,0065604	-128,0
     151,613	   0,0068597	-122,6	  0,00676007	-124,4
      151,72	  0,00653932	-127,3	  0,00663928	-121,8
     151,828	  0,00683157	-125,2	  0,00646591	-125,7
     151,935	  0,00646215	-123,8	  0,00669697	-122,2
     152,043	  0,00675925	-122,9	  0,00655058	-122,9
     152,151	  0,00648693	-130,3	  0,00637414	-127,7
     152,258	  0,00639809	-128,5	  0,00654666	-127,6
     152,366	  0,00648391	-126,5	  0,00649057	-121,7
     152,473	  0,00660388	-121,9	  0,00622472	-128,5
     152,581	   0,0065971	-122,4	  0,00630619	-124,4
     152,688	  0,00650295	-129,9	  0,00645868	-119,3
     152,796	  0,00639862	-125,6	  0,00631711	-118,1
     152,903	  0,00620929	-124,1	  0,00639114	-124,8
     153,011	  0,00624509	-123,7	  0,00625726	-122,9
     153,118	  0,00623002	-129,0	  0,00623446	-127,7
     153,226	   0,0061825	-126,0	  0,00627837	-127,3
     153,333	  0,00619381	-127,8	  0,00629879	-123,6
     153,441	  0,00626154	-127,2	   0,0061849	-125,5
     153,548	  0,00625216	-127,8	  0,00594159	-126,9
     153,656	  0,00620234	-126,6	  0,00579493	-127,2
     153,763	  0,00624041	-121,5	  0,00598685	-130,2
     153,871	  0,00603012	-125,1	  0,00620324	-126,5
     153,979	  0,00609662	-127,6	  0,00594424	-127,9
     154,086	  0,00624052	-126,5	  0,00585022	-123,1
     154,194	  0,00579035	-128,2	  0,00615622	-125,7
     154,301	  0,00606404	-125,7	  0,00586041	-129,8
     154,409	  0,00581485	-123,9	  0,00588481	-126,8
     154,516	  0,00593445	-127,6	  0,00595296	-125,0
     154,624	  0,00592097	-126,2	  0,00573347	-128,7
     154,731	  0,00599783	-128,1	  0,00600006	-127,1
     154,839	  0,00580134	-128,4	  0,00569515	-123,1
     154,946	  0,00591622	-127,1	  0,00565453	-117,4
     155,054	  0,00564471	-117,8	  0,00591058	-125,8
     155,161	  0,00585084	-122,5	  0,00566394	-128,8
     155,269	  0,00575572	-125,4	  0,00568377	-126,8
     155,376	  0,00572041	-124,2	  0,00581187	-124,3
     155,484	   0,0056742	-120,7	  0,00563096	-117,6
     155,591	   0,0057951	-126,1	  0,00547609	-123,9
     155,699	  0,00577013	-127,3	  0,00559344	-126,8
     155,806	  0,00582426	-128,5	  0,00553731	-125,0
     155,914	  0,00567546	-122,8	   0,0056906	-123,6
     156,021	  0,00560403	-125,1	  0,00570525	-126,3
     156,129	  0,00551669	-120,2	  0,00567901	-125,6
     156,237	  0,00555275	-126,6	  0,00572019	-129,3
     156,344	  0,00561999	-127,5	  0,00580795	-130,8
     156,452	  0,00570554	-127,8	   0,0055784	-124,6
     156,559	   0,0057334	-126,1	  0,00552124	-127,4
     156,667	  0,00548949	-125,6	  0,00551941	-131,8
     156,774	  0,00549707	-123,6	  0,00532022	-116,3
     156,882	  0,00511178	-118,8	  0,00551726	-131,1
     156,989	   0,0055301	-126,6	  0,00549663	-127,1
     157,097	  0,00545139	-124,9	  0,00530533	-127,8
     157,204	  0,00529206	-123,3	  0,00517169	-127,9
     157,312	  0,00527398	-122,8	  0,00545099	-125,1
     157,419	  0,00545485	-128,7	    0,005142	-131,8
     157,527	  0,00538097	-132,8	  0,00517687	-115,9
     157,634	  0,00543842	-121,5	  0,00526813	-129,8
     157,742	  0,00513856	-124,9	   0,0053078	-124,6
     157,849	  0,00541412	-127,4	  0,00519217	-126,6
     157,957	  0,00509366	-123,2	  0,00524419	-127,9
     158,065	  0,00535362	-125,5	  0,00502052	-123,6
     158,172	  0,00513359	-126,7	  0,00523838	-123,8
      158,28	  0,00502154	-126,6	   0,0052504	-128,2
     158,387	  0,00559104	-132,8	  0,00493422	-125,5
     158,495	  0,00526116	-126,2	  0,00516368	-126,0
     158,602	  0,00516627	-128,8	  0,00517835	-127,9
      158,71	  0,00499452	-124,5	  0,00494519	-125,4
     158,817	  0,00495551	-124,5	   0,0048797	-123,2
     158,925	  0,00517898	-128,1	   0,0051576	-130,3
     159,032	  0,00527699	-128,6	  0,00530974	-130,2
      159,14	  0,00535734	-129,7	  0,00512618	-129,4
     159,247	  0,00517411	-126,2	  0,00512383	-127,1
     159,355	  0,00506714	-119,2	  0,00492232	-121,1
     159,462	  0,00505402	-125,9	   0,0050683	-127,8
      159,57	  0,00513061	-125,6	  0,00511241	-129,8
     159,677	  0,00504474	-130,0	  0,00490103	-130,6
     159,785	  0,00470394	-122,9	  0,00490852	-126,2
     159,892	  0,00488205	-121,9	  0,00497996	-126,8
         160	  0,00506918	-128,9	  0,00513593	-130,0
     160,108	  0,00498147	-121,8	  0,00505739	-129,3
     160,215	  0,00493213	-128,4	  0,00463996	-119,7
     160,323	  0,00479895	-126,8	  0,00486948	-126,9
      160,43	  0,00484466	-125,0	  0,00483126	-125,1
     160,538	   0,0049121	-124,1	  0,00433521	-119,9
     160,645	  0,00491704	-128,9	  0,00505317	-132,5
     160,753	  0,00477114	-121,8	   0,0048107	-128,6
      160,86	  0,00480267	-123,9	  0,00511874	-129,0
     160,968	  0,00501538	-124,8	  0,00513631	-135,0
     161,075	  0,00467204	-125,0	  0,00474809	-121,8
     161,183	  0,00495309	-129,8	  0,00480372	-125,5
      161,29	  0,00496206	-128,6	  0,00450824	-121,6
     161,398	  0,00464644	-128,8	  0,00456155	-131,8
     161,505	  0,00451985	-124,2	  0,00467048	-131,3
     161,613	  0,00459543	-118,2	   0,0044248	-119,7
      161,72	  0,00465085	-120,6	  0,00453832	-128,3
     161,828	  0,00472875	-125,9	  0,00442034	-127,0
     161,935	  0,00458245	-125,5	  0,00487139	-131,8
     162,043	  0,00444799	-124,9	  0,00444646	-122,9
     162,151	  0,00463945	-123,9	   0,0045521	-126,0
     162,258	  0,00495386	-132,1	  0,00441774	-126,2
     162,366	  0,00467001	-122,2	  0,00456828	-127,0
     162,473	  0,00486095	-132,0	  0,00439263	-125,7
     162,581	  0,00443463	-125,0	  0,00467653	-129,7
     162,688	  0,00451385	-125,3	  0,00426948	-127,5
     162,796	  0,00464341	-126,3	  0,00439308	-129,7
     162,903	  0,00466177	-125,0	  0,00452012	-131,8
     163,011	  0,00426955	-124,7	  0,00475665	-128,9
     163,118	  0,00465496	-126,8	  0,00451961	-125,5
     163,226	  0,00440166	-118,6	  0,00459892	-123,7
     163,333	  0,00508857	-133,2	   0,0041334	-121,2
     163,441	  0,00438396	-121,2	  0,00438795	-121,9
     163,548	  0,00438486	-123,0	  0,00473996	-127,4
     163,656	  0,00431341	-123,8	  0,00456454	-123,8
     163,763	  0,00435856	-127,1	   0,0043067	-120,9
     163,871	  0,00415193	-124,3	  0,00449397	-128,8
     163,979	  0,00453238	-128,7	  0,00411386	-121,0
     164,086	  0,00443219	-130,1	  0,00428043	-127,2
     164,194	  0,00419298	-123,5	  0,00442997	-126,5
     164,301	  0,00445208	-127,1	  0,00479018	-136,6
     164,409	  0,00435799	-127,8	   0,0046912	-128,3
     164,516	  0,00449327	-127,7	  0,00422598	-128,5
     164,624	  0,00444957	-127,2	   0,0044526	-128,2
     164,731	   0,0042316	-128,7	  0,00440706	-124,6
     164,839	  0,00410917	-123,8	  0,00440442	-126,0
     164,946	  0,00459966	-126,0	  0,00458066	-124,8
     165,054	  0,00424465	-121,4	  0,00454699	-127,1
     165,161	  0,00427124	-126,6	  0,00439132	-130,4
     165,269	   0,0042035	-125,1	  0,00421416	-125,6
     165,376	  0,00426295	-128,2	  0,00411558	-126,0
     165,484	  0,00405051	-123,0	  0,00426553	-129,3
     165,591	  0,00432043	-125,3	  0,00441211	-129,0
     165,699	  0,00420538	-125,9	  0,00414207	-129,5
     165,806	  0,00447656	-123,0	  0,00423927	-123,7
     165,914	   0,0044295	-122,7	  0,00429298	-127,2
     166,021	  0,00427305	-125,8	  0,00425077	-129,1
     166,129	  0,00421768	-120,4	   0,0043321	-131,4
     166,237	  0,00418337	-130,2	  0,00397188	-125,1
     166,344	  0,00443601	-131,5	  0,00429109	-129,3
     166,452	  0,00428365	-124,8	  0,00382587	-121,1
     166,559	  0,00448064	-127,9	  0,00418158	-125,9
     166,667	  0,00384834	-121,2	  0,00454744	-123,0
     166,774	  0,00416378	-132,2	  0,00387315	-122,4
     166,882	  0,00439293	-130,6	  0,00421894	-126,9
     166,989	  0,00410646	-124,5	  0,00387915	-123,8
     167,097	  0,00447176	-130,4	  0,00405754	-132,2
     167,204	  0,00410409	-119,2	  0,00433181	-131,2
     167,312	  0,00386619	-123,2	  0,00394937	-129,8
     167,419	  0,00417931	-120,2	  0,00421488	-126,7
     167,527	  0,00465433	-130,0	  0,00392577	-126,1
     167,634	  0,00386462	-121,6	  0,00436475	-135,8
     167,742	  0,00397696	-129,6	   0,0043278	-124,2
     167,849	  0,00399273	-122,0	  0,00402821	-124,9
     167,957	   0,0040952	-128,3	  0,00436876	-126,6
     168,065	   0,0039242	-127,0	  0,00426241	-123,1
     168,172	  0,00439734	-123,8	  0,00429021	-128,4
      168,28	  0,00419891	-119,6	  0,00412179	-126,7
     168,387	   0,0038467	-132,8	  0,00414551	-123,9
     168,495	   0,0039668	-120,7	  0,00403823	-124,8
     168,602	  0,00396115	-121,6	  0,00440345	-128,5
      168,71	  0,00405955	-128,0	  0,00385279	-119,6
     168,817	  0,00381749	-127,0	    0,003982	-121,4
     168,925	  0,00412807	-123,7	  0,00432636	-123,3
     169,032	  0,00418097	-127,2	  0,00428975	-131,5
      169,14	  0,00423213	-121,4	  0,00396149	-126,3
     169,247	  0,00389563	-130,5	  0,00415994	-129,3
     169,355	  0,00457836	-128,9	  0,00400422	-131,5
     169,462	  0,00416882	-125,5	  0,00375858	-127,4
      169,57	  0,00391232	-123,4	  0,00417907	-124,6
     169,677	  0,00381206	-129,1	  0,00418217	-123,2
     169,785	  0,00375868	-120,5	  0,00381292	-126,7
     169,892	  0,00379449	-127,5	  0,00319299	-121,8
         170	  0,00412769	-126,2	  0,00435101	-127,9
     170,108	  0,00403319	-126,7	  0,00355976	-127,3
     170,215	  0,00376565	-127,8	   0,0036749	-121,7
     170,323	  0,00384134	-125,9	  0,00405104	-129,5
      170,43	  0,00377692	-130,5	  0,00373651	-120,0
     170,538	   0,0038557	-124,9	  0,00375793	-129,1
     170,645	  0,00369391	-127,6	  0,00392347	-126,4
     170,753	  0,00368638	-125,4	  0,00398426	-124,2
      170,86	  0,00386507	-122,5	  0,00395021	-121,3
     170,968	  0,00398665	-127,2	  0,00444814	-131,8
     171,075	  0,00376866	-127,4	  0,00427813	-123,7
     171,183	  0,00377078	-124,0	  0,00363029	-122,9
      171,29	   0,0036387	-128,5	  0,00389984	-127,8
     171,398	   0,0042579	-125,3	  0,00364322	-125,9
     171,505	  0,00378558	-125,5	  0,00376506	-126,2
     171,613	  0,00372694	-121,1	  0,00366593	-126,0
      171,72	   0,0037366	-118,6	  0,00366462	-120,2
     171,828	  0,00353488	-125,1	  0,00393969	-125,6
     171,935	  0,00337374	-129,6	  0,00391763	-118,9
     172,043	  0,00379517	-124,4	  0,00391756	-120,9
     172,151	  0,00408933	-136,3	  0,00402617	-126,7
     172,258	    0,003755	-122,2	  0,00367117	-128,6
     172,366	  0,00389049	-120,9	  0,00379826	-128,6
     172,473	  0,00333571	-117,2	  0,00379492	-130,0
     172,581	  0,00364955	-134,2	  0,00397938	-124,9
     172,688	  0,00374568	-131,8	  0,00386703	-126,3
     172,796	  0,00382715	-126,1	  0,00365646	-124,2
     172,903	  0,00340166	-128,8	  0,00354201	-124,3
     173,011	  0,00384792	-124,5	   0,0037505	-126,5
     173,118	   0,0034619	-126,7	  0,00353118	-126,7
     173,226	  0,00375231	-126,6	  0,00398779	-128,2
     173,333	  0,00367232	-127,4	  0,00382794	-132,3
     173,441	  0,00372986	-126,6	  0,00389838	-126,5
     173,548	  0,00398521	-133,2	  0,00371454	-123,8
     173,656	  0,00378215	-125,4	  0,00358621	-126,2
     173,763	  0,00356851	-125,2	  0,00361605	-125,5
     173,871	  0,00410902	-122,4	  0,00417543	-128,8
     173,979	  0,00406759	-135,3	   0,0036028	-125,5
     174,086	  0,00360574	-134,2	  0,00435277	-125,7
     174,194	  0,00303448	-127,9	   0,0043489	-129,2
     174,301	  0,00375406	-115,8	  0,00373994	-125,6
     174,409	   0,0039486	-123,8	  0,00370223	-129,8
     174,516	  0,00397849	-120,4	  0,00366866	-122,2
     174,624	  0,00382854	-130,0	  0,00395829	-126,2
     174,731	  0,00374831	-123,7	  0,00376276	-126,4
     174,839	  0,00384133	-120,0	  0,00391114	-130,2
     174,946	  0,00373511	-121,6	  0,00307947	-125,6
     175,054	  0,00339753	-129,2	  0,00347677	-129,9
     175,161	   0,0032425	-122,8	  0,00396023	-123,7
     175,269	  0,00329961	-126,6	  0,00392827	-127,6
     175,376	  0,00349675	-128,5	   0,0036888	-126,1
     175,484	  0,00346525	-133,7	  0,00351979	-125,5
     175,591	  0,00391173	-127,0	  0,00369078	-125,6
     175,699	  0,00366754	-122,9	  0,00384715	-127,7
     175,806	  0,00382026	-127,6	  0,00376466	-121,9
     175,914	  0,00384282	-123,5	  0,00374178	-127,5
     176,021	  0,00349062	-132,6	  0,00346819	-138,2
     176,129	  0,00334432	-125,1	  0,00379869	-119,5
     176,237	  0,00385679	-124,8	  0,00329469	-127,8
     176,344	  0,00385015	-124,1	  0,00321509	-136,5
     176,452	  0,00362403	-126,6	  0,00379587	-126,2
     176,559	  0,00373631	-126,2	  0,00355007	-128,1
     176,667	  0,00362521	-120,4	  0,00349505	-129,2
     176,774	  0,00361556	-132,8	  0,00400235	-124,7
     176,882	  0,00377266	-131,1	  0,00418112	-121,8
     176,989	  0,00347054	-126,8	  0,00324316	-128,4
     177,097	   0,0035211	-123,6	  0,00372584	-129,6
     177,204	  0,00363754	-131,2	   0,0035914	-128,8
     177,312	  0,00351326	-123,7	   0,0041104	-127,4
     177,419	  0,00375293	-128,1	  0,00329139	-132,0
     177,527	  0,00368169	-131,5	  0,00335698	-124,3
     177,634	  0,00359917	-128,0	  0,00353625	-125,1
     177,742	   0,0039793	-129,4	  0,00371686	-129,6
     177,849	  0,00352478	-124,5	  0,00334839	-128,1
     177,957	  0,00374351	-127,2	  0,00338665	-128,0
     178,065	  0,00372821	-122,8	  0,00357753	-128,6
     178,172	  0,00326516	-124,4	  0,00352119	-130,1
      178,28	  0,00359697	-128,0	  0,00344426	-122,5
     178,387	  0,00372377	-122,9	  0,00406246	-119,8
     178,495	  0,00330948	-122,5	  0,00340919	-133,4
     178,602	  0,00358805	-125,7	  0,00370546	-127,6
      178,71	  0,00345233	-129,1	  0,00388527	-128,6
     178,817	  0,00350332	-124,9	   0,0038386	-131,3
     178,925	   0,0033211	-122,4	  0,00352396	-134,4
     179,032	  0,00375026	-122,0	  0,00355264	-120,3
      179,14	  0,00380849	-129,5	  0,00373037	-123,3
     179,247	  0,00350872	-126,9	  0,00350851	-128,0
     179,355	  0,00356883	-123,8	  0,00359638	-129,2
     179,462	  0,00372877	-126,3	  0,00339701	-123,8
      179,57	  0,00349291	-126,0	  0,00358568	-130,5
     179,677	  0,00339533	-126,6	  0,00378994	-123,6
     179,785	   0,0038376	-128,5	  0,00346398	-122,7
     179,892	  0,00340357	-127,0	   0,0034997	-124,4
         180	  0,00346116	-123,5	  0,00371659	-127,2
     180,108	  0,00387017	-130,1	  0,00381443	-123,4
     180,215	  0,00373916	-122,9	  0,00393304	-128,1
     180,323	  0,00341165	-130,7	  0,00397105	-125,7
      180,43	  0,00329871	-126,8	  0,00362978	-118,1
     180,538	  0,00365668	-125,0	  0,00333164	-120,1
     180,645	    0,003831	-122,6	  0,00352579	-123,4
     180,753	  0,00446241	-119,8	  0,00366123	-124,4
      180,86	  0,00353904	-123,5	  0,00348625	-122,2
     180,968	  0,00355764	-120,5	  0,00348235	-131,5
     181,075	  0,00356563	-126,3	   0,0034323	-130,9
     181,183	  0,00318028	-118,7	   0,0033086	-126,1
      181,29	  0,00353744	-113,7	  0,00375476	-126,1
     181,398	  0,00348535	-130,2	  0,00344876	-128,6
     181,505	   0,0032266	-132,8	  0,00343163	-125,2
     181,613	  0,00367021	-127,7	  0,00340732	-128,9
      181,72	  0,00378707	-126,7	  0,00326938	-127,0
     181,828	  0,00338323	-127,1	  0,00321359	-130,2
     181,935	  0,00370024	-122,7	  0,00371251	-129,7
     182,043	  0,00345199	-128,5	  0,00324021	-132,3
     182,151	  0,00333712	-126,3	  0,00318841	-130,2
     182,258	  0,00346128	-128,8	  0,00381998	-119,9
     182,366	  0,00347981	-127,9	  0,00359075	-130,6
     182,473	  0,00362863	-128,8	  0,00336458	-130,2
     182,581	  0,00365867	-124,8	  0,00352899	-127,2
     182,688	  0,00344294	-123,2	  0,00356364	-129,3
     182,796	  0,00371236	-125,1	  0,00330025	-127,5
     182,903	   0,0037193	-129,3	  0,00373235	-120,8
     183,011	  0,00301924	-129,7	  0,00368431	-130,8
     183,118	  0,00376715	-116,3	  0,00360664	-124,2
     183,226	  0,00338222	-122,9	  0,00333702	-131,3
     183,333	  0,00352685	-123,6	  0,00351012	-130,5
     183,441	  0,00339771	-132,9	  0,00354075	-130,7
     183,548	  0,00324959	-121,6	  0,00350791	-127,9
     183,656	   0,0033915	-127,7	  0,00340018	-122,3
     183,763	  0,00339932	-122,4	  0,00372227	-120,5
     183,871	  0,00372281	-124,8	  0,00343115	-124,3
     183,979	  0,00345824	-128,6	  0,00333948	-133,4
     184,086	  0,00345827	-129,4	  0,00337266	-129,3
     184,194	  0,00360624	-124,4	  0,00358129	-122,3
     184,301	  0,00379335	-126,7	  0,00365881	-127,7
     184,409	  0,00331523	-128,5	  0,00348815	-130,1
     184,516	  0,00358989	-121,8	  0,00324892	-128,0
     184,624	  0,00330527	-126,1	  0,00329474	-124,8
     184,731	  0,00369234	-115,9	  0,00363028	-120,9
     184,839	  0,00318904	-127,3	  0,00343535	-128,0
     184,946	  0,00371637	-129,9	  0,00319266	-127,4
     185,054	  0,00398153	-121,2	  0,00353606	-125,4
     185,161	  0,00392738	-125,5	  0,00328896	-129,6
     185,269	  0,00331206	-128,2	  0,00341152	-122,7
     185,376	    0,003542	-127,1	   0,0031329	-128,9
     185,484	  0,00298573	-138,7	  0,00332987	-137,2
     185,591	  0,00344663	-130,5	  0,00335388	-123,8
     185,699	  0,00336516	-132,0	  0,00353174	-127,6
     185,806	  0,00360788	-119,1	  0,00339897	-123,8
     185,914	  0,00341776	-128,8	  0,00348624	-125,6
     186,021	  0,00351596	-126,0	  0,00366007	-124,3
     186,129	   0,0034184	-127,8	  0,00349694	-122,1
     186,237	  0,00360804	-130,1	  0,00345141	-126,3
     186,344	  0,00331846	-132,2	  0,00359667	-127,2
     186,452	  0,00328383	-131,4	  0,00347915	-122,7
     186,559	  0,00354958	-132,2	  0,00327666	-125,3
     186,667	  0,00327172	-129,7	  0,00321793	-126,8
     186,774	  0,00350377	-124,1	  0,00342549	-129,8
     186,882	  0,00328352	-133,9	  0,00340138	-121,7
     186,989	  0,00352525	-124,1	  0,00335909	-129,0
     187,097	    0,003401	-127,1	  0,00327081	-126,0
     187,204	  0,00338525	-133,9	  0,00354653	-130,3
     187,312	  0,00356068	-122,1	  0,00369064	-123,5
     187,419	  0,00334835	-129,9	  0,00333986	-125,5
     187,527	  0,00329863	-133,4	  0,00329423	-129,3
     187,634	  0,00331674	-130,4	  0,00352321	-133,1
     187,742	  0,00350705	-125,9	  0,00346694	-117,0
     187,849	  0,00351207	-123,4	  0,00332756	-128,2
     187,957	  0,00325391	-123,6	  0,00370971	-128,4
     188,065	  0,00333693	-119,0	  0,00367547	-123,9
     188,172	  0,00344408	-130,2	  0,00335583	-128,6
      188,28	  0,00354443	-117,3	  0,00335899	-125,3
     188,387	  0,00348039	-121,0	  0,00356663	-129,7
     188,495	  0,00337772	-126,2	  0,00332956	-121,2
     188,602	  0,00331182	-124,4	  0,00370888	-129,8
      188,71	  0,00362449	-125,2	  0,00335159	-126,7
     188,817	  0,00335113	-126,9	  0,00359128	-125,7
     188,925	  0,00327807	-134,6	  0,00326569	-128,2
     189,032	  0,00335371	-125,4	  0,00348614	-133,2
      189,14	  0,00358057	-127,5	   0,0036218	-123,0
     189,247	  0,00340822	-126,2	  0,00349621	-130,6
     189,355	  0,00347446	-126,5	  0,00352089	-126,4
     189,462	  0,00356516	-123,1	  0,00336176	-122,3
      189,57	  0,00342884	-127,9	  0,00350609	-123,6
     189,677	  0,00333999	-125,5	  0,00340464	-127,7
     189,785	  0,00379133	-119,8	  0,00346609	-124,9
     189,892	  0,00352753	-124,1	  0,00327586	-131,1
         190	  0,00334686	-126,4	  0,00316855	-128,9
     190,108	  0,00335012	-129,0	   0,0035564	-129,6
     190,215	  0,00351959	-133,0	  0,00353714	-117,8
     190,323	  0,00350297	-127,1	  0,00360309	-125,2
      190,43	  0,00333514	-128,9	  0,00347834	-130,2
     190,538	  0,00335386	-129,4	  0,00342277	-130,1
     190,645	  0,00359594	-122,5	  0,00331912	-122,5
     190,753	  0,00341661	-126,8	  0,00348747	-120,3
      190,86	  0,00352798	-120,7	  0,00345251	-127,2
     190,968	  0,00370185	-123,5	  0,00342627	-128,9
     191,075	  0,00349736	-123,7	  0,00350769	-133,6
     191,183	  0,00341724	-129,2	  0,00368837	-119,7
      191,29	  0,00356913	-128,3	  0,00341909	-124,6
     191,398	  0,00352009	-119,4	  0,00357843	-132,6
     191,505	  0,00343367	-127,1	  0,00342812	-123,6
     191,613	  0,00348545	-126,0	  0,00343452	-123,8
      191,72	  0,00331871	-129,3	  0,00336218	-132,9
     191,828	  0,00352502	-127,1	  0,00341006	-128,6
     191,935	  0,00339516	-134,1	  0,00352436	-131,8
     192,043	  0,00339116	-122,9	  0,00362331	-125,0
     192,151	  0,00345661	-130,9	   0,0033908	-129,5
     192,258	  0,00349002	-129,9	  0,00354698	-125,0
     192,366	  0,00334633	-123,6	  0,00359367	-122,5
     192,473	  0,00377043	-120,0	  0,00347635	-121,4
     192,581	  0,00359618	-124,0	   0,0034911	-129,6
     192,688	  0,00360283	-117,8	  0,00350178	-131,2
     192,796	  0,00357194	-122,4	  0,00336728	-125,6
     192,903	  0,00357322	-128,4	  0,00346402	-126,9
     193,011	  0,00347539	-128,9	  0,00330859	-127,6
     193,118	  0,00355548	-130,6	  0,00336385	-124,6
     193,226	  0,00357401	-122,1	    0,003402	-129,7
     193,333	  0,00368616	-132,6	   0,0034715	-132,2
     193,441	  0,00361119	-129,6	  0,00351499	-121,9
     193,548	  0,00333655	-123,8	  0,00339349	-131,6
     193,656	  0,00358534	-129,7	  0,00335329	-133,9
     193,763	  0,00354944	-124,8	  0,00343949	-122,2
     193,871	  0,00341308	-126,2	   0,0036494	-122,2
     193,979	  0,00356981	-127,0	  0,00360728	-123,6
     194,086	   0,0032846	-126,7	  0,00349228	-130,8
     194,194	  0,00342898	-127,9	  0,00337655	-122,6
     194,301	  0,00363967	-128,8	  0,00344572	-121,5
     194,409	  0,00352087	-131,5	   0,0034428	-136,3
     194,516	  0,00364906	-130,2	  0,00340421	-122,9
     194,624	  0,00322981	-123,1	  0,00350452	-126,6
     194,731	  0,00352504	-124,1	  0,00357936	-122,1
     194,839	  0,00359048	-131,4	  0,00345412	-130,2
     194,946	  0,00358046	-132,3	  0,00368524	-121,1
     195,054	  0,00366657	-123,9	  0,00364578	-129,9
     195,161	   0,0036383	-122,0	  0,00359175	-125,2
     195,269	  0,00356605	-131,2	  0,00338048	-127,9
     195,376	  0,00357478	-117,6	  0,00357065	-121,5
     195,484	  0,00341321	-137,5	  0,00351845	-130,2
     195,591	   0,0033918	-124,0	  0,00337909	-135,5
     195,699	  0,00345704	-117,2	  0,00353906	-122,2
     195,806	  0,00336815	-121,2	  0,00336429	-128,2
     195,914	  0,00349948	-126,7	  0,00365738	-125,0
     196,021	  0,00344019	-129,1	  0,00356034	-122,9
     196,129	  0,00347722	-131,7	  0,00360909	-128,6
     196,237	   0,0034594	-127,8	  0,00357782	-126,9
     196,344	  0,00350491	-127,7	  0,00343625	-125,8
     196,452	  0,00367828	-119,8	   0,0035863	-119,8
     196,559	  0,00352417	-132,1	  0,00355514	-124,7
     196,667	  0,00359802	-130,4	  0,00353157	-129,7
     196,774	  0,00369396	-128,2	  0,00368618	-130,0
     196,882	  0,00364631	-123,4	  0,00367636	-125,0
     196,989	  0,00342322	-132,0	   0,0033621	-123,8
     197,097	  0,00336597	-122,4	   0,0035555	-126,0
     197,204	  0,00361495	-123,4	  0,00356122	-126,9
     197,312	  0,00332973	-129,4	  0,00340652	-123,2
     197,419	  0,00351319	-121,3	  0,00360937	-119,0
     197,527	  0,00357283	-130,7	   0,0037356	-127,5
     197,634	  0,00343327	-126,2	  0,00354502	-128,9
     197,742	  0,00340035	-130,0	  0,00350308	-124,3
     197,849	  0,00358497	-130,1	    0,003446	-125,5
     197,957	   0,0033854	-122,5	  0,00367914	-125,3
     198,065	  0,00349132	-125,5	  0,00327017	-123,5
     198,172	  0,00345625	-125,4	  0,00353661	-122,1
      198,28	   0,0034059	-124,0	  0,00371553	-125,1
     198,387	  0,00340891	-124,7	  0,00366181	-130,6
     198,495	  0,00359821	-126,1	  0,00377838	-130,6
     198,602	  0,00343726	-125,8	   0,0036644	-123,0
      198,71	  0,00341567	-122,9	  0,00355265	-127,3
     198,817	  0,00356813	-122,5	  0,00371737	-133,3
     198,925	    0,004104	-126,5	  0,00361926	-123,6
     199,032	  0,00380282	-130,5	  0,00335199	-128,5
      199,14	  0,00365383	-126,0	  0,00362466	-136,8
     199,247	  0,00378043	-124,9	  0,00293975	-123,6
     199,355	  0,00371399	-126,7	  0,00356508	-129,1
     199,462	  0,00343499	-116,8	  0,00349317	-122,8
      199,57	  0,00359743	-125,6	  0,00366722	-131,1
     199,677	  0,00358278	-128,2	  0,00386109	-125,5
     199,785	  0,00377414	-132,1	  0,00367128	-127,0
     199,892	  0,00365362	-129,9	   0,0037228	-132,3
         200	   0,0034332	-116,3	  0,00369267	-129,8
     200,108	  0,00367726	-122,7	  0,00354353	-130,1
     200,215	   0,0033947	-125,0	  0,00360708	-124,5
     200,323	  0,00368899	-130,1	  0,00378442	-126,5
      200,43	  0,00375456	-130,0	  0,00366024	-131,9
     200,538	  0,00359959	-122,5	  0,00341564	-126,0
     200,645	  0,00349127	-131,7	  0,00347863	-125,3
     200,753	   0,0035495	-126,0	  0,00357642	-124,3
      200,86	  0,00351872	-123,5	  0,00367908	-122,7
     200,968	   0,0037061	-129,2	  0,00343563	-119,1
     201,075	   0,0036132	-124,7	  0,00357104	-120,4
     201,183	  0,00358252	-125,4	  0,00392404	-128,4
      201,29	  0,00379272	-129,3	  0,00352521	-133,4
     201,398	  0,00357303	-128,3	  0,00371972	-131,2
     201,505	  0,00351241	-119,7	  0,00380513	-129,0
     201,613	  0,00347099	-125,9	  0,00375957	-124,3
      201,72	  0,00373729	-125,7	  0,00381903	-134,8
     201,828	  0,00358331	-125,4	   0,0038949	-129,9
     201,935	  0,00364016	-123,3	  0,00359654	-123,8
     202,043	  0,00366869	-128,0	   0,0035886	-127,4
     202,151	  0,00362065	-122,3	  0,00368413	-127,1
     202,258	  0,00358743	-128,8	  0,00359471	-126,1
     202,366	  0,00350425	-122,9	  0,00380967	-127,8
     202,473	   0,0035295	-119,7	   0,0036831	-124,8
     202,581	  0,00356115	-126,1	  0,00347504	-120,2
     202,688	  0,00380447	-126,2	   0,0034641	-120,3
     202,796	  0,00332101	-124,5	  0,00382389	-121,2
     202,903	  0,00356492	-127,5	  0,00362012	-123,2
     203,011	  0,00413904	-130,4	   0,0036487	-125,4
     203,118	  0,00396491	-132,1	  0,00369582	-123,3
     203,226	  0,00352761	-126,7	  0,00374597	-126,3
     203,333	  0,00346631	-124,3	  0,00399371	-127,8
     203,441	  0,00360578	-132,7	  0,00357256	-116,0
     203,548	  0,00386314	-117,9	  0,00368938	-124,3
     203,656	  0,00376746	-127,6	  0,00378317	-126,2
     203,763	  0,00374753	-122,6	   0,0038244	-126,0
     203,871	  0,00361577	-119,5	  0,00334422	-125,9
     203,979	  0,00367283	-125,8	  0,00397883	-126,2
     204,086	  0,00370546	-116,2	  0,00411232	-129,7
     204,194	  0,00348638	-120,9	  0,00350138	-126,3
     204,301	  0,00361477	-118,1	  0,00358927	-121,4
     204,409	  0,00366938	-125,6	  0,00375522	-127,9
     204,516	  0,00377754	-130,5	  0,00368378	-125,1
     204,624	  0,00392087	-125,5	  0,00357453	-119,9
     204,731	  0,00382499	-130,4	   0,0036719	-123,8
     204,839	   0,0037924	-132,4	  0,00381437	-129,7
     204,946	  0,00376402	-126,0	  0,00383779	-125,6
     205,054	  0,00384379	-123,5	  0,00404293	-120,9
     205,161	  0,00414744	-123,3	  0,00389931	-127,8
     205,269	  0,00372423	-123,7	  0,00355729	-123,7
     205,376	  0,00371882	-121,8	  0,00343776	-134,3
     205,484	  0,00325307	-124,7	  0,00361601	-125,8
     205,591	  0,00381849	-122,9	  0,00380775	-126,2
     205,699	  0,00393144	-128,1	  0,00373746	-129,4
     205,806	  0,00361854	-122,4	  0,00372912	-133,0
     205,914	  0,00401372	-130,6	  0,00381456	-136,1
     206,021	  0,00390688	-121,9	  0,00370884	-128,8
     206,129	  0,00334706	-123,9	  0,00372681	-124,5
     206,237	  0,00388747	-125,1	  0,00378594	-124,3
     206,344	  0,00357313	-124,0	  0,00359334	-120,2
     206,452	  0,00402241	-128,8	  0,00398138	-129,0
     206,559	  0,00394164	-128,9	  0,00378145	-119,7
     206,667	  0,00373255	-127,1	  0,00396098	-127,7
     206,774	  0,00371642	-129,0	  0,00422918	-128,3
     206,882	  0,00399894	-123,9	  0,00388894	-122,2
     206,989	  0,00384772	-120,7	  0,00410367	-127,6
     207,097	  0,00456291	-128,9	  0,00364344	-129,1
     207,204	  0,00377192	-122,9	  0,00332828	-116,3
     207,312	  0,00372001	-121,7	  0,00349967	-124,3
     207,419	  0,00391523	-126,4	  0,00387415	-120,8
     207,527	  0,00403365	-126,8	  0,00374363	-125,5
     207,634	  0,00366754	-125,1	  0,00393322	-133,8
     207,742	  0,00420398	-125,4	   0,0038745	-123,3
     207,849	   0,0041018	-126,1	  0,00372238	-126,9
     207,957	  0,00395798	-125,5	  0,00395408	-124,0
     208,065	  0,00408338	-122,4	  0,00365959	-123,2
     208,172	  0,00393136	-127,3	  0,00402464	-125,6
      208,28	  0,00390433	-121,4	   0,0040379	-123,0
     208,387	   0,0038387	-125,3	  0,00402151	-132,8
     208,495	   0,0039539	-125,6	  0,00410307	-119,7
     208,602	  0,00385499	-125,4	  0,00396517	-120,6
      208,71	  0,00367645	-128,8	  0,00414553	-132,2
     208,817	  0,00415828	-125,1	  0,00405713	-132,2
     208,925	  0,00421868	-119,2	  0,00414027	-122,4
     209,032	  0,00350326	-125,6	  0,00386281	-123,6
      209,14	   0,0039255	-118,5	  0,00398852	-128,5
     209,247	  0,00391452	-123,0	  0,00396657	-125,7
     209,355	   0,0038868	-120,5	  0,00429507	-122,9
     209,462	  0,00398498	-122,3	  0,00392159	-119,2
      209,57	  0,00394653	-123,5	  0,00406249	-126,1
     209,677	  0,00400686	-122,6	  0,00376812	-125,0
     209,785	  0,00417239	-118,6	  0,00409191	-123,7
     209,892	  0,00404806	-116,5	  0,00408806	-123,5
         210	  0,00389681	-122,1	  0,00420834	-117,4

