X-Data [Hz]	Laser (M - Filtered) [m/s]	Phase [Deg]	Laser (M - Filtered) [m/s]	Phase [Deg]	
	002: [06-17-24 15:40]		003: [06-17-24 15:47]	
          31	  0,00989604	71,5	   0,0116606	73,3
      31,002	   0,0106866	77,4	   0,0116589	73,3
     31,0039	   0,0117068	73,9	   0,0117769	73,3
     31,0059	   0,0110496	73,5	   0,0117487	74,1
     31,0078	    0,011768	74,7	   0,0117256	73,2
     31,0098	   0,0116686	72,0	   0,0117908	72,7
     31,0117	   0,0116249	74,6	   0,0117162	73,9
     31,0137	   0,0119625	72,5	   0,0117738	72,7
     31,0156	   0,0115764	72,9	   0,0118254	73,1
     31,0176	    0,011902	73,7	   0,0117755	73,0
     31,0196	   0,0117941	72,3	   0,0118184	73,3
     31,0215	   0,0117906	74,6	   0,0118606	73,4
     31,0235	    0,011959	73,1	   0,0119206	72,2
     31,0254	   0,0117879	72,7	    0,011826	73,1
     31,0274	   0,0119178	73,5	   0,0118928	73,6
     31,0293	   0,0118933	73,3	   0,0118717	73,6
     31,0313	   0,0118483	73,0	    0,011897	73,0
     31,0332	   0,0120541	73,0	   0,0119234	73,3
     31,0352	   0,0119086	72,7	   0,0119309	72,5
     31,0371	   0,0119349	73,9	   0,0119852	73,7
     31,0391	   0,0120487	74,3	   0,0119656	73,3
     31,0411	   0,0119338	74,3	   0,0120111	72,4
      31,043	   0,0120663	74,2	   0,0119755	73,1
      31,045	   0,0120695	73,2	   0,0120076	72,3
     31,0469	   0,0120161	73,2	   0,0121054	73,6
     31,0489	   0,0120195	73,2	   0,0120417	75,2
     31,0508	   0,0120635	72,6	   0,0120384	74,7
     31,0528	   0,0120351	73,1	   0,0120588	74,6
     31,0547	    0,012096	73,7	   0,0121199	74,3
     31,0567	   0,0121543	72,9	   0,0120448	74,4
     31,0587	   0,0121056	73,5	   0,0121838	74,7
     31,0606	   0,0121311	73,6	    0,012159	74,3
     31,0626	   0,0122459	74,0	   0,0121531	75,3
     31,0645	   0,0121407	72,9	   0,0122501	74,4
     31,0665	   0,0121241	73,6	   0,0122318	76,1
     31,0684	   0,0123127	73,7	   0,0121566	74,9
     31,0704	   0,0122373	73,2	   0,0122322	75,3
     31,0723	   0,0122022	73,5	   0,0123171	74,3
     31,0743	   0,0123296	73,7	   0,0122784	73,8
     31,0762	   0,0122551	73,3	   0,0123079	73,3
     31,0782	   0,0122957	73,5	   0,0123445	73,0
     31,0802	    0,012424	73,4	   0,0122949	73,0
     31,0821	   0,0123159	73,7	   0,0123512	72,7
     31,0841	   0,0123105	73,7	   0,0124176	73,5
      31,086	   0,0124151	73,2	   0,0123604	73,3
      31,088	    0,012412	72,6	   0,0123515	72,5
     31,0899	   0,0123736	73,6	   0,0123916	73,5
     31,0919	   0,0124466	73,2	   0,0124587	73,0
     31,0938	   0,0124247	73,3	   0,0124417	73,8
     31,0958	   0,0124583	73,0	    0,012451	72,6
     31,0978	   0,0124757	73,5	   0,0125395	75,0
     31,0997	   0,0124706	73,0	   0,0124717	75,0
     31,1017	   0,0125371	73,4	   0,0124821	74,1
     31,1036	   0,0125442	73,0	   0,0125996	75,7
     31,1056	   0,0124965	74,5	   0,0125043	75,0
     31,1075	   0,0125817	75,8	   0,0125907	74,8
     31,1095	   0,0126204	74,6	   0,0125835	75,0
     31,1114	   0,0125582	75,8	   0,0125811	74,8
     31,1134	   0,0126021	75,0	   0,0126765	74,0
     31,1153	    0,012638	75,3	   0,0125847	75,2
     31,1173	   0,0125991	75,1	   0,0126969	74,0
     31,1193	    0,012743	74,7	   0,0127398	75,2
     31,1212	   0,0126444	74,4	   0,0126296	74,2
     31,1232	   0,0126629	74,2	   0,0127469	73,1
     31,1251	   0,0127816	74,6	   0,0127668	73,8
     31,1271	   0,0127267	73,9	    0,012668	73,3
      31,129	   0,0127831	73,9	   0,0128085	74,0
      31,131	   0,0127578	74,3	   0,0127912	74,3
     31,1329	   0,0127736	73,3	   0,0127429	73,6
     31,1349	   0,0128122	74,4	   0,0129147	73,6
     31,1369	   0,0127927	73,5	   0,0128205	73,8
     31,1388	   0,0128225	74,0	   0,0128309	74,1
     31,1408	   0,0129219	73,4	   0,0129579	75,7
     31,1427	   0,0129275	73,3	   0,0128627	74,2
     31,1447	   0,0129473	73,2	   0,0129448	74,2
     31,1466	   0,0129047	73,8	   0,0130087	73,8
     31,1486	   0,0129504	72,8	   0,0128806	73,6
     31,1505	   0,0130204	74,5	   0,0130496	71,8
     31,1525	   0,0130268	74,9	   0,0130702	73,9
     31,1544	   0,0129876	75,0	   0,0130015	74,0
     31,1564	   0,0130632	75,9	   0,0130486	73,6
     31,1584	   0,0130463	74,8	   0,0130405	75,4
     31,1603	   0,0130721	74,7	   0,0130886	74,4
     31,1623	   0,0130083	74,9	   0,0131506	74,6
     31,1642	   0,0132076	73,9	   0,0131351	74,9
     31,1662	   0,0131229	74,0	   0,0131959	74,7
     31,1681	   0,0130737	73,8	   0,0131558	73,8
     31,1701	   0,0132554	73,9	   0,0131262	74,1
      31,172	   0,0131627	72,9	   0,0132765	73,4
      31,174	   0,0131537	74,2	   0,0132739	73,5
      31,176	    0,013323	75,0	   0,0131571	73,2
     31,1779	   0,0133103	74,2	   0,0133486	73,1
     31,1799	   0,0132372	75,3	   0,0133723	73,5
     31,1818	   0,0133226	75,1	   0,0131985	73,8
     31,1838	   0,0132903	74,0	   0,0133802	72,2
     31,1857	   0,0133826	74,9	   0,0133998	73,7
     31,1877	   0,0134218	74,4	    0,013373	75,6
     31,1896	   0,0133362	75,2	   0,0133803	73,9
     31,1916	   0,0134306	75,7	   0,0134915	74,7
     31,1935	   0,0135366	74,8	   0,0134055	74,0
     31,1955	   0,0133825	73,1	   0,0134152	72,9
     31,1975	   0,0134355	73,6	    0,013533	72,9
     31,1994	   0,0135413	74,0	   0,0134589	73,5
     31,2014	   0,0134729	73,4	   0,0135247	73,4
     31,2033	   0,0135481	73,5	   0,0135601	73,0
     31,2053	   0,0136887	72,4	   0,0136371	72,9
     31,2072	    0,013562	73,4	   0,0135772	73,5
     31,2092	   0,0136272	74,0	   0,0136686	75,2
     31,2111	   0,0136837	72,9	   0,0137024	75,1
     31,2131	   0,0136232	73,6	   0,0136396	75,5
     31,2151	   0,0136849	75,5	   0,0137022	74,2
      31,217	   0,0137293	75,1	   0,0137465	75,4
      31,219	   0,0136758	75,1	   0,0137453	74,6
     31,2209	   0,0137252	74,3	   0,0137902	74,9
     31,2229	   0,0138259	74,6	   0,0137945	74,9
     31,2248	   0,0138644	74,0	   0,0138435	75,4
     31,2268	   0,0137567	74,4	    0,013855	73,6
     31,2287	   0,0138703	74,1	   0,0138395	74,3
     31,2307	    0,013898	73,4	   0,0138655	74,8
     31,2326	   0,0138417	72,8	   0,0139673	75,9
     31,2346	    0,013957	74,4	   0,0138829	75,0
     31,2366	   0,0139777	72,7	   0,0139559	74,3
     31,2385	   0,0139084	74,8	   0,0140419	73,5
     31,2405	   0,0139571	75,5	   0,0139693	74,1
     31,2424	   0,0139752	74,6	   0,0140519	72,5
     31,2444	   0,0140121	75,3	   0,0140741	73,7
     31,2463	   0,0140612	74,7	   0,0140998	73,0
     31,2483	   0,0141337	74,9	   0,0141011	73,9
     31,2502	   0,0140708	74,8	   0,0141172	75,8
     31,2522	   0,0141412	75,4	   0,0141745	74,3
     31,2542	   0,0141316	74,1	    0,014202	74,9
     31,2561	   0,0140899	73,2	   0,0141932	74,0
     31,2581	   0,0142133	74,5	   0,0142078	73,7
       31,26	   0,0142592	73,5	   0,0142483	73,1
      31,262	    0,014258	75,2	   0,0143283	73,0
     31,2639	   0,0143566	74,5	   0,0143505	74,1
     31,2659	   0,0143386	75,5	   0,0142741	74,0
     31,2678	   0,0142395	75,1	   0,0143506	74,3
     31,2698	   0,0143956	76,0	   0,0143968	75,0
     31,2717	   0,0144805	74,9	   0,0144275	74,0
     31,2737	   0,0143367	75,2	   0,0144724	73,6
     31,2757	   0,0143457	74,2	   0,0144535	73,3
     31,2776	   0,0145476	74,3	   0,0144352	73,7
     31,2796	   0,0145364	73,2	   0,0146101	73,2
     31,2815	   0,0144119	72,8	   0,0145579	74,8
     31,2835	   0,0145713	74,5	    0,014547	74,2
     31,2854	   0,0146371	72,5	   0,0146794	74,8
     31,2874	   0,0145502	74,0	   0,0146485	74,8
     31,2893	    0,014647	74,5	   0,0145971	75,7
     31,2913	   0,0147815	74,9	   0,0146622	74,8
     31,2933	   0,0146685	75,1	   0,0148005	73,0
     31,2952	   0,0147117	74,5	   0,0148109	73,8
     31,2972	   0,0148217	73,3	   0,0146743	74,3
     31,2991	   0,0147852	73,6	   0,0147514	74,8
     31,3011	   0,0147587	75,2	    0,014907	75,3
      31,303	    0,014854	74,9	   0,0149375	75,1
      31,305	   0,0149103	74,3	   0,0148364	75,2
     31,3069	   0,0148567	75,2	   0,0149017	73,9
     31,3089	   0,0149477	76,1	   0,0150297	74,1
     31,3109	   0,0149631	75,3	   0,0150028	73,6
     31,3128	   0,0149966	75,9	   0,0149665	72,9
     31,3148	   0,0149907	74,4	   0,0150567	74,9
     31,3167	   0,0150113	74,8	     0,01515	75,2
     31,3187	   0,0150403	74,7	   0,0151328	74,4
     31,3206	   0,0150994	75,1	   0,0151505	74,3
     31,3226	   0,0151547	75,3	   0,0151592	72,9
     31,3245	   0,0151868	75,5	   0,0151826	74,1
     31,3265	   0,0152416	75,2	   0,0152969	74,5
     31,3284	   0,0152247	75,0	   0,0152508	75,6
     31,3304	   0,0152806	76,7	   0,0153134	75,7
     31,3324	    0,015357	75,3	   0,0153806	74,8
     31,3343	   0,0152984	75,1	   0,0153554	75,3
     31,3363	   0,0152734	74,0	   0,0153711	74,1
     31,3382	   0,0154324	74,2	   0,0154233	74,1
     31,3402	   0,0154213	74,1	   0,0154707	75,0
     31,3421	   0,0154062	75,2	   0,0155126	75,3
     31,3441	   0,0154966	75,4	   0,0154544	76,2
      31,346	    0,015562	76,0	   0,0155584	74,9
      31,348	   0,0155731	75,3	   0,0155733	73,7
       31,35	   0,0155632	76,3	   0,0155981	74,5
     31,3519	   0,0155816	75,5	   0,0156935	73,2
     31,3539	   0,0156026	73,3	   0,0157223	74,0
     31,3558	   0,0156252	74,0	   0,0156552	73,6
     31,3578	   0,0157206	74,8	   0,0157602	74,7
     31,3597	   0,0158506	75,4	    0,015858	74,8
     31,3617	   0,0158031	76,5	   0,0158425	74,6
     31,3636	   0,0158296	75,0	   0,0158489	73,4
     31,3656	   0,0158577	74,0	   0,0158629	73,8
     31,3675	   0,0159276	73,9	   0,0159462	74,0
     31,3695	   0,0159503	73,6	   0,0159617	75,1
     31,3715	   0,0159065	73,8	   0,0160274	74,7
     31,3734	   0,0159789	73,7	   0,0160578	75,8
     31,3754	   0,0160717	75,3	   0,0161178	75,2
     31,3773	   0,0160763	74,6	   0,0161388	74,1
     31,3793	   0,0160936	73,7	    0,016176	74,2
     31,3812	   0,0161532	74,2	   0,0162201	75,0
     31,3832	   0,0162391	74,0	   0,0162869	75,2
     31,3851	   0,0162742	73,8	   0,0162542	76,2
     31,3871	   0,0162296	75,1	   0,0163559	75,3
     31,3891	   0,0162342	74,8	   0,0163328	74,9
      31,391	   0,0163362	76,0	   0,0163532	73,9
      31,393	   0,0163978	75,8	   0,0163854	74,1
     31,3949	   0,0164169	74,8	   0,0164911	74,4
     31,3969	    0,016386	75,7	   0,0165856	76,6
     31,3988	   0,0164348	76,3	   0,0164897	74,9
     31,4008	   0,0165798	75,8	   0,0165783	74,2
     31,4027	   0,0165904	75,8	   0,0166259	74,2
     31,4047	   0,0165496	75,2	   0,0166672	74,5
     31,4066	   0,0166306	74,7	   0,0167026	75,6
     31,4086	   0,0166426	73,6	   0,0168088	75,0
     31,4106	   0,0166747	73,7	   0,0167924	75,9
     31,4125	   0,0167993	75,4	   0,0168111	75,2
     31,4145	   0,0168466	76,8	   0,0168547	73,7
     31,4164	   0,0168524	75,0	   0,0169458	74,0
     31,4184	   0,0169009	74,5	   0,0169835	73,4
     31,4203	   0,0169818	74,6	   0,0170221	75,4
     31,4223	   0,0170292	73,6	   0,0170018	75,6
     31,4242	   0,0170056	74,3	    0,017057	73,3
     31,4262	   0,0170124	76,8	   0,0171324	73,9
     31,4282	    0,017122	74,8	   0,0172241	75,1
     31,4301	   0,0172095	74,6	   0,0172237	75,3
     31,4321	   0,0171673	73,8	    0,017231	76,6
      31,434	   0,0171774	74,0	   0,0172822	75,8
      31,436	   0,0172408	75,0	   0,0173227	74,0
     31,4379	    0,017364	74,8	   0,0174282	74,2
     31,4399	   0,0174456	75,6	    0,017457	74,7
     31,4418	   0,0174011	75,0	   0,0174636	75,7
     31,4438	   0,0173628	74,6	   0,0175463	76,1
     31,4457	   0,0174108	75,0	   0,0175475	74,3
     31,4477	   0,0175803	74,1	   0,0176518	74,3
     31,4497	   0,0176351	73,9	   0,0175967	76,0
     31,4516	   0,0175601	74,7	   0,0176733	76,0
     31,4536	   0,0176571	75,2	    0,017757	74,6
     31,4555	    0,017807	76,1	   0,0178619	74,7
     31,4575	    0,017866	76,2	   0,0178561	74,3
     31,4594	   0,0178056	75,2	   0,0178613	74,6
     31,4614	   0,0178918	75,2	   0,0179368	76,1
     31,4633	   0,0179487	76,4	   0,0180172	75,9
     31,4653	   0,0179785	76,0	   0,0180145	75,8
     31,4673	    0,017949	76,5	   0,0180584	75,1
     31,4692	   0,0180331	75,8	   0,0182178	76,2
     31,4712	   0,0181505	74,1	    0,018192	76,2
     31,4731	   0,0182178	74,6	    0,018219	76,7
     31,4751	    0,018143	75,1	    0,018276	74,2
      31,477	   0,0182654	76,0	   0,0184231	73,3
      31,479	   0,0183852	76,9	   0,0184443	76,0
     31,4809	   0,0184038	74,5	   0,0184201	75,7
     31,4829	   0,0184047	74,3	   0,0185324	76,7
     31,4848	   0,0184942	76,2	   0,0185757	76,1
     31,4868	   0,0185493	76,8	    0,018635	74,7
     31,4888	   0,0185914	74,3	   0,0186208	74,5
     31,4907	   0,0185933	74,0	   0,0187299	76,0
     31,4927	   0,0186227	75,3	   0,0187959	75,5
     31,4946	   0,0187635	75,6	   0,0188964	76,9
     31,4966	   0,0188507	76,9	    0,018958	75,6
     31,4985	   0,0188616	76,5	   0,0189587	75,3
     31,5005	   0,0189071	75,5	    0,019023	75,0
     31,5024	   0,0189969	74,9	   0,0190932	74,9
     31,5044	   0,0190061	74,0	   0,0191315	75,3
     31,5064	   0,0190667	76,9	   0,0191118	75,4
     31,5083	   0,0191595	74,8	   0,0191909	74,2
     31,5103	   0,0192079	75,6	   0,0192452	74,4
     31,5122	   0,0192305	74,6	   0,0193762	75,8
     31,5142	   0,0192572	74,9	   0,0194784	76,2
     31,5161	   0,0193538	76,3	   0,0195348	76,0
     31,5181	   0,0195224	76,8	   0,0195219	75,5
       31,52	   0,0196026	76,0	   0,0195034	74,3
      31,522	   0,0195987	75,0	   0,0197005	75,5
     31,5239	   0,0196028	73,9	   0,0198578	76,3
     31,5259	   0,0196466	75,2	   0,0198958	75,9
     31,5279	   0,0197139	75,8	   0,0199177	76,0
     31,5298	   0,0198794	75,4	   0,0199371	76,5
     31,5318	   0,0198905	74,1	   0,0199223	76,9
     31,5337	    0,019886	75,5	   0,0200388	75,3
     31,5357	   0,0199224	77,2	   0,0201217	75,1
     31,5376	    0,020037	76,0	   0,0202454	76,3
     31,5396	   0,0201342	74,5	   0,0203454	76,5
     31,5415	   0,0202441	75,1	   0,0204127	75,5
     31,5435	   0,0202686	75,0	    0,020407	75,1
     31,5455	   0,0202544	77,2	   0,0204068	75,2
     31,5474	   0,0203198	77,2	   0,0205074	76,5
     31,5494	   0,0204359	75,6	   0,0206606	76,7
     31,5513	   0,0206298	75,3	   0,0207243	75,1
     31,5533	   0,0206589	76,9	   0,0207799	76,3
     31,5552	   0,0206383	76,9	   0,0208736	76,5
     31,5572	   0,0206636	76,0	   0,0209451	75,1
     31,5591	   0,0207769	75,8	   0,0210135	74,8
     31,5611	   0,0208872	75,8	   0,0210568	75,2
      31,563	   0,0209689	76,5	   0,0211255	76,6
      31,565	   0,0210673	76,8	   0,0211878	76,7
      31,567	   0,0211212	76,1	   0,0212878	75,4
     31,5689	     0,02117	74,7	   0,0213763	74,9
     31,5709	   0,0212415	76,2	   0,0214456	76,2
     31,5728	   0,0213327	77,8	   0,0215473	76,6
     31,5748	   0,0214897	76,6	   0,0216377	78,0
     31,5767	   0,0215948	74,9	   0,0217036	76,7
     31,5787	   0,0216992	76,8	   0,0217712	77,0
     31,5806	   0,0216378	75,0	   0,0219183	76,8
     31,5826	   0,0216874	75,8	   0,0220519	76,2
     31,5846	   0,0217468	75,9	    0,022093	76,1
     31,5865	   0,0219515	77,3	   0,0220413	75,2
     31,5885	   0,0221332	77,4	     0,02207	76,9
     31,5904	   0,0221317	76,5	   0,0222679	77,2
     31,5924	   0,0221767	76,1	   0,0224939	76,4
     31,5943	   0,0222123	74,9	   0,0225903	75,5
     31,5963	   0,0222879	75,3	   0,0226066	76,4
     31,5982	   0,0224301	78,3	    0,022637	77,5
     31,6002	   0,0225287	75,6	   0,0226793	75,3
     31,6021	   0,0226152	76,3	   0,0228187	76,5
     31,6041	   0,0226588	76,9	   0,0229459	78,1
     31,6061	    0,022745	77,5	   0,0231263	76,5
      31,608	   0,0228525	76,9	   0,0231836	75,6
       31,61	   0,0229605	75,7	   0,0231954	76,8
     31,6119	   0,0230931	76,1	    0,023241	78,1
     31,6139	   0,0231688	76,6	   0,0233688	77,2
     31,6158	   0,0232306	77,2	   0,0235388	76,7
     31,6178	   0,0232569	76,4	   0,0236555	76,6
     31,6197	   0,0233445	76,6	   0,0236867	76,3
     31,6217	    0,023504	77,7	   0,0237592	76,5
     31,6237	   0,0236345	78,0	   0,0238921	76,1
     31,6256	    0,023748	76,8	   0,0240138	76,6
     31,6276	   0,0238355	76,5	   0,0241669	76,1
     31,6295	   0,0239589	77,5	   0,0243211	78,1
     31,6315	     0,02406	77,7	   0,0243625	77,6
     31,6334	   0,0241537	78,0	   0,0244306	77,2
     31,6354	    0,024237	76,5	   0,0245497	76,6
     31,6373	    0,024374	76,3	   0,0247206	79,2
     31,6393	    0,024477	77,8	   0,0248742	77,5
     31,6413	   0,0245179	79,0	   0,0249588	76,1
     31,6432	   0,0246234	77,1	   0,0249936	77,4
     31,6452	   0,0247929	77,5	   0,0251347	78,4
     31,6471	   0,0249858	78,6	   0,0253147	77,7
     31,6491	   0,0250597	79,1	    0,025495	76,3
      31,651	   0,0251291	77,0	   0,0256079	78,1
      31,653	   0,0252484	77,0	   0,0257102	78,8
     31,6549	   0,0253535	78,5	   0,0258484	77,0
     31,6569	   0,0254736	79,1	   0,0259221	76,9
     31,6588	    0,025691	77,7	   0,0260472	78,5
     31,6608	    0,025806	77,6	   0,0261676	77,0
     31,6628	    0,025927	79,5	   0,0263379	78,1
     31,6647	   0,0260106	78,2	   0,0264755	77,9
     31,6667	   0,0260666	76,9	   0,0266373	79,4
     31,6686	   0,0262415	77,6	   0,0267276	77,6
     31,6706	   0,0264224	79,7	   0,0268919	77,7
     31,6725	   0,0265565	78,9	   0,0270861	78,9
     31,6745	   0,0267263	78,0	   0,0272188	78,7
     31,6764	   0,0268686	77,6	   0,0274052	77,5
     31,6784	   0,0269836	79,9	   0,0275462	77,2
     31,6804	   0,0270863	79,5	   0,0277009	79,0
     31,6823	   0,0272199	78,5	   0,0278809	77,7
     31,6843	   0,0273863	78,6	   0,0280214	79,3
     31,6862	   0,0275469	79,7	   0,0282033	79,6
     31,6882	   0,0276743	78,7	   0,0283507	78,0
     31,6901	   0,0278259	77,5	      0,0285	78,0
     31,6921	   0,0280184	79,7	   0,0286464	80,3
      31,694	   0,0281466	79,9	   0,0288706	80,0
      31,696	   0,0282795	78,5	   0,0290577	78,3
     31,6979	    0,028526	79,3	    0,029195	79,2
     31,6999	   0,0287184	80,8	   0,0294523	80,5
     31,7019	   0,0288789	80,2	   0,0296333	79,6
     31,7038	   0,0291029	78,8	   0,0298492	78,5
     31,7058	   0,0292033	78,0	   0,0301118	79,9
     31,7077	   0,0293392	81,2	   0,0302652	79,1
     31,7097	   0,0294959	79,5	   0,0304898	79,7
     31,7116	   0,0297397	80,2	   0,0306665	80,3
     31,7136	   0,0299158	81,5	   0,0308945	80,9
     31,7155	    0,030117	79,5	    0,031083	79,9
     31,7175	   0,0302856	79,8	   0,0312965	79,3
     31,7195	    0,030523	80,3	   0,0315699	80,5
     31,7214	   0,0307085	80,5	   0,0318028	81,1
     31,7234	   0,0308333	81,2	   0,0320316	80,3
     31,7253	   0,0310388	81,4	    0,032202	81,7
     31,7273	   0,0312145	82,8	   0,0325974	81,9
     31,7292	   0,0314094	83,7	   0,0327705	80,6
     31,7312	   0,0316206	81,7	   0,0330078	81,1
     31,7331	   0,0317512	81,1	   0,0332643	81,4
     31,7351	   0,0315663	81,5	   0,0336845	82,2
      31,737	   0,0320963	83,3	   0,0339838	84,2
      31,739	   0,0324152	83,7	   0,0342391	85,0
      31,741	   0,0323718	82,5	   0,0342978	83,5
     31,7429	   0,0324611	85,8	   0,0345723	84,7
     31,7449	   0,0326565	88,8	   0,0348482	85,1
     31,7468	   0,0328532	85,3	   0,0349816	86,0
     31,7488	   0,0329537	85,7	   0,0356555	84,2
     31,7507	   0,0333881	86,9	   0,0357219	85,1
     31,7527	   0,0335004	84,0	   0,0362552	83,8
     31,7546	   0,0331883	84,3	   0,0368854	82,3
     31,7566	   0,0335826	86,3	   0,0381136	84,4
     31,7586	   0,0339749	88,1	    0,039027	84,8
     31,7605	   0,0338061	86,0	   0,0396505	84,6
     31,7625	   0,0341881	87,4	   0,0412192	86,7
     31,7644	   0,0341083	88,2	   0,0422954	87,5
     31,7664	   0,0348802	88,2	   0,0439343	87,4
     31,7683	   0,0345236	86,5	   0,0450287	87,8
     31,7703	   0,0353834	88,5	   0,0460647	90,6
     31,7722	   0,0356684	85,3	   0,0481575	89,8
     31,7742	   0,0357516	85,2	   0,0490435	92,5
     31,7761	   0,0364218	85,2	   0,0511643	95,8
     31,7781	   0,0361944	87,7	   0,0524702	96,9
     31,7801	   0,0365188	88,5	   0,0542218	97,2
      31,782	   0,0371743	87,1	   0,0550681	100,2
      31,784	   0,0372677	88,4	   0,0567155	102,6
     31,7859	   0,0372223	90,8	   0,0583838	102,9
     31,7879	   0,0376387	89,0	   0,0595385	104,8
     31,7898	   0,0381931	89,3	    0,060451	105,8
     31,7918	   0,0388984	87,4	   0,0613599	107,4
     31,7937	   0,0393988	87,2	   0,0626634	111,9
     31,7957	   0,0395271	89,4	   0,0642173	112,4
     31,7977	   0,0400926	91,4	   0,0646878	114,8
     31,7996	   0,0408809	90,7	   0,0654919	117,9
     31,8016	   0,0403242	91,2	   0,0668647	117,8
     31,8035	   0,0414812	93,3	   0,0675555	118,8
     31,8055	   0,0421469	94,1	   0,0684069	123,3
     31,8074	   0,0426869	91,6	   0,0697054	123,7
     31,8094	   0,0437819	96,1	   0,0705051	123,2
     31,8113	     0,04485	95,6	   0,0706839	126,1
     31,8133	   0,0451519	93,6	   0,0707267	128,7
     31,8152	   0,0459803	95,5	   0,0710377	128,7
     31,8172	   0,0466655	98,4	   0,0718202	130,7
     31,8192	   0,0470881	97,7	   0,0727374	130,7
     31,8211	   0,0482357	97,2	   0,0724865	133,1
     31,8231	   0,0490669	100,1	   0,0729191	134,9
      31,825	   0,0497022	101,0	   0,0735614	134,1
      31,827	   0,0508365	101,1	   0,0741016	137,6
     31,8289	   0,0514522	104,5	   0,0742875	139,3
     31,8309	   0,0522318	104,9	   0,0748162	138,3
     31,8328	    0,052395	107,2	   0,0752688	140,3
     31,8348	   0,0544325	107,7	    0,073325	143,0
     31,8368	   0,0554464	107,1	   0,0755871	141,3
     31,8387	   0,0566562	111,2	   0,0754368	145,7
     31,8407	   0,0570454	112,8	   0,0752753	146,9
     31,8426	   0,0583175	112,7	   0,0751793	146,3
     31,8446	    0,058961	114,9	   0,0756164	148,4
     31,8465	   0,0602423	118,2	   0,0756056	150,4
     31,8485	   0,0610824	120,3	   0,0755257	149,7
     31,8504	   0,0619698	121,5	   0,0756476	152,6
     31,8524	   0,0630651	124,4	   0,0761207	153,0
     31,8543	   0,0634416	125,3	   0,0753671	152,2
     31,8563	   0,0642586	128,1	     0,07524	154,8
     31,8583	   0,0661804	131,0	   0,0755512	154,4
     31,8602	   0,0663541	132,2	   0,0757387	156,8
     31,8622	   0,0675877	136,4	   0,0755338	158,9
     31,8641	   0,0692101	138,4	   0,0755808	158,0
     31,8661	   0,0702377	139,8	   0,0752969	159,1
      31,868	   0,0704119	142,9	   0,0748736	162,2
       31,87	   0,0714951	145,8	   0,0750516	162,6
     31,8719	   0,0719748	147,4	   0,0747982	161,3
     31,8739	   0,0726422	150,1	   0,0745846	163,5
     31,8759	   0,0729734	153,0	   0,0747686	164,1
     31,8778	   0,0735478	153,0	   0,0742736	165,0
     31,8798	   0,0735962	157,3	   0,0744575	167,5
     31,8817	   0,0741929	156,9	   0,0741012	166,1
     31,8837	   0,0738866	160,3	   0,0738051	166,6
     31,8856	   0,0736598	163,6	   0,0741993	168,4
     31,8876	   0,0739068	163,8	   0,0738544	171,1
     31,8895	   0,0738264	163,5	   0,0737817	168,7
     31,8915	   0,0734494	167,4	   0,0736528	171,9
     31,8934	   0,0735849	168,9	    0,073262	170,6
     31,8954	   0,0736285	168,3	   0,0729302	171,5
     31,8974	   0,0730235	170,3	   0,0729598	173,5
     31,8993	   0,0729146	170,0	   0,0726111	173,6
     31,9013	   0,0726171	172,5	   0,0722747	175,1
     31,9032	   0,0724213	171,7	   0,0721981	175,5
     31,9052	   0,0717898	173,2	   0,0719551	174,9
     31,9071	   0,0717093	176,7	   0,0715442	176,1
     31,9091	   0,0714633	176,5	   0,0712118	178,2
      31,911	   0,0711414	175,0	   0,0711649	177,4
      31,913	    0,070728	177,2	   0,0711208	179,4
      31,915	   0,0708795	178,2	   0,0708975	178,9
     31,9169	   0,0703516	178,3	   0,0702044	178,7
     31,9189	   0,0696585	180,3	   0,0700464	181,1
     31,9208	   0,0700085	179,6	   0,0696664	181,4
     31,9228	   0,0694176	180,6	   0,0692814	180,9
     31,9247	   0,0688818	182,2	   0,0693397	182,0
     31,9267	   0,0686952	181,7	    0,068683	182,7
     31,9286	   0,0680702	182,9	   0,0686204	182,5
     31,9306	   0,0678597	184,0	   0,0684073	185,4
     31,9326	   0,0673914	184,4	   0,0679391	184,3
     31,9345	   0,0670839	184,2	   0,0679839	186,1
     31,9365	   0,0667911	185,8	   0,0672243	185,7
     31,9384	   0,0661511	185,6	   0,0673651	185,0
     31,9404	   0,0659105	188,0	   0,0668279	187,5
     31,9423	   0,0657745	188,1	   0,0669142	186,3
     31,9443	   0,0655001	188,9	   0,0664728	187,9
     31,9462	   0,0651947	188,3	   0,0663589	190,1
     31,9482	   0,0646493	189,4	   0,0659853	188,0
     31,9501	   0,0646905	190,5	    0,065672	189,7
     31,9521	    0,064142	189,1	   0,0655402	190,1
     31,9541	   0,0636654	190,7	   0,0643544	190,3
      31,956	   0,0635725	192,4	   0,0649722	190,5
      31,958	    0,063576	191,5	   0,0644285	191,7
     31,9599	   0,0630137	194,6	   0,0644637	192,6
     31,9619	   0,0629272	193,1	   0,0640693	192,1
     31,9638	   0,0625125	193,7	   0,0636156	194,6
     31,9658	   0,0624382	194,1	   0,0628332	193,3
     31,9677	    0,061925	194,1	   0,0631368	195,2
     31,9697	   0,0615581	195,8	   0,0626441	195,6
     31,9717	   0,0614583	194,0	   0,0620426	194,2
     31,9736	    0,061323	197,3	   0,0621499	196,0
     31,9756	   0,0611901	195,3	   0,0615858	197,1
     31,9775	   0,0602987	197,0	   0,0618301	196,5
     31,9795	   0,0602684	198,6	    0,061336	198,6
     31,9814	   0,0593835	196,6	   0,0611498	197,5
     31,9834	   0,0592356	199,1	   0,0604342	200,0
     31,9853	   0,0589219	199,0	   0,0606142	197,7
     31,9873	   0,0581782	198,5	   0,0603177	199,2
     31,9892	   0,0582504	-159,0	   0,0604818	199,4
     31,9912	   0,0582244	-158,8	   0,0591264	196,9
     31,9932	    0,057697	-158,7	   0,0592503	-157,7
     31,9951	   0,0574623	-158,7	   0,0592387	-159,5
     31,9971	   0,0571805	-157,9	   0,0587692	-157,7
      31,999	   0,0569713	-157,2	   0,0581912	-158,0
      32,001	   0,0565926	-157,3	   0,0580715	-158,2
     32,0029	    0,056217	-157,0	   0,0575576	-157,3
     32,0049	   0,0558695	-156,4	   0,0576068	-157,2
     32,0068	   0,0553538	-155,6	   0,0570334	-156,2
     32,0088	   0,0553458	-155,6	   0,0570915	-156,1
     32,0108	   0,0551362	-155,2	   0,0566717	-155,5
     32,0127	   0,0548431	-154,4	   0,0565221	-154,8
     32,0147	   0,0543223	-154,2	   0,0559383	-154,5
     32,0166	   0,0543863	-153,7	   0,0559779	-154,4
     32,0186	   0,0538463	-153,4	   0,0554213	-154,2
     32,0205	   0,0540376	-153,5	    0,055322	-153,3
     32,0225	   0,0534163	-152,9	   0,0548929	-153,1
     32,0244	   0,0531961	-152,3	   0,0548839	-152,8
     32,0264	   0,0527242	-151,7	   0,0544625	-152,0
     32,0283	   0,0524366	-151,3	   0,0542736	-151,9
     32,0303	   0,0520842	-151,0	   0,0540551	-151,6
     32,0323	    0,052068	-150,5	   0,0534498	-151,3
     32,0342	   0,0515683	-149,8	   0,0535846	-150,2
     32,0362	   0,0514326	-149,7	    0,053101	-150,2
     32,0381	    0,051051	-149,3	   0,0529835	-149,7
     32,0401	    0,050866	-148,5	   0,0524252	-149,2
      32,042	    0,050406	-148,4	   0,0523936	-148,5
      32,044	   0,0503132	-147,5	   0,0521878	-148,5
     32,0459	   0,0499689	-148,3	   0,0517209	-148,2
     32,0479	   0,0496874	-147,4	   0,0514478	-147,9
     32,0499	   0,0495393	-147,5	   0,0513376	-148,0
     32,0518	   0,0493453	-146,4	   0,0511373	-147,0
     32,0538	   0,0490763	-146,5	    0,050679	-146,2
     32,0557	   0,0485918	-146,1	   0,0504712	-146,0
     32,0577	   0,0485079	-145,8	    0,050338	-145,2
     32,0596	   0,0481334	-145,7	   0,0501916	-145,2
     32,0616	    0,047884	-145,1	   0,0497758	-144,9
     32,0635	   0,0476521	-144,5	   0,0495019	-144,6
     32,0655	   0,0473519	-144,5	   0,0495974	-144,1
     32,0674	   0,0471089	-144,2	   0,0490391	-144,0
     32,0694	   0,0470447	-143,4	   0,0487922	-144,0
     32,0714	   0,0465502	-143,2	    0,048479	-143,6
     32,0733	   0,0463451	-143,0	   0,0481625	-143,2
     32,0753	   0,0461257	-142,9	   0,0482166	-142,7
     32,0772	   0,0456761	-142,9	   0,0478341	-142,9
     32,0792	   0,0455771	-142,1	   0,0476864	-141,8
     32,0811	   0,0451193	-142,0	   0,0472485	-142,1
     32,0831	   0,0451359	-141,1	   0,0466554	-141,8
      32,085	    0,044698	-141,4	   0,0467352	-141,5
      32,087	   0,0444594	-140,9	     0,04648	-140,7
      32,089	   0,0442105	-140,6	   0,0458376	-140,5
     32,0909	   0,0438245	-140,2	   0,0460991	-140,3
     32,0929	   0,0437874	-140,0	   0,0454779	-140,1
     32,0948	   0,0435949	-139,4	   0,0455422	-140,1
     32,0968	    0,043207	-138,9	   0,0453457	-139,6
     32,0987	   0,0429703	-138,9	   0,0444482	-139,7
     32,1007	   0,0426331	-138,7	   0,0443384	-138,9
     32,1026	   0,0424717	-138,2	   0,0439573	-139,5
     32,1046	   0,0421493	-138,4	   0,0437294	-138,4
     32,1065	   0,0419963	-138,0	   0,0437345	-137,9
     32,1085	   0,0415853	-137,8	   0,0433913	-137,7
     32,1105	   0,0413699	-137,1	   0,0432379	-137,8
     32,1124	   0,0412513	-137,0	   0,0430205	-137,2
     32,1144	   0,0410362	-136,6	   0,0428409	-137,1
     32,1163	   0,0406314	-136,7	   0,0427689	-136,2
     32,1183	   0,0405467	-136,1	   0,0422401	-136,2
     32,1202	   0,0401207	-136,0	    0,042017	-135,8
     32,1222	   0,0400038	-135,5	   0,0417414	-135,6
     32,1241	   0,0398021	-135,1	   0,0415533	-135,3
     32,1261	   0,0396105	-135,6	   0,0411979	-135,4
     32,1281	   0,0393931	-134,7	   0,0408518	-134,8
       32,13	   0,0389915	-135,1	   0,0408232	-134,3
      32,132	   0,0388071	-134,6	    0,040226	-134,7
     32,1339	    0,038689	-133,5	   0,0401043	-134,5
     32,1359	   0,0382792	-133,9	   0,0398464	-133,6
     32,1378	   0,0381176	-133,7	   0,0396837	-133,5
     32,1398	   0,0379778	-133,8	   0,0392466	-133,5
     32,1417	   0,0377294	-133,3	   0,0390586	-132,9
     32,1437	    0,037578	-133,0	   0,0391791	-132,6
     32,1456	   0,0372231	-132,8	   0,0389372	-132,4
     32,1476	   0,0368718	-132,4	   0,0387718	-132,1
     32,1496	   0,0368137	-132,0	   0,0382129	-132,8
     32,1515	    0,036593	-131,9	   0,0380569	-131,8
     32,1535	   0,0362221	-131,9	   0,0376169	-131,8
     32,1554	   0,0361859	-130,9	   0,0377176	-131,1
     32,1574	   0,0357638	-131,7	   0,0374047	-130,9
     32,1593	   0,0357234	-130,8	   0,0371582	-130,4
     32,1613	   0,0354668	-130,9	   0,0367955	-130,6
     32,1632	   0,0353956	-130,1	   0,0366686	-130,3
     32,1652	   0,0348922	-130,3	   0,0363368	-129,7
     32,1672	   0,0348122	-129,9	   0,0360988	-130,0
     32,1691	   0,0346733	-129,2	   0,0360149	-129,4
     32,1711	   0,0344298	-129,8	   0,0357135	-129,7
      32,173	   0,0340002	-129,3	   0,0354131	-129,2
      32,175	   0,0340199	-128,6	   0,0351163	-129,4
     32,1769	   0,0337391	-128,7	   0,0349412	-128,8
     32,1789	   0,0334875	-128,9	   0,0347536	-128,4
     32,1808	   0,0334191	-128,1	   0,0346708	-127,9
     32,1828	   0,0331991	-128,2	   0,0342749	-127,9
     32,1847	   0,0329118	-127,8	   0,0342463	-127,9
     32,1867	   0,0326961	-128,0	   0,0341685	-127,2
     32,1887	   0,0324644	-127,6	   0,0338683	-127,6
     32,1906	   0,0320345	-127,6	   0,0334219	-127,5
     32,1926	   0,0319097	-127,5	    0,033449	-126,4
     32,1945	   0,0318638	-127,0	   0,0329246	-126,5
     32,1965	   0,0316513	-127,2	   0,0327302	-126,6
     32,1984	   0,0314099	-127,2	   0,0325566	-126,4
     32,2004	   0,0313489	-126,5	   0,0327323	-126,1
     32,2023	   0,0311654	-126,0	   0,0325462	-126,6
     32,2043	   0,0308413	-126,5	   0,0323339	-126,2
     32,2063	   0,0307513	-126,2	   0,0316529	-126,8
     32,2082	   0,0305833	-125,1	    0,031782	-126,4
     32,2102	   0,0301771	-125,8	   0,0314724	-125,0
     32,2121	   0,0301544	-125,3	   0,0310615	-125,1
     32,2141	   0,0298091	-124,8	   0,0311457	-124,8
      32,216	   0,0295794	-125,0	   0,0310303	-125,1
      32,218	   0,0295131	-124,7	   0,0305376	-124,6
     32,2199	   0,0292776	-124,4	   0,0303304	-124,5
     32,2219	   0,0291596	-125,6	   0,0300663	-124,8
     32,2239	   0,0289685	-123,9	   0,0296376	-124,4
     32,2258	   0,0288088	-124,6	   0,0297362	-123,6
     32,2278	   0,0287137	-123,7	   0,0291279	-124,6
     32,2297	   0,0283814	-123,7	   0,0291061	-124,2
     32,2317	   0,0282727	-123,6	    0,028913	-123,7
     32,2336	   0,0280077	-124,1	   0,0289633	-123,6
     32,2356	   0,0278847	-122,9	   0,0285348	-123,5
     32,2375	   0,0277526	-123,5	   0,0283644	-123,1
     32,2395	   0,0275994	-123,1	   0,0282194	-123,4
     32,2414	   0,0275039	-122,5	   0,0279854	-123,6
     32,2434	   0,0273136	-122,5	   0,0281216	-122,6
     32,2454	    0,026901	-122,9	   0,0279767	-122,9
     32,2473	    0,026867	-122,3	   0,0276623	-122,3
     32,2493	   0,0267608	-122,9	   0,0273261	-122,9
     32,2512	   0,0266274	-122,1	   0,0272174	-122,9
     32,2532	   0,0264309	-122,1	   0,0270504	-122,5
     32,2551	   0,0262499	-121,9	   0,0268149	-122,4
     32,2571	   0,0260791	-122,0	   0,0266183	-122,2
      32,259	   0,0258764	-121,6	    0,026415	-122,3
      32,261	   0,0257252	-121,9	   0,0262146	-121,7
      32,263	   0,0255643	-121,0	   0,0261562	-121,2
     32,2649	   0,0255625	-120,8	   0,0263727	-121,7
     32,2669	   0,0252839	-121,8	   0,0254503	-121,8
     32,2688	   0,0251126	-121,0	   0,0252088	-123,0
     32,2708	   0,0250118	-120,4	   0,0253838	-121,4
     32,2727	   0,0249192	-119,9	   0,0256858	-120,6
     32,2747	   0,0246891	-120,9	   0,0252443	-120,8
     32,2766	   0,0246808	-119,8	   0,0251024	-121,3
     32,2786	   0,0245139	-120,5	    0,024958	-120,1
     32,2805	   0,0243748	-119,9	   0,0247948	-120,8
     32,2825	   0,0242309	-119,6	   0,0247272	-120,4
     32,2845	   0,0239647	-120,8	   0,0246858	-120,2
     32,2864	   0,0238666	-119,2	    0,024421	-120,4
     32,2884	    0,023683	-119,5	   0,0243939	-119,9
     32,2903	   0,0236303	-119,4	   0,0243798	-119,4
     32,2923	    0,023447	-119,9	   0,0240928	-119,9
     32,2942	   0,0232707	-119,3	   0,0238589	-119,4
     32,2962	   0,0231054	-119,1	   0,0237462	-120,5
     32,2981	   0,0230185	-119,0	   0,0237618	-118,7
     32,3001	   0,0229529	-118,3	    0,023731	-118,9
     32,3021	   0,0228167	-118,7	   0,0232507	-119,8
      32,304	   0,0227148	-118,9	   0,0231585	-119,7
      32,306	   0,0225963	-118,0	   0,0229704	-119,8
     32,3079	   0,0225065	-117,8	   0,0228606	-119,8
     32,3099	   0,0224163	-118,6	   0,0227806	-119,0
     32,3118	   0,0221493	-119,1	   0,0225896	-119,4
     32,3138	   0,0221891	-117,2	   0,0225897	-118,6
     32,3157	   0,0221036	-117,4	    0,022598	-118,4
     32,3177	   0,0220475	-117,6	    0,022372	-118,1
     32,3196	    0,021918	-117,8	   0,0223122	-117,3
     32,3216	   0,0219021	-117,5	   0,0221241	-117,9
     32,3236	   0,0216609	-118,1	   0,0222487	-118,0
     32,3255	    0,021586	-117,4	   0,0218951	-117,8
     32,3275	   0,0214786	-117,2	   0,0219749	-118,2
     32,3294	    0,021369	-117,5	   0,0218646	-117,6
     32,3314	   0,0211927	-117,2	   0,0216973	-117,3
     32,3333	    0,021024	-117,1	   0,0216163	-118,1
     32,3353	   0,0210189	-117,4	   0,0214833	-117,7
     32,3372	   0,0209552	-117,1	   0,0215138	-117,9
     32,3392	    0,020884	-116,9	   0,0213692	-117,9
     32,3412	   0,0207447	-117,2	   0,0211924	-118,0
     32,3431	   0,0205663	-117,9	   0,0210688	-117,6
     32,3451	    0,020607	-118,1	   0,0209567	-117,7
      32,347	   0,0204557	-117,3	   0,0208375	-118,4
      32,349	   0,0202512	-118,1	   0,0207509	-117,7
     32,3509	   0,0203031	-118,0	   0,0206783	-117,5
     32,3529	   0,0201362	-117,9	   0,0207049	-117,6
     32,3548	   0,0200908	-117,7	   0,0206134	-118,1
     32,3568	   0,0200128	-118,5	   0,0203984	-118,3
     32,3587	   0,0199379	-117,8	   0,0203357	-118,3
     32,3607	    0,019863	-117,9	   0,0201018	-117,7
     32,3627	   0,0196682	-117,2	   0,0200359	-118,1
     32,3646	   0,0195451	-117,7	   0,0199319	-118,4
     32,3666	   0,0193003	-118,5	   0,0198065	-118,2
     32,3685	   0,0192343	-117,8	   0,0197342	-117,8
     32,3705	   0,0191877	-118,0	   0,0196479	-118,0
     32,3724	   0,0191572	-118,2	   0,0195259	-117,9
     32,3744	   0,0190854	-117,7	   0,0194143	-118,3
     32,3763	   0,0189216	-117,4	   0,0193043	-117,8
     32,3783	   0,0187547	-117,2	   0,0191548	-117,6
     32,3803	   0,0186753	-117,2	   0,0190832	-117,6
     32,3822	   0,0185523	-117,2	   0,0189198	-117,8
     32,3842	   0,0184001	-117,6	   0,0187789	-117,7
     32,3861	   0,0183479	-117,4	   0,0186832	-117,7
     32,3881	   0,0182827	-117,4	   0,0185911	-117,8
       32,39	   0,0181818	-117,2	   0,0184948	-117,8
      32,392	   0,0181144	-116,9	   0,0183575	-117,6
     32,3939	   0,0179688	-116,9	   0,0182648	-117,2
     32,3959	   0,0177831	-117,2	   0,0181529	-117,1
     32,3979	   0,0177298	-116,7	   0,0180386	-117,2
     32,3998	   0,0176021	-117,3	   0,0179588	-117,0
     32,4018	    0,017562	-116,9	   0,0178972	-116,9
     32,4037	   0,0174579	-116,7	   0,0177732	-117,5
     32,4057	   0,0173537	-117,1	   0,0176207	-117,3
     32,4076	   0,0172414	-117,3	   0,0175105	-117,1
     32,4096	     0,01719	-116,5	   0,0173947	-117,0
     32,4115	   0,0170106	-116,4	   0,0173474	-116,9
     32,4135	   0,0169056	-117,1	   0,0172699	-116,7
     32,4154	   0,0168331	-116,6	   0,0172003	-117,0
     32,4174	   0,0167647	-116,6	   0,0170677	-117,2
     32,4194	   0,0167047	-116,5	   0,0169549	-117,0
     32,4213	   0,0165633	-116,7	   0,0168313	-117,0
     32,4233	    0,016479	-116,8	   0,0167458	-116,3
     32,4252	   0,0163973	-116,4	   0,0166816	-116,5
     32,4272	   0,0163352	-116,5	   0,0165948	-116,7
     32,4291	   0,0162362	-116,5	   0,0165064	-116,6
     32,4311	   0,0161252	-116,4	   0,0164179	-117,2
      32,433	   0,0159891	-116,5	   0,0162974	-116,5
      32,435	   0,0159211	-116,5	   0,0162014	-116,6
      32,437	   0,0159308	-116,5	   0,0161263	-116,5
     32,4389	   0,0157693	-116,3	   0,0160409	-117,0
     32,4409	   0,0157068	-115,9	   0,0159563	-116,7
     32,4428	   0,0156096	-116,3	    0,015927	-116,4
     32,4448	   0,0154934	-115,8	   0,0158231	-116,6
     32,4467	   0,0154595	-116,1	   0,0156581	-116,7
     32,4487	   0,0153765	-116,4	   0,0155532	-116,3
     32,4506	   0,0152437	-115,6	   0,0155216	-116,3
     32,4526	   0,0151382	-116,3	   0,0154472	-116,1
     32,4545	   0,0151545	-116,5	    0,015407	-116,7
     32,4565	   0,0150964	-115,8	   0,0152639	-116,4
     32,4585	   0,0149809	-115,4	    0,015155	-116,6
     32,4604	   0,0148416	-115,6	    0,015095	-116,2
     32,4624	   0,0147542	-116,4	   0,0149954	-116,9
     32,4643	   0,0147528	-116,3	   0,0149683	-116,1
     32,4663	   0,0146877	-116,2	   0,0149333	-116,2
     32,4682	   0,0145659	-115,8	   0,0148171	-116,4
     32,4702	   0,0144378	-116,1	   0,0147202	-116,2
     32,4721	   0,0143772	-116,2	   0,0146168	-115,9
     32,4741	    0,014379	-116,2	   0,0145667	-116,2
     32,4761	   0,0143136	-115,6	   0,0144764	-115,8
      32,478	    0,014226	-115,5	   0,0144357	-115,9
       32,48	   0,0140897	-115,8	   0,0144046	-116,1
     32,4819	   0,0140759	-115,8	   0,0142892	-116,3
     32,4839	   0,0139749	-115,6	   0,0141653	-116,4
     32,4858	   0,0139121	-115,6	   0,0140614	-116,0
     32,4878	   0,0138747	-115,7	   0,0140146	-115,6
     32,4897	   0,0137565	-114,7	   0,0139852	-115,5
     32,4917	   0,0136336	-115,4	    0,013912	-115,6
     32,4936	   0,0135764	-115,4	   0,0137896	-116,2
     32,4956	    0,013555	-115,5	    0,013741	-115,7
     32,4976	   0,0135034	-115,7	   0,0136882	-115,6
     32,4995	   0,0134667	-115,0	   0,0136106	-115,7
     32,5015	    0,013359	-115,6	   0,0135495	-115,9
     32,5034	    0,013304	-115,4	   0,0134512	-115,8
     32,5054	   0,0131943	-115,5	   0,0133566	-115,6
     32,5073	    0,013144	-115,5	   0,0133181	-115,6
     32,5093	   0,0130924	-116,0	   0,0132969	-115,6
     32,5112	   0,0130514	-115,3	   0,0131815	-115,3
     32,5132	   0,0129458	-115,6	   0,0131524	-115,4
     32,5152	    0,012905	-115,3	   0,0130874	-115,5
     32,5171	   0,0127942	-115,3	   0,0130243	-115,2
     32,5191	   0,0127392	-115,3	   0,0129358	-115,8
      32,521	   0,0126641	-115,7	   0,0128539	-115,5
      32,523	   0,0126483	-115,5	    0,012892	-115,4
     32,5249	   0,0126025	-115,5	   0,0127707	-115,9
     32,5269	   0,0125004	-115,2	   0,0126545	-116,1
     32,5288	   0,0124376	-115,5	    0,012577	-115,7
     32,5308	   0,0123679	-115,0	   0,0125577	-115,2
     32,5327	   0,0123106	-115,3	   0,0125319	-115,6
     32,5347	   0,0122606	-115,6	   0,0124203	-115,6
     32,5367	   0,0122442	-115,1	   0,0123144	-115,3
     32,5386	   0,0121908	-115,0	   0,0122929	-115,3
     32,5406	    0,012123	-114,6	   0,0122214	-115,4
     32,5425	   0,0120012	-115,4	   0,0122181	-115,6
     32,5445	   0,0119678	-114,8	   0,0121652	-115,3
     32,5464	   0,0118816	-114,9	    0,012053	-115,6
     32,5484	   0,0118751	-115,6	   0,0119982	-115,4
     32,5503	   0,0118751	-115,0	   0,0119514	-115,0
     32,5523	   0,0117128	-115,0	   0,0119187	-115,1
     32,5543	     0,01162	-115,1	   0,0118167	-115,0
     32,5562	    0,011636	-115,7	   0,0117633	-115,2
     32,5582	   0,0116314	-114,9	    0,011751	-115,3
     32,5601	   0,0115789	-115,2	    0,011685	-115,4
     32,5621	   0,0114668	-114,7	   0,0116125	-114,8
      32,564	   0,0113658	-115,3	   0,0115614	-115,1
      32,566	   0,0113416	-114,8	   0,0114947	-115,2
     32,5679	   0,0113357	-115,2	    0,011455	-115,1
     32,5699	   0,0112895	-115,0	   0,0114079	-115,5
     32,5718	   0,0112297	-115,1	   0,0113508	-115,2
     32,5738	    0,011135	-115,0	   0,0112972	-115,2
     32,5758	     0,01107	-114,9	   0,0111977	-115,4
     32,5777	    0,011038	-115,4	   0,0110966	-115,1
     32,5797	   0,0110103	-115,3	   0,0111454	-114,5
     32,5816	   0,0109709	-114,9	   0,0111346	-115,4
     32,5836	   0,0109001	-114,6	   0,0110047	-115,3
     32,5855	   0,0107875	-114,9	   0,0109315	-115,2
     32,5875	   0,0107963	-114,8	   0,0109467	-115,1
     32,5894	   0,0107884	-114,8	    0,010901	-115,1
     32,5914	   0,0106802	-114,7	   0,0108404	-115,2
     32,5934	   0,0106191	-114,9	   0,0107319	-115,1
     32,5953	   0,0106365	-115,3	    0,010693	-114,8
     32,5973	   0,0105884	-115,1	   0,0106272	-114,9
     32,5992	    0,010535	-114,7	   0,0106408	-114,9
     32,6012	   0,0103861	-114,9	   0,0106388	-115,1
     32,6031	   0,0103917	-114,9	   0,0105199	-115,7
     32,6051	   0,0103686	-114,8	     0,01038	-114,8
      32,607	   0,0103528	-115,1	   0,0104533	-114,5
      32,609	    0,010272	-114,7	   0,0104667	-115,0
     32,6109	   0,0102226	-115,0	    0,010352	-115,5
     32,6129	   0,0101225	-114,7	   0,0102559	-114,8
     32,6149	   0,0101279	-114,8	   0,0102152	-115,0
     32,6168	   0,0101465	-114,6	   0,0101747	-114,2
     32,6188	    0,010034	-114,4	   0,0102244	-114,8
     32,6207	  0,00994969	-114,8	    0,010145	-115,8
     32,6227	  0,00990208	-115,1	  0,00997137	-114,9
     32,6246	   0,0098889	-114,4	   0,0100155	-114,1
     32,6266	  0,00986435	-114,9	   0,0100138	-114,6
     32,6285	  0,00984712	-115,0	  0,00995395	-115,0
     32,6305	  0,00973004	-114,3	  0,00986906	-115,1
     32,6325	  0,00966769	-115,1	  0,00983273	-114,9
     32,6344	   0,0097004	-115,1	  0,00982535	-115,1
     32,6364	  0,00970907	-114,4	  0,00978021	-115,4
     32,6383	  0,00963298	-114,3	  0,00971138	-115,2
     32,6403	  0,00955094	-114,8	  0,00962681	-115,0
     32,6422	  0,00950432	-114,2	  0,00965521	-114,6
     32,6442	  0,00945403	-114,7	  0,00962632	-115,6
     32,6461	  0,00948073	-114,4	  0,00951599	-115,1
     32,6481	  0,00943083	-114,5	  0,00944226	-115,1
       32,65	  0,00932877	-114,7	  0,00943439	-114,5
      32,652	  0,00929433	-114,5	  0,00944147	-115,3
      32,654	  0,00929158	-115,1	  0,00937954	-114,9
     32,6559	  0,00928311	-115,2	  0,00930152	-114,6
     32,6579	  0,00921636	-114,3	  0,00930536	-114,7
     32,6598	  0,00914649	-114,6	  0,00930098	-114,7
     32,6618	   0,0091019	-114,9	  0,00918152	-114,6
     32,6637	  0,00906412	-114,9	   0,0090887	-115,0
     32,6657	  0,00906654	-114,6	   0,0091429	-114,4
     32,6676	  0,00896016	-114,8	  0,00914528	-115,0
     32,6696	  0,00892874	-114,6	  0,00904621	-115,6
     32,6716	  0,00890282	-114,6	  0,00896371	-115,5
     32,6735	  0,00882064	-114,8	   0,0089019	-114,3
     32,6755	  0,00882693	-115,1	  0,00899933	-114,5
     32,6774	  0,00886366	-114,6	  0,00888198	-114,7
     32,6794	  0,00878806	-114,2	  0,00881159	-114,6
     32,6813	  0,00871498	-114,4	  0,00882715	-115,0
     32,6833	  0,00861203	-115,2	  0,00880909	-115,3
     32,6852	  0,00867363	-115,2	  0,00871728	-114,9
     32,6872	   0,0086798	-114,5	  0,00868491	-114,8
     32,6891	  0,00852205	-114,2	  0,00868672	-114,8
     32,6911	  0,00850556	-114,8	  0,00866681	-115,1
     32,6931	  0,00855418	-115,3	  0,00854546	-115,0
      32,695	  0,00849806	-114,2	  0,00856411	-113,8
      32,697	  0,00839099	-114,8	  0,00859167	-114,4
     32,6989	  0,00839271	-115,3	  0,00852449	-115,7
     32,7009	  0,00840375	-114,5	  0,00836135	-115,2
     32,7028	  0,00836887	-114,5	  0,00839218	-113,7
     32,7048	  0,00824008	-114,4	  0,00849167	-114,5
     32,7067	  0,00823184	-115,1	  0,00831386	-115,7
     32,7087	  0,00828434	-114,6	   0,0082425	-114,7
     32,7107	  0,00819736	-113,9	  0,00832197	-114,7
     32,7126	  0,00804664	-114,5	  0,00830342	-115,3
     32,7146	  0,00814185	-115,3	  0,00812169	-115,7
     32,7165	  0,00820882	-114,0	  0,00807825	-114,4
     32,7185	  0,00804821	-113,6	  0,00814998	-114,7
     32,7204	  0,00795058	-114,7	  0,00813032	-115,3
     32,7224	  0,00804171	-115,5	  0,00802217	-114,7
     32,7243	  0,00802273	-113,8	  0,00805363	-114,8
     32,7263	  0,00784303	-114,3	  0,00798917	-114,7
     32,7282	  0,00786874	-115,4	  0,00799615	-114,8
     32,7302	  0,00789688	-113,9	  0,00790885	-115,0
     32,7322	  0,00780225	-114,4	  0,00790926	-114,0
     32,7341	  0,00776046	-114,0	  0,00792989	-113,8
     32,7361	  0,00774387	-115,2	  0,00780983	-115,8
      32,738	   0,0077609	-114,8	  0,00778144	-114,6
       32,74	  0,00775024	-114,6	  0,00781456	-114,8
     32,7419	  0,00768614	-114,1	  0,00774399	-115,3
     32,7439	   0,0075967	-114,4	  0,00764428	-114,7
     32,7458	  0,00762637	-114,9	  0,00766931	-114,5
     32,7478	  0,00759546	-114,7	  0,00766986	-115,0
     32,7498	  0,00748672	-115,2	  0,00763858	-114,7
     32,7517	  0,00752614	-114,8	  0,00754424	-114,8
     32,7537	   0,0074992	-114,7	  0,00749102	-114,9
     32,7556	  0,00742697	-114,6	  0,00749513	-114,1
     32,7576	   0,0074186	-114,6	  0,00758654	-115,1
     32,7595	  0,00739211	-114,4	  0,00741905	-115,5
     32,7615	  0,00734012	-115,0	   0,0073359	-115,0
     32,7634	  0,00733434	-115,0	  0,00741165	-114,1
     32,7654	  0,00728613	-115,0	  0,00737636	-115,2
     32,7673	  0,00723505	-115,1	   0,0072957	-115,2
     32,7693	  0,00728738	-114,2	  0,00726571	-114,7
     32,7713	  0,00722742	-114,1	  0,00732663	-114,9
     32,7732	  0,00713472	-115,2	  0,00725936	-115,2
     32,7752	  0,00721388	-114,6	  0,00717423	-115,0
     32,7771	  0,00714201	-113,9	  0,00717815	-114,4
     32,7791	   0,0070231	-114,3	   0,0071531	-115,5
      32,781	  0,00705952	-114,8	  0,00709527	-114,7
      32,783	  0,00706993	-114,8	  0,00706808	-114,8
     32,7849	  0,00696783	-114,6	  0,00710028	-114,2
     32,7869	  0,00696317	-114,9	  0,00708466	-115,0
     32,7889	  0,00695776	-115,0	  0,00699211	-115,6
     32,7908	  0,00692004	-115,0	  0,00695685	-114,6
     32,7928	  0,00694684	-114,7	  0,00697633	-114,4
     32,7947	   0,0068132	-115,1	  0,00695392	-115,3
     32,7967	  0,00685978	-114,7	  0,00683362	-114,9
     32,7986	  0,00684537	-114,5	  0,00689247	-114,7
     32,8006	  0,00678187	-114,7	  0,00685112	-115,4
     32,8025	  0,00679043	-115,1	  0,00676109	-114,9
     32,8045	  0,00676776	-113,9	   0,0067594	-114,7
     32,8064	  0,00666534	-115,1	  0,00679944	-115,2
     32,8084	  0,00671244	-114,4	  0,00668863	-114,9
     32,8104	  0,00666013	-114,5	  0,00671396	-114,8
     32,8123	  0,00661335	-115,2	  0,00667909	-115,1
     32,8143	  0,00667488	-114,4	  0,00660999	-115,0
     32,8162	  0,00656271	-114,3	  0,00667506	-114,2
     32,8182	  0,00654451	-115,0	  0,00660692	-114,9
     32,8201	  0,00651778	-114,3	   0,0065444	-114,7
     32,8221	    0,006552	-114,1	  0,00656939	-114,3
      32,824	  0,00644773	-114,9	  0,00651178	-114,8
      32,826	  0,00644581	-114,7	  0,00651671	-114,8
      32,828	  0,00643642	-115,1	  0,00642928	-114,7
     32,8299	  0,00638666	-114,8	  0,00645248	-114,3
     32,8319	  0,00634881	-115,0	  0,00653203	-114,7
     32,8338	  0,00639018	-114,7	  0,00636655	-115,8
     32,8358	  0,00634009	-114,2	  0,00628938	-114,8
     32,8377	  0,00631078	-114,8	  0,00636589	-114,9
     32,8397	  0,00626138	-114,6	  0,00635702	-114,8
     32,8416	  0,00627308	-114,9	  0,00625392	-115,5
     32,8436	  0,00618863	-114,5	  0,00627962	-114,3
     32,8456	  0,00620537	-115,0	  0,00637644	-114,6
     32,8475	  0,00623737	-114,7	  0,00615906	-115,4
     32,8495	  0,00611827	-114,2	  0,00619802	-114,0
     32,8514	  0,00612874	-115,3	  0,00626151	-115,0
     32,8534	   0,0061662	-114,3	  0,00611427	-115,3
     32,8553	  0,00602037	-115,0	  0,00609712	-114,7
     32,8573	  0,00614966	-115,5	  0,00616485	-114,4
     32,8592	  0,00605828	-114,2	  0,00609588	-115,7
     32,8612	  0,00594369	-115,3	   0,0059893	-114,6
     32,8631	  0,00601212	-114,9	  0,00607926	-114,3
     32,8651	  0,00600687	-114,5	  0,00601295	-116,0
     32,8671	  0,00593486	-114,9	  0,00593477	-115,1
      32,869	  0,00591954	-115,5	  0,00598035	-114,4
      32,871	  0,00592235	-114,4	  0,00602406	-115,0
     32,8729	  0,00584319	-114,9	  0,00585735	-115,8
     32,8749	  0,00588175	-115,5	  0,00591086	-114,6
     32,8768	  0,00584192	-114,6	   0,0058914	-115,0
     32,8788	  0,00580241	-115,3	  0,00584218	-115,9
     32,8807	   0,0057721	-114,6	  0,00576507	-115,0
     32,8827	  0,00575346	-115,5	  0,00588151	-114,9
     32,8847	  0,00581773	-115,7	  0,00575178	-115,8
     32,8866	  0,00571649	-114,3	  0,00573699	-115,0
     32,8886	  0,00563866	-115,2	    0,005784	-115,0
     32,8905	  0,00571984	-115,4	  0,00569348	-114,7
     32,8925	  0,00567901	-114,1	  0,00568823	-114,9
     32,8944	  0,00556583	-115,5	  0,00569626	-115,4
     32,8964	   0,0056641	-115,4	  0,00565067	-115,4
     32,8983	  0,00559975	-114,4	  0,00561723	-115,4
     32,9003	  0,00556418	-115,3	  0,00560314	-113,9
     32,9022	  0,00555439	-115,0	  0,00570228	-115,5
     32,9042	  0,00550678	-114,8	  0,00551977	-115,9
     32,9062	  0,00551088	-114,8	  0,00557149	-114,0
     32,9081	  0,00549836	-115,0	  0,00558217	-115,7
     32,9101	  0,00542138	-115,4	  0,00542757	-115,9
      32,912	  0,00548617	-115,4	  0,00548377	-114,5
      32,914	  0,00540854	-115,1	  0,00555781	-115,8
     32,9159	  0,00538652	-115,4	  0,00531802	-115,7
     32,9179	  0,00542406	-114,6	  0,00542202	-113,6
     32,9198	  0,00529776	-115,3	  0,00546087	-116,0
     32,9218	  0,00536735	-115,4	  0,00530565	-114,9
     32,9238	  0,00533917	-114,4	   0,0054025	-113,6
     32,9257	  0,00526729	-116,0	  0,00536941	-115,9
     32,9277	  0,00534395	-114,4	   0,0052664	-115,6
     32,9296	  0,00515553	-114,8	  0,00534372	-114,2
     32,9316	  0,00527271	-115,7	  0,00528803	-115,5
     32,9335	  0,00524542	-113,9	  0,00518271	-116,0
     32,9355	  0,00513214	-115,3	  0,00528875	-114,3
     32,9374	  0,00523204	-115,3	  0,00518568	-115,8
     32,9394	  0,00516232	-115,3	  0,00522738	-114,4
     32,9413	  0,00511083	-115,5	  0,00515542	-115,9
     32,9433	   0,0051512	-115,5	  0,00513131	-114,3
     32,9453	  0,00510538	-115,0	  0,00518897	-115,6
     32,9472	  0,00506823	-115,1	  0,00511184	-115,5
     32,9492	  0,00512779	-114,9	  0,00505044	-115,0
     32,9511	  0,00503331	-114,6	  0,00512044	-115,7
     32,9531	   0,0049782	-115,2	  0,00505972	-116,1
      32,955	  0,00504256	-114,5	  0,00503757	-114,5
      32,957	    0,004983	-114,8	  0,00506823	-115,6
     32,9589	   0,0049872	-115,1	  0,00495407	-115,3
     32,9609	  0,00494078	-115,6	  0,00500132	-115,2
     32,9629	  0,00494608	-115,6	  0,00495772	-115,7
     32,9648	  0,00491501	-115,3	  0,00497941	-115,7
     32,9668	  0,00495149	-115,5	   0,0049147	-114,7
     32,9687	  0,00486222	-114,6	  0,00492211	-115,2
     32,9707	  0,00483651	-115,7	  0,00482655	-115,7
     32,9726	  0,00487994	-115,5	   0,0049363	-114,5
     32,9746	  0,00479161	-115,1	  0,00488498	-116,2
     32,9765	    0,004849	-115,1	  0,00480475	-115,3
     32,9785	  0,00480241	-114,9	  0,00484756	-115,0
     32,9804	  0,00473449	-116,1	  0,00481388	-116,3
     32,9824	  0,00483432	-114,2	  0,00473554	-115,0
     32,9844	  0,00468821	-115,4	  0,00483456	-115,3
     32,9863	   0,0047399	-115,7	  0,00468367	-117,1
     32,9883	  0,00470707	-115,0	  0,00472954	-114,1
     32,9902	   0,0046729	-115,3	  0,00481774	-116,0
     32,9922	  0,00468001	-115,6	  0,00453444	-116,4
     32,9941	  0,00465052	-115,3	  0,00479243	-113,4
     32,9961	  0,00460071	-116,0	   0,0047569	-117,4
      32,998	  0,00465483	-116,0	  0,00440043	-114,1
          33	  0,00467525	-115,0	  0,00487104	-113,7

