X-Data [Hz]	Laser (M - Filtered) [m/s]	Phase [Deg]	Laser (M - Filtered) [m/s]	Phase [Deg]	
	002: [06-28-24 14:25]		003: [06-28-24 14:33]	
          34	   0,0172688	106,3	   0,0188308	107,3
      34,002	   0,0181709	104,7	   0,0188635	104,9
     34,0039	   0,0187016	104,2	   0,0188814	106,3
     34,0059	   0,0186588	106,8	    0,018809	107,4
     34,0078	    0,018556	106,7	   0,0189068	108,5
     34,0098	   0,0184063	106,6	   0,0190439	107,4
     34,0117	   0,0185684	104,1	   0,0188182	107,7
     34,0137	   0,0186818	105,7	   0,0188225	105,8
     34,0156	   0,0185921	106,8	   0,0191613	106,7
     34,0176	   0,0187869	107,0	    0,019172	106,6
     34,0196	   0,0187004	106,9	   0,0191261	105,0
     34,0215	    0,018704	106,8	   0,0191278	106,8
     34,0235	   0,0187998	105,5	   0,0193917	106,4
     34,0254	   0,0189867	106,4	   0,0191613	106,1
     34,0274	   0,0187566	108,0	   0,0193128	106,9
     34,0293	   0,0188415	106,2	   0,0193017	108,8
     34,0313	   0,0189783	105,5	   0,0195929	108,3
     34,0332	   0,0191044	104,4	   0,0195308	108,4
     34,0352	    0,018865	104,9	   0,0195135	109,7
     34,0371	   0,0191114	106,3	   0,0194741	106,8
     34,0391	   0,0190788	106,0	   0,0197078	107,7
     34,0411	   0,0190873	107,0	   0,0196134	107,4
      34,043	   0,0190872	105,4	   0,0196472	106,6
      34,045	   0,0193396	106,1	   0,0197069	108,9
     34,0469	   0,0193625	107,8	   0,0198459	107,8
     34,0489	   0,0191486	107,5	   0,0196882	107,4
     34,0508	   0,0192897	107,8	   0,0200242	107,4
     34,0528	   0,0195189	108,6	   0,0200524	109,7
     34,0547	   0,0194722	106,3	   0,0200629	108,9
     34,0567	   0,0192526	108,0	   0,0198169	109,5
     34,0587	    0,019488	108,8	   0,0200002	110,5
     34,0606	   0,0194878	109,3	   0,0202351	109,1
     34,0626	   0,0195336	108,7	   0,0203008	107,7
     34,0645	   0,0195842	106,9	   0,0201171	109,5
     34,0665	   0,0195566	107,2	   0,0203128	109,6
     34,0684	   0,0196546	107,5	   0,0203234	109,3
     34,0704	   0,0198092	108,8	      0,0203	109,0
     34,0723	   0,0199495	107,0	   0,0203979	110,0
     34,0743	   0,0197167	106,8	   0,0203262	110,3
     34,0762	   0,0199242	107,5	   0,0203773	109,1
     34,0782	   0,0199501	107,9	   0,0206983	110,1
     34,0802	   0,0197632	107,7	   0,0207086	108,6
     34,0821	   0,0199233	107,3	   0,0205643	109,8
     34,0841	   0,0201124	107,0	   0,0208285	110,3
      34,086	   0,0200275	106,4	   0,0208344	109,4
      34,088	    0,020083	107,0	   0,0207273	110,3
     34,0899	   0,0202217	109,5	   0,0208117	108,5
     34,0919	    0,020265	109,2	   0,0209219	109,9
     34,0938	   0,0202312	109,5	   0,0210062	110,0
     34,0958	   0,0201484	109,4	   0,0212542	110,5
     34,0978	   0,0203395	109,3	   0,0210539	110,2
     34,0997	   0,0203118	111,5	   0,0209579	109,3
     34,1017	   0,0201627	110,9	   0,0211761	109,1
     34,1036	   0,0203346	108,6	   0,0213462	109,1
     34,1056	   0,0205269	110,6	   0,0212061	109,8
     34,1075	   0,0205641	110,5	   0,0213742	111,1
     34,1095	   0,0206032	110,7	   0,0212028	112,9
     34,1114	   0,0207056	107,9	   0,0213683	110,7
     34,1134	   0,0206134	108,7	    0,021508	110,6
     34,1153	   0,0207325	108,7	   0,0212876	110,4
     34,1173	   0,0209422	108,7	   0,0216466	112,5
     34,1193	   0,0208136	108,9	   0,0216871	110,0
     34,1212	   0,0207866	109,2	   0,0215537	110,0
     34,1232	   0,0210379	110,0	    0,021676	111,3
     34,1251	    0,020853	109,5	   0,0218255	111,7
     34,1271	   0,0209579	110,3	     0,02167	113,0
      34,129	   0,0211091	109,3	   0,0218407	110,5
      34,131	   0,0210153	110,1	   0,0220579	111,3
     34,1329	   0,0210342	109,4	   0,0218776	111,5
     34,1349	   0,0213086	110,1	   0,0220542	113,9
     34,1369	   0,0212889	109,7	   0,0219229	114,7
     34,1388	   0,0213098	110,0	   0,0218812	112,8
     34,1408	   0,0214251	109,9	   0,0222116	113,1
     34,1427	    0,021298	110,5	   0,0222326	113,0
     34,1447	   0,0215049	111,2	   0,0222873	114,1
     34,1466	   0,0215024	109,7	    0,022271	112,2
     34,1486	   0,0214154	111,3	   0,0224297	111,7
     34,1505	   0,0216469	110,5	   0,0223326	112,3
     34,1525	   0,0216835	112,3	   0,0224036	113,1
     34,1544	   0,0215532	109,7	   0,0225787	113,2
     34,1564	   0,0216837	110,4	   0,0225982	111,6
     34,1584	   0,0218488	110,2	   0,0227393	112,8
     34,1603	   0,0217257	110,7	   0,0227905	113,5
     34,1623	   0,0218763	109,6	   0,0227107	112,7
     34,1642	   0,0220239	111,9	   0,0227671	113,6
     34,1662	   0,0220107	111,2	   0,0229368	112,1
     34,1681	   0,0220951	111,8	   0,0228709	113,8
     34,1701	   0,0221556	111,8	   0,0229339	113,1
      34,172	   0,0221613	112,6	   0,0231432	113,9
      34,174	   0,0223232	112,5	   0,0230228	113,0
      34,176	   0,0221557	113,6	   0,0232689	113,5
     34,1779	   0,0223299	113,6	   0,0233362	113,8
     34,1799	   0,0224365	114,1	   0,0232481	114,0
     34,1818	   0,0223427	115,2	   0,0234112	114,6
     34,1838	   0,0226259	113,5	   0,0232781	115,1
     34,1857	   0,0225914	113,8	   0,0234111	116,0
     34,1877	   0,0225749	113,1	   0,0235641	114,2
     34,1896	   0,0228365	114,6	   0,0234547	114,3
     34,1916	   0,0226457	114,5	   0,0237664	116,6
     34,1936	   0,0227367	113,8	     0,02366	116,4
     34,1955	   0,0229771	113,5	   0,0236353	114,1
     34,1975	   0,0229598	115,6	   0,0238627	114,9
     34,1994	   0,0229639	115,2	   0,0238164	115,8
     34,2014	   0,0232435	115,2	   0,0238773	117,9
     34,2033	   0,0231417	114,4	   0,0241134	116,7
     34,2053	   0,0230159	115,3	   0,0241183	115,8
     34,2072	   0,0232102	116,2	   0,0241302	117,4
     34,2092	   0,0231777	115,1	   0,0242671	118,1
     34,2111	   0,0231522	114,9	   0,0243626	117,0
     34,2131	   0,0234715	116,1	   0,0244555	116,2
     34,2151	   0,0235052	116,5	   0,0243582	118,0
      34,217	   0,0236812	113,3	   0,0245236	117,6
      34,219	    0,023537	114,3	    0,024552	116,1
     34,2209	   0,0238577	114,9	   0,0245879	118,8
     34,2229	    0,023723	113,7	   0,0245997	119,5
     34,2248	   0,0237184	114,9	    0,024782	118,5
     34,2268	   0,0240482	114,4	   0,0247656	118,2
     34,2287	   0,0238942	116,7	   0,0248904	117,9
     34,2307	   0,0241139	117,5	   0,0249377	119,3
     34,2327	   0,0241727	117,6	   0,0249438	118,9
     34,2346	   0,0241574	116,8	   0,0252669	116,6
     34,2366	   0,0243015	117,6	   0,0252106	119,6
     34,2385	   0,0243837	116,8	   0,0251513	119,7
     34,2405	   0,0242823	116,0	   0,0253819	117,8
     34,2424	   0,0244422	117,0	   0,0252407	118,4
     34,2444	   0,0244557	118,0	   0,0252614	121,2
     34,2463	   0,0245011	116,7	   0,0255026	120,7
     34,2483	   0,0247293	117,4	   0,0253944	119,1
     34,2502	   0,0247057	119,0	   0,0255938	119,4
     34,2522	   0,0248607	117,2	   0,0258059	121,3
     34,2542	   0,0247849	116,5	   0,0257444	119,9
     34,2561	   0,0248843	118,3	   0,0259118	119,5
     34,2581	   0,0249949	118,3	   0,0258638	119,9
       34,26	   0,0249056	117,5	   0,0259558	120,9
      34,262	   0,0252194	119,1	   0,0262122	118,7
     34,2639	   0,0252079	117,9	   0,0260022	120,2
     34,2659	     0,02521	117,8	   0,0262607	121,9
     34,2678	    0,025467	118,0	   0,0261509	122,3
     34,2698	   0,0253437	119,7	   0,0263286	121,3
     34,2718	   0,0256191	118,2	   0,0265321	123,4
     34,2737	   0,0256287	119,2	    0,026447	123,6
     34,2757	   0,0256615	120,9	   0,0267599	123,7
     34,2776	    0,025614	121,2	   0,0265989	122,4
     34,2796	   0,0258659	120,0	   0,0266874	124,0
     34,2815	   0,0260263	120,3	    0,026822	123,7
     34,2835	    0,026071	122,1	   0,0269472	123,6
     34,2854	   0,0260788	120,0	   0,0269089	124,9
     34,2874	   0,0261722	121,7	   0,0269856	124,4
     34,2893	   0,0261577	121,7	   0,0270636	125,1
     34,2913	   0,0263457	120,6	   0,0270565	125,6
     34,2933	   0,0262309	120,2	   0,0272714	124,9
     34,2952	   0,0262276	121,4	   0,0272576	125,6
     34,2972	   0,0264637	121,6	   0,0275209	124,3
     34,2991	   0,0263487	120,4	   0,0274008	125,4
     34,3011	    0,026595	121,9	   0,0274473	125,6
      34,303	   0,0265452	123,9	   0,0277559	124,0
      34,305	   0,0267471	121,2	   0,0275559	124,7
     34,3069	    0,026798	123,1	   0,0277334	126,5
     34,3089	   0,0268244	123,8	   0,0277221	125,0
     34,3109	    0,026989	121,9	   0,0277712	124,9
     34,3128	   0,0269295	122,5	    0,027907	127,0
     34,3148	   0,0270983	124,5	   0,0279977	125,0
     34,3167	   0,0271237	123,7	     0,02817	125,6
     34,3187	   0,0273185	123,0	   0,0281569	125,9
     34,3206	   0,0273481	124,9	     0,02814	126,0
     34,3226	   0,0272401	123,8	   0,0284213	127,1
     34,3245	   0,0275622	123,2	   0,0284067	128,4
     34,3265	   0,0273961	123,8	   0,0286873	129,1
     34,3284	   0,0278724	125,0	    0,028451	128,8
     34,3304	   0,0278291	123,5	   0,0285841	129,7
     34,3324	   0,0276858	125,6	   0,0288286	129,0
     34,3343	   0,0279307	126,6	   0,0285884	128,5
     34,3363	   0,0280011	124,8	   0,0288081	130,3
     34,3382	   0,0280399	125,7	   0,0290995	130,6
     34,3402	   0,0281626	126,3	   0,0289219	130,1
     34,3421	    0,028337	124,6	   0,0290175	131,1
     34,3441	   0,0289058	126,2	   0,0293352	130,7
      34,346	    0,028817	126,9	   0,0292077	131,2
      34,348	   0,0290344	125,8	   0,0294723	130,5
       34,35	   0,0286709	126,7	    0,029395	131,6
     34,3519	   0,0287727	128,3	   0,0293442	131,2
     34,3539	   0,0288015	126,2	   0,0296816	132,2
     34,3558	   0,0286069	128,5	   0,0296101	132,2
     34,3578	    0,028841	130,3	   0,0298121	131,8
     34,3597	   0,0290048	127,7	   0,0298649	130,8
     34,3617	   0,0288689	128,1	   0,0297222	131,2
     34,3636	   0,0291356	128,3	   0,0299768	131,8
     34,3656	   0,0292968	128,5	   0,0298188	131,7
     34,3675	   0,0291276	128,7	   0,0300756	132,9
     34,3695	   0,0294157	130,6	   0,0300845	133,1
     34,3715	   0,0294349	131,3	    0,030138	133,6
     34,3734	   0,0294848	130,8	   0,0303523	134,8
     34,3754	   0,0295217	131,9	   0,0303993	133,6
     34,3773	   0,0296629	129,5	   0,0303127	133,4
     34,3793	   0,0297413	129,9	   0,0303655	133,0
     34,3812	   0,0296956	131,9	   0,0305813	133,3
     34,3832	   0,0299919	130,1	   0,0304903	133,7
     34,3851	   0,0297996	131,0	   0,0307106	133,9
     34,3871	   0,0300911	130,2	   0,0307532	133,8
     34,3891	   0,0301169	131,1	   0,0307293	134,9
      34,391	    0,030104	132,7	   0,0309906	136,3
      34,393	   0,0300638	134,2	   0,0308114	136,1
     34,3949	   0,0301443	133,4	   0,0309712	136,9
     34,3969	   0,0303213	134,0	   0,0310856	137,1
     34,3988	   0,0303017	135,0	   0,0309766	138,2
     34,4008	    0,030474	134,6	   0,0311265	137,2
     34,4027	   0,0306656	135,5	   0,0307246	139,7
     34,4047	   0,0305934	134,8	   0,0311649	139,4
     34,4066	   0,0306663	133,6	   0,0311829	138,7
     34,4086	   0,0306955	135,9	   0,0312203	139,1
     34,4106	   0,0307892	133,7	   0,0314232	138,9
     34,4125	   0,0308165	134,3	   0,0313526	138,5
     34,4145	   0,0311238	136,6	   0,0317169	138,9
     34,4164	   0,0308191	136,4	   0,0315791	139,2
     34,4184	   0,0310483	137,2	   0,0317502	140,0
     34,4203	    0,031161	137,8	   0,0317528	140,3
     34,4223	   0,0312544	135,5	   0,0317987	142,2
     34,4242	   0,0312594	135,6	    0,031859	139,7
     34,4262	   0,0314121	136,8	   0,0319036	142,4
     34,4282	   0,0315017	136,7	   0,0320584	141,2
     34,4301	   0,0313282	137,1	   0,0318785	140,8
     34,4321	   0,0316797	138,6	   0,0319409	141,3
      34,434	   0,0316859	138,1	   0,0320162	140,4
      34,436	   0,0316451	139,5	   0,0321876	142,3
     34,4379	   0,0317052	140,3	   0,0319394	143,9
     34,4399	   0,0318419	140,0	    0,032184	143,0
     34,4418	   0,0319169	141,0	   0,0322612	143,8
     34,4438	   0,0320104	141,4	   0,0324321	143,8
     34,4457	   0,0319426	140,7	   0,0322215	142,3
     34,4477	   0,0322049	141,3	   0,0321946	144,0
     34,4497	   0,0320139	139,6	   0,0324199	143,6
     34,4516	   0,0321788	141,4	   0,0323785	144,0
     34,4536	   0,0321891	140,8	   0,0325263	145,6
     34,4555	    0,032377	141,7	   0,0323934	146,5
     34,4575	   0,0322434	143,6	   0,0326327	147,6
     34,4594	   0,0324403	143,4	   0,0325461	147,1
     34,4614	    0,032167	142,9	   0,0327828	144,7
     34,4633	   0,0324252	142,8	   0,0327741	146,5
     34,4653	   0,0324216	143,2	   0,0326954	148,3
     34,4673	   0,0326952	143,0	   0,0327907	148,8
     34,4692	   0,0325338	144,3	    0,032838	148,7
     34,4712	   0,0328354	145,1	   0,0328611	147,1
     34,4731	   0,0327917	145,6	   0,0327204	148,0
     34,4751	   0,0327654	146,4	   0,0330413	149,4
      34,477	   0,0328662	146,2	   0,0329107	149,7
      34,479	   0,0328878	146,3	   0,0329027	150,9
     34,4809	   0,0330324	146,9	   0,0329905	149,3
     34,4829	   0,0327629	145,2	   0,0331619	148,7
     34,4848	   0,0328658	146,5	   0,0332252	150,6
     34,4868	    0,033118	146,0	   0,0330398	149,7
     34,4888	   0,0329195	145,9	   0,0332441	149,7
     34,4907	   0,0331981	145,6	   0,0330151	149,1
     34,4927	   0,0330958	146,6	    0,033144	150,7
     34,4946	   0,0332424	148,4	   0,0331515	151,7
     34,4966	   0,0333071	147,6	   0,0332835	153,8
     34,4985	    0,033172	150,1	   0,0333044	152,9
     34,5005	   0,0330488	148,2	   0,0333637	153,9
     34,5024	    0,033457	149,0	   0,0332153	151,1
     34,5044	   0,0333229	150,9	   0,0333322	153,1
     34,5064	   0,0333817	151,5	   0,0332849	153,9
     34,5083	   0,0332511	152,2	   0,0333986	154,6
     34,5103	   0,0333881	150,8	   0,0331811	154,7
     34,5122	   0,0333763	149,8	   0,0333922	152,9
     34,5142	   0,0334564	151,6	   0,0333244	155,5
     34,5161	   0,0334588	151,6	   0,0332123	155,9
     34,5181	   0,0334694	153,4	   0,0332471	156,0
       34,52	   0,0334686	152,8	   0,0334801	156,5
      34,522	   0,0335768	152,0	   0,0333676	155,9
     34,5239	   0,0337301	153,4	   0,0334971	156,0
     34,5259	   0,0335427	153,5	   0,0334724	156,5
     34,5279	   0,0335743	154,2	    0,033637	155,7
     34,5298	   0,0337102	152,1	   0,0334448	157,3
     34,5318	   0,0338291	154,1	   0,0334436	158,3
     34,5337	   0,0336126	155,5	   0,0333365	158,4
     34,5357	   0,0338007	154,8	    0,033522	157,6
     34,5376	   0,0335944	156,6	    0,033282	157,7
     34,5396	   0,0337313	156,1	   0,0334455	158,0
     34,5415	   0,0336158	154,1	   0,0333876	157,8
     34,5435	   0,0337186	154,7	   0,0335214	159,9
     34,5455	   0,0336271	155,9	   0,0334069	160,5
     34,5474	   0,0337997	158,9	   0,0334043	159,2
     34,5494	   0,0338814	156,1	   0,0334027	161,0
     34,5513	   0,0338068	158,1	   0,0333969	158,9
     34,5533	   0,0337178	158,4	   0,0334965	162,0
     34,5552	   0,0336775	159,6	   0,0332886	160,0
     34,5572	   0,0337985	159,4	   0,0333996	160,4
     34,5591	   0,0337983	157,5	   0,0335105	163,5
     34,5611	   0,0336495	159,7	   0,0334156	162,3
      34,563	    0,033878	159,0	   0,0332368	162,9
      34,565	   0,0337688	161,9	   0,0333293	161,5
      34,567	   0,0337352	161,2	   0,0333715	162,1
     34,5689	   0,0335618	159,0	   0,0331916	164,0
     34,5709	   0,0337089	159,5	   0,0332359	163,7
     34,5728	   0,0337353	161,1	   0,0331792	164,2
     34,5748	   0,0337045	162,3	   0,0333204	162,5
     34,5767	   0,0336511	161,1	   0,0330634	163,3
     34,5787	   0,0338024	161,9	   0,0332061	164,1
     34,5806	   0,0335522	161,6	   0,0331466	164,0
     34,5826	   0,0336503	163,2	   0,0333395	166,0
     34,5846	   0,0335804	163,3	   0,0332246	166,2
     34,5865	   0,0337449	165,1	   0,0332889	167,0
     34,5885	   0,0334922	165,0	   0,0331348	165,0
     34,5904	   0,0335979	163,1	   0,0332362	165,0
     34,5924	   0,0338284	165,3	   0,0330966	164,7
     34,5943	   0,0335658	164,0	    0,032942	166,9
     34,5963	   0,0335912	165,2	   0,0328492	168,4
     34,5982	   0,0334328	163,7	    0,033064	166,8
     34,6002	   0,0334972	165,8	   0,0330046	167,2
     34,6021	   0,0335242	166,5	   0,0329359	167,2
     34,6041	   0,0334996	167,4	   0,0328406	167,1
     34,6061	   0,0333791	167,1	   0,0328227	168,2
      34,608	   0,0333426	166,1	   0,0328167	167,2
       34,61	   0,0334709	168,2	   0,0327927	170,8
     34,6119	   0,0331886	167,7	   0,0328117	169,9
     34,6139	   0,0333288	168,3	   0,0326608	170,0
     34,6158	   0,0331156	167,5	   0,0324968	168,1
     34,6178	   0,0332039	167,5	   0,0325346	170,4
     34,6197	   0,0331963	167,7	   0,0326921	169,4
     34,6217	   0,0332191	169,4	   0,0326112	171,3
     34,6237	   0,0329635	170,6	   0,0325431	171,6
     34,6256	   0,0330003	168,5	   0,0325507	173,6
     34,6276	    0,032948	170,0	   0,0324895	171,3
     34,6295	   0,0331534	169,9	    0,032465	170,1
     34,6315	   0,0331496	171,9	   0,0324136	171,3
     34,6334	   0,0328547	170,3	   0,0322438	172,1
     34,6354	   0,0328454	172,2	   0,0322136	173,7
     34,6373	   0,0329232	171,2	   0,0324364	173,5
     34,6393	   0,0328095	173,0	   0,0321249	173,1
     34,6413	   0,0328614	171,8	   0,0322875	172,8
     34,6432	   0,0325405	171,4	   0,0319884	175,7
     34,6452	   0,0326644	171,7	   0,0319313	173,7
     34,6471	   0,0326568	173,5	   0,0320574	174,0
     34,6491	   0,0327984	174,4	    0,032081	176,1
      34,651	   0,0325658	173,7	    0,032045	175,2
      34,653	   0,0324946	176,1	   0,0318369	176,0
     34,6549	   0,0324075	174,6	    0,031813	174,3
     34,6569	   0,0322683	175,3	   0,0318015	176,5
     34,6588	   0,0324225	174,0	   0,0316928	175,0
     34,6608	     0,03227	173,8	   0,0316851	177,4
     34,6628	   0,0323627	173,9	   0,0318972	177,4
     34,6647	   0,0321164	177,2	   0,0313558	179,0
     34,6667	   0,0322099	175,4	   0,0314162	176,2
     34,6686	   0,0321018	177,7	   0,0315373	178,4
     34,6706	   0,0320515	175,4	   0,0314391	179,2
     34,6725	   0,0319193	175,2	   0,0315558	178,7
     34,6745	   0,0319401	175,9	   0,0314472	177,3
     34,6764	   0,0318067	177,8	   0,0311874	178,3
     34,6784	   0,0318647	179,4	   0,0313885	180,2
     34,6804	   0,0319069	177,0	   0,0312725	180,4
     34,6823	   0,0318385	177,4	   0,0312694	179,0
     34,6843	   0,0318592	176,7	   0,0311729	180,5
     34,6862	   0,0317004	179,7	   0,0308724	180,7
     34,6882	   0,0315386	178,7	   0,0311183	179,2
     34,6901	   0,0314511	179,5	   0,0308669	179,3
     34,6921	   0,0315356	177,6	   0,0309005	179,8
      34,694	   0,0314133	179,2	   0,0307341	182,3
      34,696	    0,031374	180,1	   0,0307765	180,8
     34,6979	   0,0311511	181,3	    0,030776	181,8
     34,6999	   0,0312574	179,4	    0,030466	180,2
     34,7019	   0,0311296	180,0	   0,0306807	182,9
     34,7038	   0,0311529	181,8	   0,0305632	180,7
     34,7058	   0,0312021	181,1	   0,0305542	183,0
     34,7077	   0,0310465	180,3	   0,0302577	181,7
     34,7097	   0,0309043	182,8	   0,0303051	181,7
     34,7116	   0,0309498	182,4	   0,0301106	182,5
     34,7136	   0,0308194	181,7	   0,0302367	183,3
     34,7155	   0,0308996	180,9	    0,030249	182,3
     34,7175	   0,0307988	183,6	   0,0299692	183,8
     34,7195	   0,0307615	183,8	   0,0301583	184,0
     34,7214	   0,0307425	181,7	   0,0299967	185,0
     34,7234	   0,0303848	182,8	   0,0298517	182,4
     34,7253	    0,030373	185,5	    0,029954	185,4
     34,7273	   0,0303186	184,4	   0,0297028	184,8
     34,7292	   0,0302057	182,8	   0,0297855	184,7
     34,7312	   0,0302052	186,2	   0,0297326	184,6
     34,7331	   0,0301783	186,0	   0,0295595	186,8
     34,7351	   0,0301589	183,8	   0,0296328	186,6
      34,737	   0,0301961	183,5	   0,0293819	186,3
      34,739	   0,0299155	186,9	   0,0293328	184,7
      34,741	   0,0299886	186,4	   0,0293065	185,8
     34,7429	   0,0298149	184,4	   0,0292275	186,2
     34,7449	   0,0298815	187,7	   0,0293385	188,5
     34,7468	   0,0297936	188,1	   0,0291336	185,9
     34,7488	    0,029732	185,4	   0,0289588	188,5
     34,7507	   0,0295689	187,3	   0,0291462	187,2
     34,7527	   0,0296709	188,2	   0,0288237	186,1
     34,7546	   0,0293516	187,8	   0,0288461	187,8
     34,7566	    0,029424	186,2	   0,0288441	189,0
     34,7586	   0,0293528	187,3	   0,0284978	186,8
     34,7605	   0,0292386	187,8	   0,0286722	188,0
     34,7625	   0,0292791	188,1	   0,0285071	189,1
     34,7644	   0,0291469	186,8	   0,0284888	190,3
     34,7664	     0,02898	188,9	   0,0284652	188,5
     34,7683	   0,0291275	188,3	    0,028424	187,8
     34,7703	   0,0290953	190,5	    0,028564	190,0
     34,7722	    0,028881	187,5	    0,028202	191,6
     34,7742	   0,0287407	188,3	   0,0281793	188,6
     34,7761	   0,0287685	190,9	   0,0280966	190,2
     34,7781	   0,0287641	188,6	    0,028033	190,5
     34,7801	   0,0285258	189,1	   0,0280435	192,1
      34,782	   0,0285434	190,5	   0,0277545	191,9
      34,784	   0,0286269	189,7	    0,027888	189,5
     34,7859	   0,0286237	190,6	   0,0278116	192,4
     34,7879	    0,028304	190,0	   0,0276114	190,9
     34,7898	   0,0282483	192,4	   0,0276511	191,6
     34,7918	    0,028254	191,2	   0,0274983	190,0
     34,7937	   0,0281251	190,1	   0,0276517	192,8
     34,7957	   0,0280031	192,8	    0,027572	192,7
     34,7977	    0,027951	190,3	   0,0273758	191,5
     34,7996	   0,0279563	189,6	   0,0274349	192,3
     34,8016	   0,0278388	192,8	    0,027193	194,2
     34,8035	   0,0279661	192,6	   0,0272815	193,9
     34,8055	   0,0279374	192,3	   0,0271044	192,5
     34,8074	   0,0277039	192,6	   0,0269546	192,4
     34,8094	   0,0276136	193,4	   0,0270297	194,7
     34,8113	   0,0277543	192,1	   0,0268157	195,0
     34,8133	    0,027426	194,4	   0,0268499	192,4
     34,8153	   0,0273238	191,8	   0,0267737	194,7
     34,8172	   0,0273615	195,0	   0,0266354	195,0
     34,8192	   0,0272417	194,8	   0,0266243	192,9
     34,8211	   0,0271558	192,8	   0,0265519	193,7
     34,8231	   0,0271729	194,1	   0,0265656	194,3
      34,825	   0,0271318	194,6	   0,0264982	194,9
      34,827	   0,0269199	195,9	   0,0264028	194,8
     34,8289	   0,0270487	193,9	   0,0263483	194,6
     34,8309	   0,0267919	195,9	   0,0262911	198,2
     34,8328	   0,0267139	192,4	   0,0260436	195,4
     34,8348	   0,0266875	196,6	   0,0262817	194,6
     34,8368	   0,0266361	195,1	   0,0259288	195,9
     34,8387	   0,0264252	194,1	    0,025978	197,6
     34,8407	   0,0264417	196,9	   0,0258865	197,8
     34,8426	   0,0264675	195,2	   0,0257609	195,1
     34,8446	   0,0264295	196,6	   0,0257335	196,9
     34,8465	   0,0263541	196,9	   0,0256659	198,4
     34,8485	   0,0264222	197,2	   0,0257206	197,1
     34,8504	   0,0261742	195,2	   0,0256107	196,5
     34,8524	   0,0259967	197,8	    0,025407	198,8
     34,8544	   0,0261224	197,9	   0,0255589	199,9
     34,8563	    0,025919	196,1	   0,0251946	197,9
     34,8583	    0,025843	199,5	   0,0252049	195,8
     34,8602	   0,0257407	198,9	   0,0252775	198,7
     34,8622	   0,0255788	197,6	   0,0249994	199,4
     34,8641	   0,0257339	197,1	   0,0250804	197,4
     34,8661	   0,0255155	197,8	   0,0250349	-159,8
      34,868	   0,0255778	199,7	   0,0248328	-161,9
       34,87	   0,0255538	196,9	   0,0249344	-159,5
     34,8719	   0,0253945	199,7	    0,024766	-162,6
     34,8739	   0,0251965	197,9	     0,02461	-159,6
     34,8759	   0,0253243	198,3	   0,0247011	-158,4
     34,8778	   0,0251482	199,8	   0,0245294	-161,3
     34,8798	   0,0249986	198,4	   0,0244645	-159,6
     34,8817	   0,0251167	198,8	    0,024511	-161,6
     34,8837	   0,0248888	198,4	   0,0244652	-159,0
     34,8856	   0,0249215	-159,5	   0,0242907	-160,4
     34,8876	   0,0250245	-160,5	   0,0243207	-159,8
     34,8895	   0,0247778	-160,9	   0,0242539	-159,1
     34,8915	    0,024799	-158,1	   0,0240781	-158,3
     34,8935	   0,0247689	-159,4	   0,0239342	-159,8
     34,8954	   0,0245503	-159,9	   0,0240033	-159,2
     34,8974	   0,0246082	-159,7	   0,0238562	-156,9
     34,8993	   0,0243768	-158,2	   0,0237296	-160,3
     34,9013	   0,0242066	-160,6	     0,02384	-157,6
     34,9032	   0,0243186	-160,8	   0,0235638	-157,4
     34,9052	   0,0241657	-157,9	   0,0236019	-159,8
     34,9071	   0,0240438	-159,7	   0,0237492	-157,5
     34,9091	   0,0240824	-159,2	   0,0235352	-157,3
      34,911	   0,0239396	-156,6	   0,0234552	-156,8
      34,913	   0,0239093	-158,4	    0,023427	-156,3
      34,915	   0,0240559	-156,5	   0,0233707	-156,1
     34,9169	   0,0239743	-157,8	   0,0230793	-156,9
     34,9189	   0,0237606	-158,1	   0,0230596	-156,9
     34,9208	   0,0238412	-156,6	    0,023143	-155,1
     34,9228	   0,0237725	-157,4	   0,0229592	-157,5
     34,9247	   0,0236712	-156,0	   0,0228376	-156,4
     34,9267	   0,0235113	-159,1	   0,0228448	-157,9
     34,9286	   0,0234224	-156,7	    0,022779	-156,5
     34,9306	   0,0234816	-155,2	   0,0227279	-156,3
     34,9326	   0,0232932	-157,1	   0,0227367	-158,2
     34,9345	   0,0231361	-155,9	   0,0226567	-155,3
     34,9365	   0,0231919	-155,3	   0,0225841	-156,0
     34,9384	   0,0230637	-156,4	   0,0224948	-156,7
     34,9404	   0,0229832	-156,6	   0,0225166	-154,8
     34,9423	   0,0229102	-156,3	   0,0223663	-156,0
     34,9443	   0,0230433	-154,3	   0,0223089	-154,2
     34,9462	   0,0229585	-155,3	    0,022084	-156,8
     34,9482	   0,0227295	-155,1	   0,0220288	-153,5
     34,9501	   0,0226521	-155,0	   0,0220846	-153,3
     34,9521	   0,0227527	-154,2	   0,0219628	-154,7
     34,9541	   0,0224705	-154,8	   0,0219397	-153,7
      34,956	   0,0225578	-156,0	   0,0221286	-155,2
      34,958	   0,0223096	-152,5	   0,0216998	-155,2
     34,9599	   0,0223921	-155,9	   0,0217974	-154,5
     34,9619	    0,022135	-153,8	   0,0217737	-155,9
     34,9638	   0,0223124	-154,0	   0,0217298	-152,7
     34,9658	    0,022249	-155,2	   0,0215601	-154,2
     34,9677	   0,0219882	-152,8	   0,0213625	-155,4
     34,9697	   0,0221653	-152,3	   0,0214576	-151,7
     34,9717	   0,0220399	-155,2	   0,0214744	-153,5
     34,9736	   0,0218785	-152,7	   0,0213624	-151,7
     34,9756	   0,0219234	-151,6	   0,0213353	-152,4
     34,9775	   0,0218224	-154,8	   0,0212675	-153,9
     34,9795	    0,021644	-152,0	   0,0212692	-151,0
     34,9814	   0,0216234	-152,5	   0,0211362	-153,2
     34,9834	   0,0213761	-154,5	   0,0209778	-150,8
     34,9853	   0,0214514	-152,0	    0,020938	-154,5
     34,9873	   0,0215184	-152,1	    0,021029	-152,9
     34,9892	   0,0213111	-153,2	   0,0208671	-151,0
     34,9912	   0,0212259	-151,9	   0,0207371	-154,5
     34,9932	   0,0212536	-152,8	   0,0207212	-152,8
     34,9951	   0,0212737	-150,5	     0,02057	-150,3
     34,9971	   0,0209852	-151,3	   0,0206354	-153,1
      34,999	   0,0209158	-153,1	   0,0205286	-151,3
      35,001	   0,0209856	-151,2	   0,0204594	-152,2
     35,0029	   0,0208818	-151,9	   0,0203787	-151,4
     35,0049	   0,0211104	-149,2	   0,0205238	-152,4
     35,0068	   0,0207379	-150,7	   0,0202504	-152,6
     35,0088	   0,0207879	-151,4	   0,0203147	-150,5
     35,0108	     0,02067	-150,5	   0,0202555	-151,4
     35,0127	   0,0206963	-152,2	   0,0201174	-149,0
     35,0147	   0,0205613	-151,5	   0,0200209	-150,5
     35,0166	   0,0205137	-149,7	   0,0201994	-150,7
     35,0186	   0,0204683	-149,6	   0,0200397	-148,9
     35,0205	   0,0205562	-150,5	   0,0199346	-151,4
     35,0225	   0,0202265	-150,9	   0,0199604	-152,0
     35,0244	   0,0202142	-149,2	   0,0199232	-148,2
     35,0264	   0,0202508	-150,8	   0,0198169	-150,4
     35,0283	   0,0201857	-149,3	   0,0195356	-147,7
     35,0303	   0,0201976	-151,4	   0,0197312	-148,5
     35,0323	   0,0200489	-151,0	   0,0195862	-150,2
     35,0342	   0,0199339	-148,3	    0,019531	-148,5
     35,0362	   0,0200002	-148,9	   0,0193017	-150,7
     35,0381	   0,0199874	-149,7	   0,0194078	-150,6
     35,0401	   0,0197251	-149,8	   0,0192352	-147,8
      35,042	    0,019769	-147,7	   0,0191948	-151,0
      35,044	   0,0195857	-148,9	   0,0191826	-149,8
     35,0459	   0,0196705	-147,5	   0,0190673	-146,6
     35,0479	   0,0197616	-150,9	   0,0191005	-150,1
     35,0499	   0,0194485	-149,5	   0,0190922	-148,3
     35,0518	   0,0194848	-147,5	    0,018972	-146,8
     35,0538	   0,0195249	-149,4	    0,018814	-149,8
     35,0557	   0,0193202	-146,9	   0,0189361	-147,9
     35,0577	   0,0191889	-150,3	   0,0187942	-146,8
     35,0596	   0,0190755	-148,2	   0,0186839	-150,0
     35,0616	   0,0191628	-148,9	     0,01871	-146,6
     35,0635	   0,0191881	-146,5	   0,0186297	-149,4
     35,0655	   0,0191666	-148,7	   0,0186707	-146,4
     35,0674	   0,0189881	-147,9	   0,0184323	-147,1
     35,0694	    0,018872	-146,3	   0,0185151	-149,5
     35,0714	   0,0189392	-148,6	   0,0184952	-146,1
     35,0733	    0,018906	-146,2	   0,0182715	-146,4
     35,0753	   0,0187869	-148,8	    0,018238	-149,6
     35,0772	   0,0186445	-147,6	   0,0183654	-146,0
     35,0792	   0,0186423	-146,9	   0,0181758	-146,5
     35,0811	   0,0186675	-147,5	   0,0180747	-148,5
     35,0831	   0,0185741	-148,1	   0,0182277	-146,7
      35,085	   0,0185622	-147,9	    0,018204	-147,6
      35,087	   0,0185866	-144,3	   0,0181024	-144,7
      35,089	   0,0185579	-147,5	   0,0179002	-148,0
     35,0909	   0,0183328	-146,4	   0,0178416	-147,1
     35,0929	   0,0183383	-144,4	   0,0179677	-146,0
     35,0948	   0,0182865	-147,4	   0,0178271	-145,7
     35,0968	   0,0182287	-143,2	    0,017711	-145,2
     35,0987	   0,0180794	-145,2	   0,0175991	-143,0
     35,1007	   0,0180871	-147,2	   0,0175578	-146,3
     35,1026	   0,0182047	-144,6	   0,0175146	-148,0
     35,1046	   0,0178923	-145,3	   0,0176526	-140,6
     35,1065	   0,0178764	-146,3	   0,0172789	-146,3
     35,1085	   0,0179616	-145,2	   0,0173354	-145,4
     35,1105	   0,0176949	-143,6	   0,0173484	-147,8
     35,1124	   0,0178236	-146,6	    0,017389	-145,0
     35,1144	   0,0177099	-147,5	   0,0171484	-144,6
     35,1163	   0,0176221	-145,4	   0,0173319	-144,1
     35,1183	   0,0175368	-145,0	   0,0171278	-145,1
     35,1202	   0,0175818	-145,2	   0,0170419	-144,8
     35,1222	    0,017649	-145,0	   0,0170951	-145,4
     35,1241	   0,0175523	-144,6	   0,0170928	-145,2
     35,1261	   0,0172404	-147,4	   0,0171476	-145,9
     35,1281	   0,0172238	-143,9	    0,016859	-145,8
       35,13	   0,0173728	-143,9	   0,0167148	-145,4
      35,132	   0,0172201	-146,8	   0,0167682	-146,7
     35,1339	   0,0172339	-143,8	   0,0168163	-144,2
     35,1359	   0,0171672	-144,4	   0,0166895	-145,3
     35,1378	   0,0171662	-146,8	   0,0166241	-143,8
     35,1398	   0,0168927	-142,8	   0,0164903	-146,0
     35,1417	   0,0170115	-145,5	   0,0166013	-144,4
     35,1437	    0,017083	-143,4	   0,0164644	-146,2
     35,1456	   0,0169672	-145,2	    0,016449	-143,5
     35,1476	   0,0168915	-142,4	   0,0163203	-144,4
     35,1496	   0,0168378	-143,6	   0,0163325	-142,6
     35,1515	   0,0167307	-144,8	   0,0162717	-144,5
     35,1535	   0,0165845	-144,6	   0,0162004	-143,8
     35,1554	   0,0166192	-145,9	   0,0161271	-145,6
     35,1574	   0,0165927	-144,3	   0,0162149	-143,4
     35,1593	   0,0165921	-143,7	   0,0160991	-143,0
     35,1613	   0,0165812	-145,7	   0,0160396	-143,8
     35,1632	   0,0165708	-144,0	   0,0158972	-144,7
     35,1652	   0,0163603	-142,6	   0,0159384	-143,3
     35,1672	    0,016201	-142,8	   0,0159224	-143,4
     35,1691	   0,0162474	-144,3	   0,0159976	-143,7
     35,1711	   0,0162538	-142,3	   0,0158595	-142,6
      35,173	   0,0163468	-143,7	    0,015767	-142,7
      35,175	   0,0160603	-143,0	   0,0157236	-144,1
     35,1769	   0,0161446	-145,3	   0,0156199	-145,0
     35,1789	   0,0160399	-143,4	   0,0156543	-142,8
     35,1808	   0,0159937	-144,1	   0,0156987	-142,9
     35,1828	   0,0160061	-142,7	   0,0155645	-143,0
     35,1847	   0,0160613	-144,1	   0,0154037	-141,6
     35,1867	   0,0159361	-141,9	   0,0153704	-143,1
     35,1887	   0,0156559	-144,9	    0,015475	-144,0
     35,1906	    0,015739	-142,2	   0,0154422	-141,1
     35,1926	   0,0157182	-143,5	   0,0153792	-142,6
     35,1945	   0,0158233	-141,2	   0,0151969	-140,7
     35,1965	    0,015659	-144,0	   0,0151897	-143,8
     35,1984	   0,0155208	-141,7	   0,0149954	-141,6
     35,2004	   0,0156138	-140,8	   0,0150796	-144,8
     35,2023	   0,0154989	-141,9	   0,0150073	-142,7
     35,2043	   0,0155503	-141,6	   0,0150401	-142,0
     35,2063	   0,0154313	-141,6	   0,0149478	-142,1
     35,2082	   0,0153527	-143,8	   0,0147062	-143,9
     35,2102	   0,0152311	-143,9	   0,0149053	-141,0
     35,2121	   0,0153006	-140,4	   0,0147516	-142,8
     35,2141	   0,0151828	-142,1	   0,0150357	-140,1
      35,216	   0,0151954	-140,6	   0,0148608	-141,2
      35,218	   0,0151101	-142,3	   0,0147737	-140,7
     35,2199	   0,0150633	-140,9	   0,0147152	-141,4
     35,2219	   0,0149863	-143,2	   0,0146359	-142,7
     35,2239	   0,0149784	-141,8	   0,0146347	-141,5
     35,2258	   0,0150744	-142,7	   0,0147032	-140,4
     35,2278	    0,014877	-140,7	   0,0146089	-142,9
     35,2297	    0,014937	-142,8	   0,0143494	-141,7
     35,2317	     0,01487	-142,2	   0,0143415	-141,9
     35,2336	   0,0147919	-140,3	   0,0142761	-141,6
     35,2356	   0,0146638	-142,4	   0,0144058	-142,4
     35,2375	   0,0147068	-141,1	   0,0144352	-142,0
     35,2395	   0,0146651	-140,5	   0,0142051	-140,7
     35,2414	   0,0145927	-139,1	   0,0141864	-142,1
     35,2434	   0,0145661	-141,5	   0,0143025	-140,0
     35,2454	   0,0145349	-142,9	   0,0142565	-140,2
     35,2473	   0,0144885	-142,2	   0,0142978	-139,6
     35,2493	   0,0144845	-139,6	    0,014082	-141,2
     35,2512	    0,014503	-138,3	   0,0140944	-139,9
     35,2532	   0,0144265	-141,6	   0,0138565	-143,4
     35,2551	   0,0144403	-140,3	   0,0140028	-139,9
     35,2571	   0,0141527	-140,2	   0,0139615	-142,7
      35,259	   0,0143844	-138,6	   0,0140043	-139,8
      35,261	   0,0142805	-140,3	   0,0137622	-140,5
      35,263	   0,0143023	-138,6	   0,0136823	-141,5
     35,2649	   0,0140577	-140,9	   0,0136415	-142,4
     35,2669	   0,0141165	-140,3	   0,0136733	-140,1
     35,2688	   0,0139721	-142,5	   0,0138389	-139,4
     35,2708	   0,0140766	-141,2	   0,0137337	-138,9
     35,2727	   0,0140211	-139,6	   0,0136809	-141,0
     35,2747	   0,0140165	-139,6	   0,0135799	-138,5
     35,2766	   0,0140447	-141,7	   0,0136557	-140,3
     35,2786	   0,0138919	-138,8	   0,0135186	-140,9
     35,2805	   0,0139022	-138,3	   0,0136156	-139,9
     35,2825	   0,0136727	-138,8	   0,0133363	-141,2
     35,2845	   0,0136046	-141,9	   0,0134154	-139,7
     35,2864	   0,0136617	-140,8	   0,0134458	-141,5
     35,2884	   0,0136988	-138,2	   0,0134297	-140,5
     35,2903	   0,0137116	-138,1	   0,0132906	-139,4
     35,2923	   0,0136085	-141,4	   0,0131918	-139,9
     35,2942	   0,0134634	-139,8	   0,0133079	-138,1
     35,2962	   0,0134691	-138,7	   0,0133422	-139,8
     35,2981	   0,0134982	-141,9	   0,0132057	-138,3
     35,3001	   0,0135343	-139,7	   0,0130803	-139,6
     35,3021	   0,0133847	-139,0	   0,0130633	-139,9
      35,304	   0,0133989	-136,6	   0,0130651	-138,3
      35,306	   0,0132479	-139,1	    0,012826	-140,9
     35,3079	   0,0131952	-141,8	   0,0128523	-138,2
     35,3099	   0,0131371	-141,8	   0,0128924	-141,7
     35,3118	   0,0130935	-138,5	   0,0130081	-139,0
     35,3138	   0,0132794	-137,5	   0,0129752	-139,2
     35,3157	   0,0131493	-138,4	   0,0129429	-137,8
     35,3177	   0,0131404	-139,7	   0,0128327	-139,3
     35,3196	   0,0131031	-137,4	   0,0126911	-141,4
     35,3216	   0,0129058	-138,7	   0,0127925	-140,1
     35,3236	   0,0129652	-138,4	   0,0126903	-140,0
     35,3255	   0,0129363	-141,0	   0,0125951	-137,8
     35,3275	   0,0127854	-139,1	   0,0125829	-138,9
     35,3294	   0,0127773	-138,2	   0,0126104	-139,8
     35,3314	   0,0129399	-137,5	   0,0124578	-138,5
     35,3333	   0,0129147	-139,0	   0,0124205	-140,1
     35,3353	   0,0127714	-138,3	   0,0124136	-137,9
     35,3372	   0,0127293	-139,9	   0,0124301	-141,5
     35,3392	   0,0126575	-136,8	    0,012419	-140,1
     35,3412	   0,0126116	-139,2	   0,0123986	-139,3
     35,3431	   0,0125402	-138,1	    0,012295	-137,0
     35,3451	   0,0127109	-137,2	   0,0124681	-137,8
      35,347	   0,0125819	-137,9	    0,012362	-138,1
      35,349	   0,0125894	-138,2	   0,0121052	-138,4
     35,3509	   0,0124936	-139,9	   0,0120772	-138,6
     35,3529	   0,0124216	-138,1	    0,012153	-138,8
     35,3548	   0,0123671	-138,4	    0,012142	-140,8
     35,3568	    0,012299	-136,3	   0,0122026	-136,9
     35,3587	   0,0122822	-139,9	   0,0120423	-138,0
     35,3607	    0,012448	-137,6	   0,0120841	-136,6
     35,3627	    0,012286	-139,6	   0,0118755	-139,3
     35,3646	   0,0122886	-136,8	   0,0119926	-140,2
     35,3666	   0,0122247	-139,0	   0,0118623	-139,2
     35,3685	   0,0121593	-137,0	   0,0118445	-137,7
     35,3705	   0,0121635	-140,0	   0,0117708	-139,1
     35,3724	   0,0121024	-137,7	   0,0119546	-138,5
     35,3744	   0,0121168	-136,9	   0,0119066	-138,3
     35,3763	   0,0121677	-135,9	   0,0117638	-136,9
     35,3783	   0,0120454	-137,8	   0,0118042	-135,8
     35,3803	   0,0120676	-138,0	   0,0117238	-138,1
     35,3822	    0,012063	-136,5	   0,0115889	-137,1
     35,3842	    0,011844	-138,1	   0,0114526	-139,5
     35,3861	   0,0118538	-137,0	   0,0114828	-137,4
     35,3881	   0,0117168	-137,8	   0,0116468	-139,3
       35,39	   0,0118076	-140,0	    0,011571	-136,1
      35,392	   0,0116608	-136,7	   0,0115391	-137,3
     35,3939	   0,0118839	-136,9	   0,0115185	-139,8
     35,3959	    0,011752	-135,2	   0,0114338	-135,6
     35,3979	   0,0116027	-136,9	   0,0114134	-137,9
     35,3998	   0,0115864	-138,0	   0,0113639	-137,6
     35,4018	   0,0114811	-139,3	   0,0112072	-139,9
     35,4037	   0,0114473	-136,6	   0,0111616	-137,4
     35,4057	   0,0117028	-135,3	   0,0112226	-138,6
     35,4076	   0,0114514	-135,6	    0,011129	-137,9
     35,4096	   0,0114759	-138,0	   0,0111643	-137,1
     35,4115	   0,0114852	-135,2	   0,0112131	-139,6
     35,4135	   0,0115312	-138,9	    0,011233	-137,7
     35,4154	   0,0113605	-137,4	     0,01097	-136,9
     35,4174	   0,0114367	-135,9	   0,0110504	-139,3
     35,4194	   0,0113341	-137,5	   0,0110012	-137,4
     35,4213	   0,0113617	-137,0	   0,0110848	-138,1
     35,4233	   0,0110988	-139,6	   0,0111279	-137,0
     35,4252	    0,011189	-137,9	   0,0110251	-134,8
     35,4272	   0,0110642	-137,6	   0,0110556	-136,7
     35,4291	    0,011064	-138,5	   0,0108988	-135,7
     35,4311	   0,0109923	-137,7	   0,0107682	-138,8
      35,433	   0,0111369	-136,7	   0,0108326	-138,2
      35,435	   0,0110097	-134,5	    0,010822	-138,6
      35,437	   0,0110586	-136,5	   0,0109417	-136,2
     35,4389	   0,0110275	-136,0	   0,0108729	-138,6
     35,4409	   0,0109776	-136,3	   0,0106945	-139,0
     35,4428	   0,0109958	-138,2	   0,0106803	-135,7
     35,4448	   0,0110005	-136,1	   0,0107572	-138,6
     35,4467	    0,010707	-138,6	    0,010728	-133,9
     35,4487	   0,0107506	-137,6	   0,0105382	-137,4
     35,4506	    0,010734	-136,9	    0,010525	-136,1
     35,4526	   0,0106503	-138,4	   0,0104944	-138,8
     35,4545	   0,0107802	-136,4	   0,0104702	-137,0
     35,4565	   0,0108662	-137,3	   0,0105052	-135,4
     35,4585	   0,0107583	-133,6	   0,0103563	-138,9
     35,4604	   0,0106808	-136,3	   0,0104852	-136,2
     35,4624	   0,0106973	-136,1	    0,010337	-139,2
     35,4643	   0,0106653	-134,8	   0,0105119	-134,4
     35,4663	   0,0105868	-137,4	    0,010479	-137,8
     35,4682	   0,0106274	-134,4	   0,0104177	-136,1
     35,4702	   0,0104871	-138,3	   0,0104476	-135,1
     35,4721	     0,01041	-137,5	   0,0104142	-136,1
     35,4741	    0,010409	-138,0	   0,0102174	-140,2
     35,4761	   0,0103567	-139,3	    0,010145	-139,0
      35,478	   0,0103302	-135,6	   0,0102315	-137,5
       35,48	   0,0103405	-136,2	   0,0102972	-136,5
     35,4819	   0,0103609	-135,0	   0,0103012	-134,8
     35,4839	   0,0102205	-135,9	   0,0102238	-136,0
     35,4858	   0,0102037	-136,3	   0,0100194	-135,2
     35,4878	   0,0102941	-134,5	   0,0100213	-138,1
     35,4897	   0,0101602	-137,3	   0,0102204	-137,6
     35,4917	   0,0102413	-136,3	   0,0100803	-138,5
     35,4936	    0,010198	-136,3	  0,00997975	-137,1
     35,4956	   0,0102195	-135,8	  0,00996232	-135,8
     35,4976	   0,0102409	-133,6	   0,0102213	-133,8
     35,4995	   0,0102216	-136,7	   0,0100415	-137,0
     35,5015	   0,0100675	-136,4	  0,00994459	-136,6
     35,5034	  0,00982157	-139,9	  0,00982061	-138,8
     35,5054	   0,0100792	-138,4	  0,00982391	-137,9
     35,5073	  0,00995338	-137,5	   0,0098375	-135,2
     35,5093	  0,00994243	-137,2	  0,00974346	-137,8
     35,5112	  0,00982106	-136,0	  0,00976253	-135,9
     35,5132	  0,00980939	-136,1	   0,0097875	-137,1
     35,5152	  0,00987325	-134,1	  0,00967879	-139,1
     35,5171	   0,0099513	-136,2	  0,00974959	-136,4
     35,5191	   0,0098163	-136,2	  0,00979313	-136,1
      35,521	  0,00984512	-135,2	   0,0097397	-134,2
      35,523	  0,00985642	-136,8	   0,0096628	-137,6
     35,5249	   0,0098413	-135,4	  0,00959137	-135,5
     35,5269	  0,00978033	-133,7	  0,00953612	-137,8
     35,5288	  0,00974997	-136,7	  0,00956886	-136,7
     35,5308	  0,00961512	-135,7	  0,00971091	-139,6
     35,5327	  0,00966257	-137,5	  0,00959851	-137,6
     35,5347	  0,00969179	-136,6	  0,00958999	-137,5
     35,5367	    0,009507	-136,9	  0,00959169	-134,5
     35,5386	  0,00944316	-137,9	  0,00949374	-135,7
     35,5406	  0,00960349	-136,9	  0,00936092	-135,7
     35,5425	  0,00944708	-135,4	  0,00929504	-138,0
     35,5445	  0,00961316	-134,3	  0,00937844	-136,6
     35,5464	  0,00937566	-136,8	   0,0095043	-135,9
     35,5484	  0,00938771	-136,8	  0,00941908	-135,8
     35,5503	  0,00929966	-139,2	  0,00933212	-135,4
     35,5523	  0,00937887	-136,4	  0,00930118	-135,7
     35,5543	  0,00930361	-136,6	  0,00931115	-133,9
     35,5562	  0,00930467	-137,0	  0,00933392	-135,5
     35,5582	  0,00916974	-136,0	  0,00921194	-137,3
     35,5601	  0,00927476	-136,1	  0,00910828	-138,5
     35,5621	  0,00928725	-133,3	  0,00909904	-138,9
      35,564	  0,00911117	-136,7	  0,00906249	-135,3
      35,566	  0,00927873	-133,7	  0,00908601	-138,8
     35,5679	  0,00930933	-136,5	  0,00900847	-136,6
     35,5699	  0,00940708	-136,9	  0,00895734	-135,7
     35,5718	  0,00914483	-134,3	  0,00894133	-137,7
     35,5738	  0,00912984	-137,9	  0,00901649	-135,6
     35,5758	  0,00920896	-135,0	  0,00891659	-137,1
     35,5777	  0,00907668	-133,7	  0,00890381	-139,5
     35,5797	  0,00905447	-136,9	   0,0089416	-137,2
     35,5816	  0,00907507	-135,4	  0,00890462	-138,1
     35,5836	  0,00915694	-137,3	  0,00880026	-138,3
     35,5855	  0,00894464	-137,2	  0,00886402	-136,8
     35,5875	  0,00887205	-136,6	  0,00880282	-135,5
     35,5894	  0,00890834	-138,1	   0,0088147	-134,9
     35,5914	  0,00889003	-137,3	  0,00882707	-136,9
     35,5934	  0,00873427	-136,8	  0,00873739	-137,6
     35,5953	   0,0088036	-136,6	  0,00875519	-137,2
     35,5973	  0,00875016	-134,9	  0,00879079	-136,4
     35,5992	   0,0087475	-136,5	  0,00857985	-139,9
     35,6012	  0,00877426	-134,2	  0,00866641	-137,8
     35,6031	  0,00875732	-134,9	  0,00872554	-136,1
     35,6051	  0,00865589	-138,1	  0,00858881	-134,1
      35,607	  0,00863141	-138,0	  0,00867241	-135,1
      35,609	  0,00879266	-134,2	  0,00854023	-137,3
     35,6109	  0,00855904	-138,3	  0,00857162	-136,7
     35,6129	  0,00845738	-136,9	  0,00860088	-136,5
     35,6149	  0,00856763	-137,4	  0,00871048	-136,7
     35,6168	  0,00861835	-134,4	  0,00849142	-138,2
     35,6188	  0,00854108	-135,0	  0,00844796	-137,9
     35,6207	  0,00851373	-136,6	  0,00851712	-135,2
     35,6227	  0,00840051	-136,7	  0,00841936	-139,0
     35,6246	  0,00843597	-133,7	  0,00838726	-136,4
     35,6266	  0,00837327	-134,4	  0,00835198	-136,6
     35,6285	  0,00845851	-137,2	  0,00836684	-137,7
     35,6305	  0,00848777	-138,2	  0,00837669	-136,2
     35,6325	  0,00848642	-135,5	  0,00835414	-138,1
     35,6344	  0,00826013	-139,0	    0,008392	-138,3
     35,6364	  0,00831068	-137,0	  0,00832433	-136,9
     35,6383	  0,00848052	-136,0	  0,00838181	-138,6
     35,6403	  0,00845502	-132,8	  0,00824015	-140,0
     35,6422	  0,00838973	-134,2	  0,00824095	-136,3
     35,6442	   0,0083828	-135,4	  0,00811235	-134,2
     35,6461	  0,00831737	-132,9	  0,00831899	-134,0
     35,6481	  0,00828797	-134,5	  0,00814778	-138,4
       35,65	  0,00813988	-136,5	   0,0080092	-136,7
      35,652	  0,00802447	-137,9	  0,00821452	-136,2
      35,654	  0,00801867	-136,8	  0,00817021	-136,5
     35,6559	  0,00811163	-137,4	  0,00825524	-137,2
     35,6579	  0,00810529	-137,2	  0,00819485	-135,4
     35,6598	  0,00798844	-135,1	  0,00814727	-136,9
     35,6618	  0,00808627	-137,2	  0,00813022	-136,4
     35,6637	  0,00805306	-136,5	  0,00812422	-137,6
     35,6657	  0,00802244	-136,7	  0,00814687	-136,7
     35,6676	  0,00797407	-135,6	  0,00814447	-135,3
     35,6696	  0,00791214	-136,1	  0,00810144	-135,4
     35,6716	  0,00804303	-134,7	  0,00803009	-135,8
     35,6735	   0,0078439	-137,2	  0,00797529	-137,9
     35,6755	  0,00792812	-138,7	  0,00804128	-135,9
     35,6774	  0,00778941	-134,9	  0,00797103	-137,5
     35,6794	  0,00795265	-134,9	  0,00785298	-137,9
     35,6813	  0,00802348	-135,8	  0,00800893	-136,9
     35,6833	  0,00794208	-136,1	  0,00792548	-137,6
     35,6852	  0,00786156	-134,5	  0,00777949	-139,5
     35,6872	  0,00782482	-133,4	  0,00794853	-136,1
     35,6891	  0,00789541	-136,4	  0,00781168	-138,2
     35,6911	  0,00773094	-137,0	  0,00783429	-137,3
     35,6931	  0,00766416	-135,0	  0,00807766	-135,9
      35,695	  0,00761794	-136,2	  0,00777965	-137,6
      35,697	  0,00756362	-137,4	  0,00767215	-137,0
     35,6989	  0,00755665	-138,1	  0,00762368	-136,6
     35,7009	  0,00773017	-135,4	  0,00786479	-138,0
     35,7028	   0,0077348	-134,3	   0,0077564	-135,5
     35,7048	  0,00769204	-135,9	  0,00753087	-135,7
     35,7067	  0,00771965	-136,4	  0,00763503	-137,6
     35,7087	   0,0076638	-132,8	   0,0078371	-136,7
     35,7107	  0,00757826	-133,7	  0,00762227	-136,9
     35,7126	     0,00756	-136,7	   0,0075706	-137,2
     35,7146	  0,00765845	-134,4	  0,00761615	-135,7
     35,7165	  0,00766926	-135,1	  0,00755377	-136,3
     35,7185	  0,00759716	-136,8	  0,00751824	-134,7
     35,7204	  0,00747214	-135,6	  0,00759967	-134,6
     35,7224	  0,00727191	-138,5	  0,00757699	-136,4
     35,7243	  0,00748277	-139,2	  0,00745798	-138,0
     35,7263	   0,0075235	-137,7	  0,00739129	-134,4
     35,7282	   0,0073774	-138,2	  0,00748814	-137,5
     35,7302	  0,00741413	-134,8	  0,00737494	-139,2
     35,7322	  0,00734639	-139,3	  0,00738056	-137,9
     35,7341	  0,00733638	-135,9	  0,00738242	-137,8
     35,7361	  0,00725933	-139,5	  0,00732309	-138,4
      35,738	  0,00739655	-133,2	  0,00738103	-136,6
       35,74	  0,00746794	-137,3	  0,00739387	-138,3
     35,7419	   0,0073991	-135,3	  0,00728407	-136,7
     35,7439	  0,00741224	-134,1	  0,00719331	-137,8
     35,7458	  0,00726692	-136,2	  0,00729351	-136,4
     35,7478	  0,00724615	-135,7	  0,00724173	-137,7
     35,7498	  0,00720699	-135,8	  0,00725566	-137,6
     35,7517	  0,00712861	-135,2	  0,00704125	-137,0
     35,7537	  0,00719175	-137,6	  0,00717795	-137,6
     35,7556	  0,00722875	-137,0	  0,00717309	-137,4
     35,7576	  0,00708769	-136,8	  0,00709544	-138,3
     35,7595	  0,00712821	-137,2	   0,0072114	-137,4
     35,7615	  0,00730281	-135,8	  0,00709124	-138,3
     35,7634	    0,007027	-135,7	  0,00700932	-136,1
     35,7654	  0,00702719	-138,8	  0,00709093	-137,1
     35,7673	  0,00701129	-137,0	  0,00638088	-132,3
     35,7693	  0,00709434	-137,0	  0,00732405	-143,9
     35,7713	  0,00699255	-139,3	   0,0071333	-136,6
     35,7732	  0,00702004	-139,2	  0,00779856	-142,7
     35,7752	  0,00702706	-138,5	  0,00537787	-135,6
     35,7771	  0,00693535	-138,2	  0,00733181	-137,8
     35,7791	   0,0071014	-136,9	  0,00684679	-144,1
      35,781	  0,00694851	-138,0	  0,00687135	-138,9
      35,783	  0,00696247	-137,7	  0,00679379	-141,0
     35,7849	  0,00706303	-135,8	  0,00689864	-138,1
     35,7869	  0,00701453	-138,1	  0,00686784	-139,4
     35,7889	  0,00714164	-133,6	  0,00690087	-139,6
     35,7908	  0,00686701	-136,4	  0,00684759	-137,1
     35,7928	  0,00690266	-137,4	  0,00679813	-137,5
     35,7947	  0,00689574	-134,6	  0,00683757	-135,6
     35,7967	  0,00696456	-134,5	  0,00690407	-137,9
     35,7986	  0,00687179	-138,9	   0,0066161	-140,5
     35,8006	   0,0066991	-140,1	  0,00673085	-138,1
     35,8025	  0,00675575	-137,1	  0,00655424	-139,4
     35,8045	  0,00663497	-138,0	  0,00656617	-137,1
     35,8064	  0,00678549	-139,4	  0,00666471	-137,0
     35,8084	  0,00673501	-138,8	  0,00676038	-137,1
     35,8104	   0,0066791	-137,8	  0,00673913	-139,1
     35,8123	  0,00679165	-138,8	  0,00637714	-140,6
     35,8143	  0,00685701	-138,3	  0,00658352	-139,5
     35,8162	  0,00674062	-135,5	   0,0066152	-140,0
     35,8182	  0,00680231	-137,6	  0,00670519	-137,7
     35,8201	  0,00671624	-137,5	  0,00670651	-137,9
     35,8221	  0,00661727	-138,6	  0,00653437	-140,5
      35,824	  0,00672662	-134,2	  0,00644019	-139,3
      35,826	  0,00665626	-136,9	  0,00655334	-139,3
      35,828	  0,00649489	-140,2	   0,0064957	-139,7
     35,8299	  0,00657668	-142,0	  0,00646776	-138,5
     35,8319	  0,00653178	-137,5	  0,00657512	-136,2
     35,8338	  0,00654039	-138,9	  0,00650088	-137,0
     35,8358	  0,00658385	-139,6	  0,00644698	-137,5
     35,8377	  0,00642208	-137,6	  0,00655961	-140,0
     35,8397	  0,00663459	-137,6	  0,00653643	-140,9
     35,8416	  0,00661717	-136,3	  0,00647103	-137,5
     35,8436	  0,00649255	-138,0	   0,0064369	-140,5
     35,8456	  0,00650417	-136,0	  0,00626326	-140,0
     35,8475	  0,00650645	-135,3	  0,00648375	-137,2
     35,8495	  0,00634696	-138,8	  0,00626331	-138,5
     35,8514	  0,00656024	-135,4	  0,00627453	-138,5
     35,8534	  0,00642311	-135,3	  0,00633023	-137,6
     35,8553	  0,00632879	-138,0	  0,00634455	-138,3
     35,8573	  0,00634558	-139,1	   0,0063843	-137,2
     35,8592	  0,00621697	-136,3	  0,00632839	-138,7
     35,8612	  0,00631612	-138,5	  0,00625183	-141,0
     35,8631	  0,00642176	-135,6	  0,00631795	-136,6
     35,8651	  0,00646875	-138,4	  0,00626694	-140,2
     35,8671	  0,00643032	-135,6	  0,00615182	-137,6
      35,869	  0,00627308	-136,3	  0,00623985	-136,2
      35,871	  0,00636805	-137,1	  0,00618061	-139,2
     35,8729	  0,00622034	-139,3	  0,00632208	-135,6
     35,8749	  0,00623043	-138,3	  0,00622013	-136,1
     35,8768	  0,00619572	-139,5	  0,00615204	-139,8
     35,8788	  0,00619678	-137,0	  0,00614738	-141,7
     35,8807	  0,00631379	-135,4	  0,00607227	-138,6
     35,8827	  0,00614672	-140,7	  0,00606699	-138,4
     35,8847	  0,00634527	-138,5	  0,00607402	-136,7
     35,8866	  0,00606562	-140,7	  0,00618063	-136,5
     35,8886	  0,00606675	-140,5	  0,00615567	-136,4
     35,8905	  0,00622806	-136,3	  0,00612437	-136,8
     35,8925	  0,00613648	-140,1	  0,00602581	-138,7
     35,8944	  0,00613607	-140,6	  0,00622607	-138,8
     35,8964	  0,00609312	-137,7	  0,00602409	-138,8
     35,8983	  0,00615927	-136,9	   0,0058902	-141,0
     35,9003	  0,00603829	-137,8	  0,00594902	-137,0
     35,9022	  0,00602919	-141,7	  0,00589795	-142,1
     35,9042	   0,0060076	-141,4	  0,00603951	-139,8
     35,9062	  0,00605151	-137,7	  0,00607398	-137,6
     35,9081	  0,00609452	-138,1	  0,00602724	-138,7
     35,9101	  0,00604629	-135,9	   0,0059557	-138,6
      35,912	  0,00591745	-138,0	  0,00595876	-141,1
      35,914	  0,00598826	-138,1	   0,0058532	-140,8
     35,9159	  0,00599952	-136,8	  0,00603786	-140,1
     35,9179	   0,0059313	-139,1	  0,00606684	-140,6
     35,9198	  0,00591552	-138,7	  0,00577218	-140,2
     35,9218	  0,00589807	-135,3	  0,00587666	-139,8
     35,9238	  0,00605922	-139,3	   0,0057286	-138,6
     35,9257	  0,00576649	-140,0	  0,00598056	-136,4
     35,9277	  0,00576832	-139,4	  0,00589904	-139,1
     35,9296	  0,00590438	-140,5	  0,00590856	-142,3
     35,9316	  0,00593447	-137,9	  0,00582723	-139,7
     35,9335	  0,00591823	-139,7	  0,00569997	-140,3
     35,9355	  0,00592315	-139,4	  0,00584616	-139,9
     35,9374	  0,00568567	-142,9	   0,0057206	-142,6
     35,9394	  0,00583637	-137,5	  0,00575639	-139,0
     35,9413	  0,00567645	-139,6	  0,00584721	-138,1
     35,9433	  0,00565163	-142,1	  0,00567069	-140,2
     35,9453	  0,00574414	-137,9	  0,00579192	-141,1
     35,9472	  0,00573596	-140,0	  0,00560595	-143,1
     35,9492	   0,0058003	-137,2	  0,00580284	-140,1
     35,9511	  0,00578856	-137,6	   0,0058224	-137,4
     35,9531	  0,00570167	-141,4	  0,00570729	-139,1
      35,955	  0,00565132	-140,7	  0,00587073	-138,9
      35,957	   0,0056165	-141,0	  0,00568956	-140,5
     35,9589	  0,00579436	-138,6	  0,00579294	-136,4
     35,9609	  0,00569035	-137,5	  0,00548652	-140,1
     35,9629	  0,00574633	-140,0	  0,00561213	-139,9
     35,9648	  0,00553946	-142,6	   0,0056951	-137,7
     35,9668	  0,00553688	-143,0	  0,00563021	-138,8
     35,9687	  0,00565521	-142,1	  0,00557434	-143,0
     35,9707	  0,00559178	-139,0	  0,00562114	-142,2
     35,9726	  0,00564424	-136,7	  0,00552157	-140,2
     35,9746	  0,00559308	-140,0	  0,00560141	-143,2
     35,9765	  0,00544964	-141,8	  0,00551306	-143,2
     35,9785	  0,00563838	-141,4	  0,00559181	-140,1
     35,9804	  0,00547549	-141,0	  0,00556352	-138,0
     35,9824	  0,00549414	-140,8	  0,00553282	-138,8
     35,9844	  0,00547952	-143,0	  0,00555187	-141,3
     35,9863	  0,00554365	-140,3	  0,00546641	-138,9
     35,9883	   0,0056701	-138,6	  0,00560896	-139,2
     35,9902	  0,00543072	-139,4	  0,00547932	-141,9
     35,9922	  0,00549465	-140,4	  0,00541551	-143,2
     35,9941	  0,00542518	-143,4	  0,00541502	-142,8
     35,9961	   0,0054495	-143,3	  0,00535448	-140,1
      35,998	  0,00537175	-140,8	  0,00551431	-138,9
          36	  0,00533484	-139,9	  0,00562003	-137,7

