X-Data [Hz]	Laser (M - Filtered) [m/s]	Phase [Deg]	Laser (M - Filtered) [m/s]	Phase [Deg]	
	002: [06-25-24 12:56]		003: [06-25-24 13:04]	
          31	  0,00524991	74,3	   0,0061554	71,3
      31,002	  0,00625295	72,1	  0,00622068	72,3
     31,0039	  0,00584918	76,2	  0,00623178	74,7
     31,0059	  0,00633895	71,5	  0,00625638	73,0
     31,0078	  0,00605994	74,7	  0,00620771	74,1
     31,0098	  0,00635068	71,9	  0,00625149	75,5
     31,0117	  0,00611407	75,5	  0,00623895	71,6
     31,0137	  0,00624033	72,8	  0,00624225	77,2
     31,0156	  0,00617194	74,9	   0,0062941	72,2
     31,0176	  0,00626889	74,7	  0,00623388	71,2
     31,0196	  0,00630216	73,7	  0,00631117	74,4
     31,0215	  0,00624539	74,1	  0,00623251	72,6
     31,0235	  0,00623417	71,0	  0,00630499	72,7
     31,0254	  0,00624205	74,5	  0,00623963	75,4
     31,0274	  0,00629964	71,9	  0,00632634	71,5
     31,0293	  0,00626971	74,3	  0,00633318	77,5
     31,0313	  0,00633108	72,1	  0,00632692	73,1
     31,0332	  0,00628662	74,0	  0,00632505	74,3
     31,0352	  0,00629853	72,5	  0,00631411	74,6
     31,0371	  0,00626266	74,5	  0,00627999	72,9
     31,0391	  0,00636639	73,7	  0,00639614	75,8
     31,0411	  0,00633316	73,6	  0,00629607	74,0
      31,043	  0,00634926	72,3	  0,00640729	72,2
      31,045	  0,00638432	74,6	  0,00630521	72,6
     31,0469	  0,00634603	72,2	  0,00639286	74,5
     31,0489	  0,00640141	74,6	  0,00630695	69,9
     31,0508	  0,00635786	72,0	  0,00643135	74,1
     31,0528	   0,0063748	73,9	  0,00635272	74,6
     31,0547	  0,00641421	74,6	  0,00645784	71,7
     31,0567	  0,00636885	71,9	  0,00636857	74,7
     31,0587	  0,00644254	74,8	  0,00648245	70,8
     31,0606	  0,00636884	72,7	  0,00641391	74,0
     31,0626	  0,00644849	75,1	  0,00646556	75,4
     31,0645	  0,00637166	71,8	  0,00644826	74,2
     31,0665	  0,00648068	74,7	  0,00645146	72,9
     31,0684	  0,00636367	72,0	  0,00647999	74,0
     31,0704	  0,00651085	73,8	  0,00640694	70,7
     31,0723	  0,00637854	72,6	  0,00647308	74,6
     31,0743	  0,00646726	73,6	  0,00646558	72,0
     31,0762	   0,0064502	74,2	  0,00647909	71,4
     31,0782	  0,00651435	73,6	  0,00645134	74,6
     31,0802	  0,00645677	75,7	  0,00649619	72,8
     31,0821	  0,00657807	71,0	  0,00653702	72,4
     31,0841	  0,00641661	74,2	   0,0066203	73,8
      31,086	  0,00658208	72,8	  0,00644628	75,3
      31,088	  0,00645494	73,6	  0,00657755	73,0
     31,0899	  0,00659037	73,5	  0,00655925	73,6
     31,0919	  0,00645761	72,8	  0,00653844	73,8
     31,0938	  0,00651999	74,1	  0,00652332	73,2
     31,0958	  0,00652977	75,6	  0,00660486	76,6
     31,0978	  0,00655201	73,4	  0,00648903	72,1
     31,0997	  0,00655771	74,1	  0,00663362	76,5
     31,1017	  0,00658757	73,0	  0,00656826	75,4
     31,1036	  0,00660232	75,2	  0,00663187	72,1
     31,1056	  0,00656625	72,9	  0,00650899	73,3
     31,1075	  0,00658215	74,9	  0,00661043	74,6
     31,1095	  0,00664829	76,4	   0,0065792	72,0
     31,1114	  0,00659296	73,5	  0,00662406	75,4
     31,1134	  0,00665933	75,7	  0,00658686	74,6
     31,1153	  0,00662812	73,1	  0,00659659	71,3
     31,1173	  0,00662435	76,0	  0,00668957	75,4
     31,1193	   0,0066342	73,1	   0,0066403	73,3
     31,1212	  0,00663964	73,9	  0,00668042	72,3
     31,1232	  0,00673972	74,2	  0,00671627	73,2
     31,1251	  0,00662792	73,3	  0,00666617	76,2
     31,1271	  0,00671555	76,0	  0,00671068	73,1
      31,129	  0,00671561	72,9	  0,00670877	73,8
      31,131	  0,00666003	73,3	  0,00667846	75,2
     31,1329	  0,00675626	76,3	  0,00670517	72,9
     31,1349	   0,0066909	70,8	  0,00673143	74,9
     31,1369	  0,00671201	75,7	  0,00674807	73,5
     31,1388	  0,00676503	70,8	   0,0067343	72,2
     31,1408	  0,00670298	76,3	  0,00677382	76,1
     31,1427	  0,00674437	71,7	  0,00673197	75,7
     31,1447	  0,00680378	75,1	   0,0067753	72,5
     31,1466	  0,00672107	76,4	  0,00676718	72,0
     31,1486	  0,00677699	72,7	  0,00681607	74,9
     31,1505	  0,00680726	74,8	  0,00676413	72,8
     31,1525	  0,00675989	75,3	  0,00678691	75,2
     31,1544	  0,00683532	73,1	  0,00685108	74,4
     31,1564	  0,00678569	75,7	  0,00680766	72,4
     31,1584	  0,00685235	72,1	  0,00686727	71,9
     31,1603	   0,0068298	75,5	  0,00687831	75,1
     31,1623	  0,00685219	72,4	  0,00678668	74,7
     31,1642	  0,00678412	75,4	  0,00693016	73,6
     31,1662	  0,00689558	73,7	  0,00683322	76,1
     31,1681	  0,00689419	71,4	  0,00694252	70,8
     31,1701	  0,00679845	76,8	  0,00689879	74,8
      31,172	  0,00697478	72,4	  0,00694812	73,8
      31,174	  0,00680132	74,4	  0,00685946	71,6
      31,176	  0,00695635	73,8	  0,00689985	71,8
     31,1779	  0,00690835	74,4	  0,00697288	73,6
     31,1799	  0,00698107	74,5	  0,00687757	74,0
     31,1818	  0,00693312	71,9	  0,00703484	72,1
     31,1838	  0,00695679	72,3	  0,00689771	76,5
     31,1857	  0,00691253	75,3	  0,00695595	74,0
     31,1877	   0,0069687	73,3	  0,00701043	72,4
     31,1896	  0,00694351	75,6	  0,00695596	74,7
     31,1916	  0,00699624	72,7	  0,00704259	72,7
     31,1935	  0,00700453	74,8	   0,0069752	71,5
     31,1955	  0,00701829	75,9	  0,00702586	72,2
     31,1975	   0,0069689	73,1	  0,00702708	76,1
     31,1994	  0,00705303	76,0	  0,00700975	74,1
     31,2014	    0,007064	74,5	  0,00702544	72,9
     31,2033	  0,00691551	73,0	  0,00700305	76,0
     31,2053	  0,00713396	75,5	   0,0070442	74,8
     31,2072	   0,0069711	71,1	  0,00702072	71,3
     31,2092	  0,00707202	76,6	  0,00713188	76,5
     31,2111	  0,00710594	72,7	  0,00710276	74,5
     31,2131	  0,00698968	77,5	  0,00710129	72,8
     31,2151	  0,00716508	75,1	  0,00712444	71,7
      31,217	  0,00705506	72,8	  0,00715788	74,3
      31,219	  0,00721441	74,0	  0,00715527	74,8
     31,2209	  0,00714613	74,5	  0,00716252	74,0
     31,2229	  0,00717182	71,9	  0,00717738	77,3
     31,2248	  0,00711487	75,9	  0,00717038	76,0
     31,2268	  0,00719323	74,3	  0,00715714	72,8
     31,2287	  0,00715691	75,0	  0,00721471	75,3
     31,2307	   0,0072157	75,5	  0,00722796	74,7
     31,2326	  0,00720166	72,1	  0,00717005	73,6
     31,2346	  0,00720533	71,5	  0,00719655	72,7
     31,2366	  0,00721177	75,8	  0,00720944	73,2
     31,2385	  0,00723785	73,8	  0,00730608	75,3
     31,2405	  0,00721858	74,6	   0,0072424	73,5
     31,2424	  0,00726623	72,4	  0,00720412	73,0
     31,2444	  0,00724654	73,9	  0,00732855	75,9
     31,2463	  0,00726115	74,9	  0,00722283	72,4
     31,2483	  0,00728581	72,3	  0,00740586	74,9
     31,2502	  0,00731644	75,2	  0,00728825	73,7
     31,2522	  0,00735102	74,5	  0,00730125	75,0
     31,2542	  0,00727023	73,6	  0,00736638	72,4
     31,2561	  0,00729823	72,9	  0,00736015	73,5
     31,2581	  0,00737229	74,8	  0,00734114	75,0
       31,26	  0,00727002	71,9	  0,00734105	71,0
      31,262	  0,00743638	74,2	  0,00737631	73,5
     31,2639	  0,00738575	73,1	   0,0073561	75,8
     31,2659	  0,00733853	72,9	  0,00740683	75,4
     31,2678	  0,00746357	76,3	  0,00742116	73,5
     31,2698	  0,00741682	76,3	  0,00735531	72,2
     31,2717	  0,00736142	72,5	  0,00750282	75,5
     31,2737	  0,00749793	75,2	  0,00742495	75,8
     31,2757	  0,00736077	73,9	  0,00744837	71,9
     31,2776	  0,00748411	73,5	  0,00753323	74,2
     31,2796	  0,00742649	75,7	  0,00744148	75,3
     31,2815	  0,00750569	73,3	  0,00748605	74,4
     31,2835	  0,00753162	74,2	  0,00748835	73,4
     31,2854	  0,00742723	74,4	  0,00754496	75,9
     31,2874	  0,00759601	74,7	  0,00755497	74,4
     31,2893	  0,00748257	71,1	  0,00750528	75,6
     31,2913	  0,00750623	75,2	  0,00756868	71,3
     31,2933	  0,00762492	74,3	  0,00760307	75,2
     31,2952	  0,00745812	72,9	  0,00755737	76,5
     31,2972	  0,00767141	75,9	  0,00759415	71,4
     31,2991	  0,00761307	75,1	  0,00773056	72,8
     31,3011	  0,00754694	72,8	  0,00755887	75,7
      31,303	  0,00761336	74,3	  0,00774069	74,4
      31,305	   0,0076461	75,2	  0,00769031	72,9
     31,3069	  0,00764368	73,7	   0,0076241	71,2
     31,3089	   0,0076718	75,6	  0,00772941	74,2
     31,3109	   0,0076534	75,3	  0,00761142	75,6
     31,3128	  0,00768432	74,5	  0,00771364	73,0
     31,3148	  0,00768671	72,8	  0,00774345	73,2
     31,3167	  0,00768386	75,1	  0,00766048	76,1
     31,3187	  0,00769375	73,3	  0,00778522	74,9
     31,3206	  0,00772503	74,1	  0,00774316	72,6
     31,3226	  0,00774028	75,4	  0,00776127	73,0
     31,3245	  0,00774397	73,1	  0,00780277	73,3
     31,3265	  0,00775115	75,1	  0,00780219	75,6
     31,3284	  0,00784211	75,1	   0,0078129	74,9
     31,3304	  0,00778464	76,3	  0,00784768	71,6
     31,3324	  0,00782887	73,7	  0,00781618	76,1
     31,3343	  0,00779678	75,9	  0,00776879	75,1
     31,3363	  0,00783575	75,8	  0,00790601	71,0
     31,3382	  0,00789645	74,0	  0,00789426	72,4
     31,3402	  0,00784307	75,5	  0,00788663	75,4
     31,3421	  0,00787143	74,2	  0,00796287	77,6
     31,3441	  0,00791959	72,1	  0,00789347	75,2
      31,346	  0,00784246	72,6	  0,00794341	71,8
      31,348	  0,00792378	76,1	  0,00793234	73,5
       31,35	  0,00794992	74,4	   0,0079345	74,7
     31,3519	  0,00795459	72,2	   0,0080516	74,8
     31,3539	  0,00793012	75,6	  0,00796746	74,7
     31,3558	  0,00804485	73,0	  0,00795973	73,5
     31,3578	  0,00795614	71,1	  0,00807217	75,2
     31,3597	  0,00803565	76,4	  0,00807931	74,9
     31,3617	  0,00800595	74,7	  0,00805606	76,1
     31,3636	  0,00802284	73,5	  0,00805388	72,6
     31,3656	  0,00808855	74,1	   0,0080977	73,9
     31,3675	  0,00806919	77,7	  0,00809753	76,6
     31,3695	  0,00805205	69,6	  0,00808583	75,7
     31,3715	  0,00816089	70,3	  0,00812391	72,6
     31,3734	  0,00804391	74,9	  0,00815799	73,2
     31,3754	  0,00807533	71,6	  0,00811741	75,2
     31,3773	  0,00810747	74,7	  0,00818699	75,1
     31,3793	  0,00814786	74,7	  0,00816099	75,6
     31,3812	  0,00823065	72,8	  0,00825742	72,5
     31,3832	  0,00816088	74,7	  0,00825971	71,2
     31,3851	   0,0081111	72,1	  0,00823271	75,0
     31,3871	  0,00820086	76,8	  0,00820153	75,8
     31,3891	  0,00823011	71,9	  0,00826931	73,0
      31,391	  0,00823556	73,2	  0,00828395	72,9
      31,393	  0,00828556	77,2	  0,00834473	75,9
     31,3949	  0,00824106	73,7	  0,00827668	75,8
     31,3969	  0,00828383	73,9	  0,00829069	75,8
     31,3988	  0,00830706	75,4	  0,00835016	74,5
     31,4008	  0,00835836	75,7	  0,00836954	73,3
     31,4027	  0,00837172	73,5	  0,00836652	74,5
     31,4047	  0,00835913	71,8	  0,00843489	76,4
     31,4066	  0,00834601	74,4	  0,00835235	75,0
     31,4086	  0,00847478	75,0	  0,00840838	74,0
     31,4106	   0,0084088	71,3	  0,00848272	72,5
     31,4125	  0,00843179	75,2	  0,00842411	76,7
     31,4145	  0,00845648	74,8	  0,00849223	76,7
     31,4164	  0,00849848	73,3	  0,00857761	76,9
     31,4184	  0,00842844	71,4	  0,00841079	75,4
     31,4203	   0,0085238	74,0	  0,00849202	73,1
     31,4223	  0,00856839	72,3	  0,00862741	72,4
     31,4242	   0,0085844	72,2	  0,00851889	78,5
     31,4262	  0,00859781	73,7	  0,00854222	73,5
     31,4282	    0,008551	77,1	  0,00868246	72,4
     31,4301	  0,00863564	73,1	  0,00856693	75,2
     31,4321	  0,00865471	72,3	  0,00865049	75,2
      31,434	  0,00849044	73,4	  0,00872681	77,6
      31,436	  0,00861474	77,1	  0,00867473	74,9
     31,4379	  0,00873305	73,6	  0,00862895	73,3
     31,4399	  0,00859052	73,2	  0,00874247	70,1
     31,4418	   0,0087327	75,5	   0,0087293	74,2
     31,4438	  0,00872681	73,7	  0,00871133	77,3
     31,4457	  0,00866622	72,0	  0,00881981	75,6
     31,4477	  0,00869937	75,3	   0,0088231	71,9
     31,4497	  0,00882821	76,6	  0,00879108	71,8
     31,4516	  0,00877355	75,9	  0,00889137	74,5
     31,4536	  0,00875781	72,8	  0,00883428	73,0
     31,4555	  0,00893372	73,0	   0,0088846	76,8
     31,4575	   0,0088182	75,3	  0,00877476	76,3
     31,4594	  0,00879305	75,3	  0,00888101	71,0
     31,4614	  0,00889754	73,3	  0,00899117	73,0
     31,4633	  0,00892365	75,1	  0,00895441	76,1
     31,4653	  0,00892127	76,5	  0,00895128	77,1
     31,4673	   0,0089576	72,1	  0,00909215	75,0
     31,4692	  0,00892387	73,0	  0,00899635	72,6
     31,4712	  0,00901028	71,1	  0,00896899	72,7
     31,4731	  0,00895337	74,8	  0,00907003	72,0
     31,4751	  0,00903842	76,1	  0,00912049	72,5
      31,477	  0,00901342	74,9	  0,00906058	75,0
      31,479	  0,00906703	73,9	   0,0090683	75,7
     31,4809	  0,00901311	76,3	  0,00914172	76,2
     31,4829	  0,00911291	76,3	  0,00912915	73,1
     31,4848	  0,00915677	70,3	   0,0091141	72,0
     31,4868	  0,00911399	73,7	  0,00925965	74,7
     31,4888	  0,00920779	77,2	  0,00923258	76,5
     31,4907	  0,00920344	74,8	  0,00921373	77,8
     31,4927	  0,00914118	76,0	  0,00928348	76,2
     31,4946	  0,00915834	73,1	   0,0092825	75,6
     31,4966	    0,009306	74,7	   0,0092937	72,5
     31,4985	  0,00929452	76,7	  0,00935972	74,3
     31,5005	  0,00929383	73,8	  0,00933788	75,3
     31,5024	  0,00935861	73,5	  0,00932823	76,0
     31,5044	  0,00928379	76,8	   0,0094283	76,2
     31,5064	  0,00931635	76,6	  0,00940405	75,2
     31,5083	  0,00940954	77,2	  0,00941164	73,3
     31,5103	  0,00943789	73,5	  0,00950903	72,5
     31,5122	  0,00941283	71,8	  0,00955033	74,5
     31,5142	  0,00942363	75,6	  0,00951464	74,0
     31,5161	  0,00944966	77,8	   0,0095152	74,0
     31,5181	  0,00950083	75,4	   0,0096587	75,9
       31,52	  0,00955241	73,4	  0,00955145	73,6
      31,522	  0,00953407	71,5	  0,00950371	72,5
     31,5239	  0,00957573	76,8	  0,00964443	73,6
     31,5259	  0,00963988	74,2	  0,00971333	77,7
     31,5279	   0,0096204	73,1	  0,00962803	74,9
     31,5298	  0,00957228	73,3	   0,0096653	72,6
     31,5318	  0,00964334	73,6	   0,0097578	76,1
     31,5337	   0,0097438	77,7	  0,00975382	74,1
     31,5357	  0,00964682	75,6	  0,00970137	71,8
     31,5376	  0,00962388	72,8	  0,00969893	73,9
     31,5396	  0,00975146	74,4	  0,00986249	76,0
     31,5415	  0,00984308	75,6	  0,00995972	77,7
     31,5435	  0,00982605	76,2	  0,00979361	74,6
     31,5455	  0,00977555	74,3	  0,00980809	71,2
     31,5474	  0,00978219	76,1	   0,0100415	73,1
     31,5494	  0,00991699	74,5	  0,00998691	73,8
     31,5513	  0,00993847	73,4	  0,00987549	71,6
     31,5533	  0,00996844	76,1	   0,0099929	74,4
     31,5552	   0,0099758	73,7	   0,0101353	76,6
     31,5572	  0,00997198	72,5	   0,0100613	77,2
     31,5591	  0,00997553	75,1	  0,00998837	74,3
     31,5611	   0,0100045	77,9	   0,0100689	72,4
      31,563	   0,0100537	75,5	   0,0102435	74,2
      31,565	   0,0101192	78,0	   0,0102246	77,0
      31,567	   0,0100966	74,1	   0,0101537	75,4
     31,5689	   0,0101628	76,0	   0,0102234	76,5
     31,5709	   0,0101593	77,3	    0,010243	75,0
     31,5728	   0,0101964	73,7	   0,0102907	74,0
     31,5748	   0,0102809	74,7	   0,0103105	73,9
     31,5767	   0,0103504	75,5	   0,0104353	73,8
     31,5787	   0,0102718	74,7	    0,010382	76,8
     31,5806	   0,0103137	75,9	   0,0103477	75,0
     31,5826	   0,0103649	76,5	   0,0103957	76,3
     31,5846	   0,0103889	75,7	   0,0104852	75,5
     31,5865	   0,0104365	72,1	   0,0104955	75,4
     31,5885	   0,0104425	76,4	   0,0104951	73,0
     31,5904	   0,0105098	76,0	   0,0105523	73,7
     31,5924	   0,0105496	75,1	   0,0105955	72,7
     31,5943	   0,0105306	73,0	   0,0106832	75,8
     31,5963	   0,0105699	73,4	   0,0107074	79,0
     31,5982	    0,010585	74,4	   0,0106388	77,3
     31,6002	   0,0106011	77,1	    0,010676	74,9
     31,6021	   0,0106849	76,7	   0,0107299	73,7
     31,6041	   0,0107159	75,2	   0,0107826	75,8
     31,6061	    0,010725	73,4	   0,0108403	73,0
      31,608	     0,01075	75,1	   0,0108578	72,3
       31,61	   0,0107133	78,0	    0,010852	73,6
     31,6119	   0,0108476	76,8	   0,0109036	75,7
     31,6139	   0,0109306	78,6	   0,0110308	76,4
     31,6158	    0,010936	76,7	   0,0109312	75,8
     31,6178	   0,0108917	72,8	   0,0109479	71,9
     31,6197	   0,0109514	74,1	   0,0109969	74,5
     31,6217	   0,0110378	76,1	   0,0110274	73,7
     31,6237	    0,011018	77,5	   0,0111457	72,7
     31,6256	   0,0109743	75,8	   0,0112051	74,7
     31,6276	   0,0110601	72,6	    0,011202	74,3
     31,6295	    0,011184	72,6	   0,0112309	75,2
     31,6315	   0,0111849	76,6	   0,0113171	77,3
     31,6334	   0,0111644	77,6	   0,0113092	78,7
     31,6354	   0,0112375	77,5	   0,0112971	76,3
     31,6373	   0,0113135	78,5	   0,0113509	72,8
     31,6393	   0,0113226	74,7	   0,0114269	76,1
     31,6413	   0,0113105	73,1	   0,0114773	72,2
     31,6432	   0,0113363	74,2	   0,0114956	73,1
     31,6452	   0,0114341	78,5	   0,0115446	74,1
     31,6471	   0,0114563	78,5	   0,0115568	78,3
     31,6491	   0,0115136	75,9	    0,011581	77,4
      31,651	   0,0115028	74,8	   0,0116611	75,8
      31,653	   0,0115245	74,5	   0,0117574	73,8
     31,6549	   0,0115831	75,9	   0,0117575	77,1
     31,6569	   0,0116763	74,9	   0,0117333	75,7
     31,6588	   0,0116805	76,0	     0,01175	76,3
     31,6608	   0,0117261	78,3	   0,0118704	74,5
     31,6628	   0,0118668	77,7	   0,0119106	72,1
     31,6647	   0,0118753	76,2	   0,0119207	74,8
     31,6667	   0,0118317	75,0	   0,0119964	78,3
     31,6686	   0,0118666	75,4	   0,0120342	77,1
     31,6706	   0,0119773	75,3	   0,0120448	77,1
     31,6725	   0,0119702	76,5	   0,0120891	77,7
     31,6745	   0,0120347	77,9	   0,0121564	77,6
     31,6764	   0,0121445	76,4	   0,0122533	76,5
     31,6784	   0,0121768	75,5	    0,012329	78,1
     31,6804	   0,0121245	73,6	   0,0122644	76,3
     31,6823	   0,0121424	73,6	   0,0122501	74,3
     31,6843	   0,0122417	78,0	    0,012324	73,2
     31,6862	   0,0124282	79,7	   0,0124459	77,1
     31,6882	   0,0124865	77,5	   0,0124838	77,3
     31,6901	   0,0123786	78,6	   0,0125055	77,7
     31,6921	   0,0123215	78,0	   0,0125488	78,1
      31,694	   0,0124922	75,1	   0,0126039	78,3
      31,696	   0,0126166	74,2	   0,0126753	76,4
     31,6979	   0,0126204	77,7	   0,0127357	76,1
     31,6999	   0,0126119	78,8	    0,012757	75,7
     31,7019	   0,0126458	76,3	   0,0128255	74,2
     31,7038	   0,0126961	74,9	   0,0128202	74,8
     31,7058	   0,0127064	76,7	   0,0128567	74,1
     31,7077	   0,0127869	75,4	   0,0129715	73,6
     31,7097	    0,012955	79,2	   0,0130679	76,0
     31,7116	   0,0130004	75,5	   0,0130847	77,1
     31,7136	   0,0129884	72,8	    0,013089	77,6
     31,7155	   0,0129867	77,4	   0,0131737	76,9
     31,7175	   0,0130751	79,9	   0,0132528	78,2
     31,7195	   0,0131699	76,9	   0,0133535	79,0
     31,7214	   0,0131957	74,1	   0,0133795	77,7
     31,7234	   0,0132321	74,1	   0,0134156	76,9
     31,7253	   0,0132707	75,1	   0,0134391	76,7
     31,7273	    0,013339	74,2	   0,0135577	75,7
     31,7292	   0,0134251	77,5	   0,0136779	78,9
     31,7312	   0,0135333	78,7	   0,0137084	77,6
     31,7331	   0,0135847	79,1	   0,0137703	79,3
     31,7351	   0,0136237	76,6	   0,0137766	78,3
      31,737	   0,0136424	76,1	   0,0138078	76,1
      31,739	   0,0136103	74,4	   0,0138468	72,6
      31,741	   0,0136738	74,4	   0,0139663	74,2
     31,7429	   0,0137874	76,3	   0,0140488	75,0
     31,7449	   0,0139508	74,8	   0,0141105	74,5
     31,7468	   0,0140982	76,5	   0,0141577	77,2
     31,7488	    0,014057	78,1	   0,0141671	74,5
     31,7507	   0,0140056	78,7	   0,0141959	76,1
     31,7527	   0,0140725	79,8	   0,0143716	78,5
     31,7546	   0,0142341	78,8	   0,0145139	77,4
     31,7566	   0,0143105	76,5	   0,0145555	77,8
     31,7586	    0,014332	74,3	   0,0145363	81,3
     31,7605	   0,0143811	76,0	   0,0145937	79,0
     31,7625	    0,014457	76,1	   0,0146345	76,4
     31,7644	   0,0145288	76,2	   0,0147469	79,6
     31,7664	   0,0146117	75,2	   0,0148453	77,5
     31,7683	    0,014665	75,3	   0,0149496	76,9
     31,7703	   0,0146885	78,7	   0,0149793	78,1
     31,7722	   0,0147893	78,3	   0,0150664	76,2
     31,7742	   0,0148564	78,8	   0,0151163	75,0
     31,7761	   0,0149432	80,2	   0,0152157	75,2
     31,7781	   0,0150343	77,8	     0,01535	77,4
     31,7801	   0,0151137	77,3	   0,0153931	76,2
      31,782	   0,0151743	75,5	   0,0154175	76,5
      31,784	   0,0152673	76,6	   0,0155946	74,1
     31,7859	   0,0153782	78,6	   0,0157035	75,8
     31,7879	   0,0154424	75,4	   0,0158544	75,8
     31,7898	    0,015488	75,3	   0,0158941	74,6
     31,7918	   0,0155185	78,3	   0,0159096	77,3
     31,7937	   0,0155928	79,6	   0,0160014	80,2
     31,7957	   0,0157606	79,7	   0,0160984	79,2
     31,7977	   0,0158729	81,3	    0,016132	79,4
     31,7996	   0,0159497	79,2	   0,0162608	80,5
     31,8016	   0,0159819	81,0	   0,0163769	78,1
     31,8035	   0,0160687	80,3	   0,0164989	79,9
     31,8055	    0,016165	78,1	   0,0165485	80,1
     31,8074	   0,0162542	75,5	   0,0166524	79,3
     31,8094	   0,0164028	77,4	   0,0167831	80,0
     31,8113	   0,0164836	76,2	   0,0169047	79,4
     31,8133	   0,0165701	76,5	   0,0169943	78,0
     31,8152	    0,016631	79,4	   0,0170624	77,4
     31,8172	   0,0167792	79,4	    0,017169	78,0
     31,8192	   0,0168871	78,3	   0,0172325	79,2
     31,8211	   0,0170247	77,5	    0,017386	79,7
     31,8231	   0,0170675	78,3	   0,0175288	76,7
      31,825	   0,0171118	81,0	   0,0177182	78,6
      31,827	   0,0172561	82,0	   0,0178237	78,6
     31,8289	   0,0174003	80,9	   0,0179175	78,2
     31,8309	   0,0175308	81,4	   0,0179323	77,5
     31,8328	   0,0176356	78,8	   0,0180003	77,8
     31,8348	    0,017755	78,7	   0,0181342	77,7
     31,8368	   0,0178433	78,7	   0,0183127	79,7
     31,8387	   0,0179219	79,2	    0,018481	77,2
     31,8407	   0,0179798	78,1	    0,018679	77,4
     31,8426	   0,0180758	76,4	   0,0188603	79,4
     31,8446	   0,0182077	77,7	   0,0189519	79,0
     31,8465	   0,0183418	79,3	   0,0190667	78,9
     31,8485	   0,0185522	80,7	   0,0191989	80,7
     31,8504	   0,0187462	81,3	   0,0193791	81,7
     31,8524	   0,0188586	84,0	   0,0194767	78,3
     31,8543	   0,0189992	81,1	   0,0196711	79,7
     31,8563	   0,0190593	83,2	   0,0198196	78,7
     31,8583	   0,0191021	81,8	   0,0199406	81,2
     31,8602	   0,0192636	83,0	   0,0201263	80,7
     31,8622	   0,0194702	84,1	   0,0203551	82,1
     31,8641	   0,0195955	81,0	   0,0205387	83,4
     31,8661	   0,0198181	82,6	   0,0207183	82,8
      31,868	   0,0199016	80,6	   0,0209035	82,5
       31,87	   0,0200671	78,1	   0,0210714	83,1
     31,8719	   0,0202098	79,9	   0,0212128	79,1
     31,8739	   0,0204361	80,6	   0,0214534	82,8
     31,8759	   0,0205984	81,8	   0,0216951	81,9
     31,8778	   0,0207693	79,8	   0,0218676	82,6
     31,8798	   0,0209086	79,2	   0,0220687	84,3
     31,8817	   0,0210262	81,0	   0,0222739	85,6
     31,8837	    0,021186	83,3	   0,0224765	82,6
     31,8856	   0,0213592	82,8	   0,0226935	84,7
     31,8876	   0,0214893	85,1	   0,0229495	83,5
     31,8895	   0,0217318	84,8	    0,023247	86,0
     31,8915	   0,0220103	84,8	   0,0234828	85,7
     31,8934	   0,0221492	83,5	   0,0237682	83,7
     31,8954	    0,022404	82,1	   0,0240607	85,0
     31,8974	   0,0225523	84,1	   0,0243648	84,3
     31,8993	   0,0227617	84,5	   0,0246382	83,3
     31,9013	   0,0230008	86,4	    0,024895	85,1
     31,9032	   0,0232727	87,0	   0,0252683	86,1
     31,9052	   0,0235613	84,0	   0,0255714	84,6
     31,9071	   0,0237758	84,6	   0,0259953	85,3
     31,9091	   0,0239733	84,6	   0,0264783	87,5
      31,911	   0,0241321	82,2	    0,026953	87,5
      31,913	   0,0242914	87,3	   0,0275935	87,6
      31,915	   0,0245584	85,2	   0,0283328	88,5
     31,9169	   0,0248113	85,1	    0,029102	90,1
     31,9189	   0,0250445	85,0	   0,0299635	89,1
     31,9208	    0,025362	83,2	   0,0307215	87,5
     31,9228	   0,0256443	85,2	    0,031685	89,2
     31,9247	   0,0259859	84,4	   0,0327392	92,1
     31,9267	   0,0262692	85,4	   0,0337374	90,7
     31,9286	   0,0265889	85,8	   0,0348118	94,0
     31,9306	   0,0268803	86,5	   0,0358195	96,2
     31,9326	   0,0271591	87,6	   0,0367784	97,0
     31,9345	   0,0275134	88,6	   0,0377721	99,4
     31,9365	    0,027913	88,1	   0,0387187	101,5
     31,9384	   0,0282729	87,3	   0,0394609	100,4
     31,9404	   0,0286459	89,2	   0,0402898	102,5
     31,9423	   0,0290501	87,9	   0,0411541	104,9
     31,9443	   0,0294547	90,7	   0,0419266	107,2
     31,9462	   0,0298932	89,7	   0,0426916	107,6
     31,9482	   0,0302814	90,0	   0,0433774	111,6
     31,9501	   0,0307073	91,8	   0,0439952	112,8
     31,9521	   0,0311655	92,2	    0,044639	113,2
     31,9541	   0,0315758	94,0	    0,045235	117,1
      31,956	   0,0319947	93,9	   0,0457375	122,0
      31,958	    0,032512	94,8	   0,0461825	123,0
     31,9599	   0,0330467	96,7	   0,0466524	124,8
     31,9619	   0,0335377	95,1	   0,0470773	127,8
     31,9638	   0,0340753	96,9	   0,0474929	128,5
     31,9658	   0,0346201	98,7	   0,0478683	130,4
     31,9677	   0,0351986	101,0	   0,0482072	132,4
     31,9697	   0,0356976	98,6	   0,0484512	132,9
     31,9717	   0,0363369	100,9	   0,0487704	136,5
     31,9736	   0,0369597	102,9	   0,0490445	136,7
     31,9756	   0,0376111	103,7	   0,0492163	137,8
     31,9775	   0,0382864	107,1	   0,0491116	137,9
     31,9795	   0,0388956	108,5	    0,049543	141,1
     31,9814	   0,0396086	110,6	   0,0497101	141,2
     31,9834	   0,0402915	114,7	   0,0496878	143,0
     31,9853	   0,0409743	114,4	   0,0495934	145,3
     31,9873	   0,0416825	116,0	   0,0498914	145,0
     31,9892	   0,0422457	116,3	   0,0497964	148,1
     31,9912	   0,0429349	120,0	   0,0495215	145,7
     31,9932	   0,0434014	122,5	   0,0499641	148,4
     31,9951	   0,0439641	124,9	   0,0498202	148,1
     31,9971	   0,0444449	126,6	   0,0497646	150,4
      31,999	   0,0449243	132,2	   0,0499592	151,9
      32,001	   0,0456272	134,0	    0,049569	152,6
     32,0029	   0,0460027	136,7	    0,049855	155,4
     32,0049	   0,0464946	139,5	   0,0493109	157,8
     32,0068	   0,0471466	141,7	   0,0496494	157,8
     32,0088	   0,0473928	144,3	   0,0494548	158,9
     32,0108	   0,0479473	146,8	   0,0493292	159,8
     32,0127	    0,048441	149,0	   0,0495289	161,2
     32,0147	   0,0485561	150,0	      0,0493	162,8
     32,0166	   0,0489783	153,9	    0,048963	164,1
     32,0186	   0,0489826	155,7	    0,048814	166,4
     32,0205	   0,0491043	157,3	   0,0486609	166,4
     32,0225	   0,0490748	159,2	   0,0488825	167,2
     32,0244	   0,0491921	160,8	   0,0488242	167,7
     32,0264	   0,0491654	162,0	   0,0484028	169,5
     32,0283	   0,0486645	164,3	   0,0488562	169,3
     32,0303	   0,0486468	166,3	   0,0481491	171,3
     32,0323	   0,0489163	166,8	   0,0480494	171,0
     32,0342	   0,0487969	168,3	   0,0478617	173,4
     32,0362	   0,0486414	170,0	   0,0478509	173,3
     32,0381	   0,0485053	170,9	   0,0477785	174,3
     32,0401	    0,048377	171,3	   0,0476749	175,8
      32,042	   0,0482204	173,3	   0,0473563	175,7
      32,044	   0,0480276	174,1	   0,0472859	177,7
     32,0459	     0,04789	175,4	   0,0469507	178,3
     32,0479	   0,0476585	176,4	   0,0468264	180,1
     32,0499	   0,0475454	177,0	   0,0471852	178,9
     32,0518	   0,0473643	178,1	   0,0465539	180,9
     32,0538	   0,0470326	179,0	   0,0464971	181,1
     32,0557	   0,0469089	179,8	   0,0460224	182,6
     32,0577	   0,0465333	179,9	   0,0460968	182,6
     32,0596	   0,0462433	181,4	   0,0460599	184,0
     32,0616	   0,0463639	182,7	   0,0454206	184,8
     32,0635	   0,0460277	183,6	   0,0455487	185,8
     32,0655	    0,045859	184,4	   0,0454623	185,0
     32,0674	    0,045597	185,5	   0,0453454	186,7
     32,0694	   0,0451206	184,6	   0,0448434	187,5
     32,0714	   0,0448911	184,9	   0,0448593	189,0
     32,0733	   0,0447876	185,4	   0,0444963	190,6
     32,0753	    0,044751	187,0	   0,0442099	190,7
     32,0772	   0,0443674	188,9	   0,0441157	191,4
     32,0792	   0,0443292	189,4	   0,0438043	191,7
     32,0811	   0,0440999	189,7	   0,0441401	191,5
     32,0831	   0,0439563	190,5	   0,0434804	192,5
      32,085	   0,0434533	191,0	   0,0437243	193,0
      32,087	   0,0433088	192,3	   0,0432913	193,8
      32,089	   0,0430782	192,3	   0,0427427	195,6
     32,0909	   0,0430691	193,8	   0,0427215	195,6
     32,0929	   0,0426855	193,8	   0,0426867	196,5
     32,0948	   0,0424317	194,2	   0,0424279	196,6
     32,0968	   0,0421828	195,3	   0,0425208	196,7
     32,0987	   0,0420339	195,6	   0,0419613	197,8
     32,1007	    0,041655	195,5	   0,0421418	197,8
     32,1026	   0,0414236	195,9	    0,041812	198,8
     32,1046	   0,0412796	196,5	   0,0412573	-159,1
     32,1065	   0,0410338	198,3	   0,0414743	-160,7
     32,1085	   0,0409058	199,7	   0,0411761	-159,7
     32,1105	   0,0406226	199,2	   0,0410055	-159,2
     32,1124	   0,0403833	199,5	   0,0410912	-160,6
     32,1144	   0,0402819	-158,6	   0,0406008	-157,5
     32,1163	   0,0400255	-159,4	   0,0404655	-157,2
     32,1183	   0,0397134	-158,5	   0,0399082	-156,0
     32,1202	   0,0395322	-157,4	   0,0399255	-155,9
     32,1222	   0,0393388	-157,2	   0,0395985	-154,8
     32,1241	   0,0391184	-155,7	   0,0392852	-154,1
     32,1261	    0,038978	-155,2	   0,0393091	-154,1
     32,1281	   0,0387145	-155,0	   0,0390373	-153,4
       32,13	   0,0385043	-154,3	   0,0386775	-152,3
      32,132	   0,0382717	-153,2	   0,0385804	-151,5
     32,1339	   0,0380364	-152,7	   0,0383375	-152,1
     32,1359	   0,0377943	-151,6	   0,0382193	-151,4
     32,1378	   0,0375661	-151,5	   0,0379311	-150,8
     32,1398	   0,0373353	-149,9	   0,0377008	-150,5
     32,1417	   0,0370957	-150,3	   0,0375633	-150,5
     32,1437	   0,0368526	-149,2	   0,0373253	-150,1
     32,1456	   0,0366506	-148,8	   0,0370066	-149,6
     32,1476	   0,0364102	-148,6	   0,0367936	-148,5
     32,1496	   0,0361953	-148,1	    0,036719	-148,9
     32,1515	   0,0359209	-147,4	   0,0363866	-147,9
     32,1535	   0,0357233	-147,3	     0,03624	-148,5
     32,1554	   0,0354469	-146,0	   0,0358193	-146,2
     32,1574	   0,0352153	-146,1	   0,0358159	-147,0
     32,1593	    0,034934	-145,9	   0,0355658	-146,0
     32,1613	   0,0347307	-144,8	    0,035313	-145,9
     32,1632	     0,03449	-144,4	   0,0350835	-145,5
     32,1652	   0,0342904	-144,5	   0,0348698	-144,7
     32,1672	   0,0340386	-144,2	   0,0346243	-144,3
     32,1691	   0,0338015	-143,6	   0,0343958	-143,6
     32,1711	   0,0335559	-142,7	   0,0341472	-143,9
      32,173	   0,0333249	-142,6	   0,0339044	-142,6
      32,175	   0,0331016	-142,1	   0,0336811	-143,1
     32,1769	   0,0328713	-141,5	   0,0334649	-142,8
     32,1789	   0,0326563	-141,0	   0,0331898	-142,1
     32,1808	   0,0324068	-140,7	   0,0329683	-141,1
     32,1828	   0,0321206	-140,0	   0,0327604	-140,9
     32,1847	   0,0318736	-139,4	   0,0325345	-140,8
     32,1867	   0,0316067	-138,8	   0,0322841	-141,0
     32,1887	   0,0314045	-138,6	   0,0320658	-139,5
     32,1906	    0,031149	-139,2	   0,0318185	-139,7
     32,1926	   0,0309277	-137,4	   0,0315454	-138,4
     32,1945	   0,0307244	-137,4	   0,0313143	-138,4
     32,1965	   0,0305112	-136,7	   0,0310683	-138,4
     32,1984	   0,0302711	-136,6	   0,0308932	-137,7
     32,2004	   0,0300963	-136,5	   0,0306915	-138,1
     32,2023	   0,0298838	-136,5	    0,030404	-137,3
     32,2043	   0,0296168	-135,9	    0,030135	-136,3
     32,2063	   0,0293646	-135,8	   0,0298993	-136,8
     32,2082	   0,0291546	-135,1	   0,0296843	-135,8
     32,2102	   0,0289492	-134,3	   0,0294647	-136,1
     32,2121	   0,0287341	-134,8	   0,0291929	-135,3
     32,2141	   0,0285526	-133,9	   0,0290436	-134,3
      32,216	   0,0283061	-133,8	    0,028827	-135,0
      32,218	   0,0280838	-132,8	   0,0285812	-134,3
     32,2199	    0,027821	-132,8	   0,0283507	-134,0
     32,2219	   0,0275494	-132,7	   0,0281177	-133,8
     32,2239	   0,0273386	-132,3	   0,0279077	-133,7
     32,2258	   0,0271474	-132,0	   0,0276913	-133,1
     32,2278	   0,0269901	-132,4	   0,0274937	-132,9
     32,2297	   0,0267528	-131,5	   0,0272881	-132,3
     32,2317	   0,0265368	-131,1	   0,0270452	-132,4
     32,2336	   0,0263144	-130,2	   0,0267913	-132,0
     32,2356	   0,0260833	-130,1	   0,0265507	-131,7
     32,2375	   0,0258971	-129,9	   0,0263696	-131,3
     32,2395	   0,0256968	-130,1	   0,0261716	-131,3
     32,2414	   0,0254643	-129,5	   0,0259648	-131,2
     32,2434	    0,025261	-130,0	   0,0257777	-130,5
     32,2454	    0,025045	-129,1	   0,0256548	-130,3
     32,2473	   0,0248611	-129,4	   0,0253822	-130,1
     32,2493	   0,0246751	-128,7	   0,0251358	-129,8
     32,2512	   0,0244806	-128,3	   0,0249283	-129,4
     32,2532	   0,0242466	-128,2	   0,0247225	-128,9
     32,2551	   0,0240705	-128,0	   0,0245387	-128,9
     32,2571	   0,0238679	-127,9	   0,0243043	-128,8
      32,259	   0,0236564	-127,5	   0,0240931	-128,3
      32,261	   0,0234839	-127,5	   0,0238987	-128,2
      32,263	   0,0233374	-127,1	   0,0237687	-128,2
     32,2649	   0,0231068	-127,2	   0,0235384	-128,2
     32,2669	   0,0228591	-125,8	   0,0233571	-127,2
     32,2688	   0,0226653	-126,2	   0,0231554	-127,2
     32,2708	   0,0224757	-126,0	    0,022936	-127,2
     32,2727	   0,0222096	-126,3	   0,0227976	-126,5
     32,2747	   0,0221683	-125,4	   0,0225903	-126,5
     32,2766	   0,0220196	-125,9	   0,0224008	-126,0
     32,2786	    0,021801	-125,0	   0,0222621	-125,8
     32,2805	   0,0216391	-125,1	   0,0220679	-126,2
     32,2825	   0,0213448	-125,0	   0,0218621	-126,2
     32,2845	   0,0212289	-124,9	   0,0216549	-126,0
     32,2864	   0,0210499	-124,6	   0,0214715	-125,4
     32,2884	   0,0208518	-124,3	   0,0213225	-125,6
     32,2903	   0,0206767	-124,3	   0,0211511	-124,8
     32,2923	   0,0205316	-124,1	   0,0209562	-125,4
     32,2942	   0,0203614	-123,5	   0,0207664	-125,2
     32,2962	   0,0202385	-123,6	   0,0206056	-124,8
     32,2981	   0,0200819	-123,1	   0,0204544	-124,0
     32,3001	   0,0199209	-123,5	   0,0203007	-124,4
     32,3021	   0,0197858	-122,2	   0,0201422	-123,8
      32,304	   0,0196066	-123,0	   0,0199953	-123,6
      32,306	   0,0194263	-123,1	   0,0198444	-123,6
     32,3079	    0,019256	-123,2	   0,0196624	-123,6
     32,3099	   0,0190993	-122,7	   0,0195048	-123,6
     32,3118	   0,0189319	-122,4	   0,0193645	-123,4
     32,3138	   0,0187599	-122,4	   0,0192126	-122,9
     32,3157	   0,0186596	-122,4	   0,0190716	-122,6
     32,3177	   0,0185148	-121,9	   0,0188766	-123,4
     32,3196	   0,0183395	-122,1	   0,0186495	-123,5
     32,3216	   0,0181809	-121,5	   0,0184978	-123,0
     32,3236	   0,0180575	-121,5	   0,0184308	-122,3
     32,3255	    0,017902	-121,8	   0,0182986	-122,1
     32,3275	   0,0177722	-121,4	   0,0182046	-122,0
     32,3294	   0,0176855	-121,1	   0,0180774	-122,0
     32,3314	   0,0175142	-121,1	   0,0178611	-122,5
     32,3333	   0,0174604	-121,0	   0,0177067	-121,9
     32,3353	   0,0172423	-121,0	   0,0175762	-121,8
     32,3372	   0,0170874	-120,6	   0,0173959	-121,5
     32,3392	   0,0169231	-120,6	   0,0172593	-121,2
     32,3412	   0,0167756	-120,5	   0,0171378	-121,5
     32,3431	   0,0166699	-120,6	   0,0170233	-121,0
     32,3451	   0,0165518	-120,0	   0,0169538	-120,7
      32,347	   0,0164481	-119,8	   0,0167901	-121,0
      32,349	   0,0163017	-119,9	   0,0165768	-121,0
     32,3509	   0,0162177	-120,2	   0,0164759	-121,2
     32,3529	   0,0160918	-119,5	   0,0163327	-120,6
     32,3548	   0,0159798	-119,8	   0,0162238	-120,6
     32,3568	   0,0158566	-119,9	   0,0161695	-120,9
     32,3587	   0,0157573	-119,5	   0,0160271	-120,4
     32,3607	   0,0156101	-119,3	   0,0158746	-120,8
     32,3627	   0,0154565	-119,4	   0,0157756	-120,3
     32,3646	   0,0153292	-119,0	   0,0156485	-120,3
     32,3666	   0,0151966	-119,7	   0,0154595	-120,2
     32,3685	   0,0151078	-119,2	   0,0153365	-119,9
     32,3705	   0,0150214	-119,6	   0,0152624	-119,4
     32,3724	   0,0149339	-119,2	    0,015189	-119,5
     32,3744	   0,0148274	-118,6	   0,0150523	-120,0
     32,3763	   0,0146906	-118,5	   0,0149342	-119,5
     32,3783	   0,0145436	-118,4	    0,014803	-119,6
     32,3803	   0,0144556	-119,3	   0,0147365	-119,3
     32,3822	   0,0143607	-118,5	   0,0146246	-119,7
     32,3842	   0,0143032	-118,2	   0,0145244	-119,1
     32,3861	    0,014168	-117,9	   0,0144087	-119,6
     32,3881	   0,0140291	-118,8	   0,0142499	-119,4
       32,39	   0,0139698	-118,7	   0,0141759	-118,6
      32,392	   0,0139127	-118,4	   0,0140842	-119,1
     32,3939	   0,0138172	-118,1	   0,0139971	-118,7
     32,3959	   0,0137015	-118,3	   0,0138945	-118,8
     32,3979	   0,0135219	-117,5	   0,0137996	-119,5
     32,3998	   0,0133878	-118,1	   0,0137029	-118,3
     32,4018	    0,013336	-117,8	   0,0136129	-118,7
     32,4037	   0,0132951	-118,2	   0,0135041	-119,0
     32,4057	   0,0132611	-118,4	   0,0134353	-118,5
     32,4076	   0,0131682	-118,1	   0,0132634	-118,8
     32,4096	   0,0129646	-117,4	   0,0131945	-118,0
     32,4115	   0,0128158	-117,3	   0,0131171	-118,3
     32,4135	   0,0127664	-118,0	   0,0130269	-118,5
     32,4154	   0,0127476	-118,2	   0,0129858	-118,0
     32,4174	   0,0126697	-117,3	    0,012912	-118,5
     32,4194	   0,0126232	-117,5	   0,0127432	-118,3
     32,4213	   0,0125319	-117,2	   0,0126488	-117,9
     32,4233	   0,0123889	-117,2	   0,0125713	-118,8
     32,4252	   0,0122503	-117,4	   0,0124828	-118,0
     32,4272	   0,0121675	-117,1	   0,0123814	-118,0
     32,4291	   0,0121471	-117,1	   0,0122868	-117,5
     32,4311	   0,0120963	-118,0	   0,0122165	-117,8
      32,433	   0,0120097	-117,1	   0,0121477	-117,6
      32,435	   0,0119206	-116,8	   0,0121641	-117,4
      32,437	   0,0118046	-117,2	   0,0120554	-118,1
     32,4389	   0,0117501	-117,3	   0,0119281	-117,4
     32,4409	   0,0117113	-117,0	   0,0117383	-117,6
     32,4428	   0,0116594	-116,6	   0,0117006	-117,0
     32,4448	   0,0115171	-116,7	   0,0116742	-117,8
     32,4467	   0,0114409	-116,4	    0,011643	-117,4
     32,4487	    0,011382	-116,8	   0,0115445	-117,6
     32,4506	    0,011331	-117,6	   0,0114289	-118,0
     32,4526	   0,0112534	-117,0	   0,0113286	-117,4
     32,4545	   0,0111632	-115,9	   0,0112976	-117,5
     32,4565	     0,01109	-116,8	   0,0112042	-117,0
     32,4585	   0,0109815	-116,4	   0,0111362	-117,5
     32,4604	   0,0109341	-117,0	   0,0110969	-116,5
     32,4624	   0,0109166	-116,8	   0,0110484	-116,8
     32,4643	    0,010869	-115,9	   0,0109274	-117,1
     32,4663	   0,0106911	-116,6	   0,0108307	-116,9
     32,4682	   0,0106165	-117,2	   0,0107436	-116,1
     32,4702	   0,0105898	-116,5	   0,0107641	-116,5
     32,4721	   0,0105139	-116,2	   0,0107468	-117,3
     32,4741	   0,0104754	-116,7	   0,0106441	-117,3
     32,4761	   0,0104476	-116,5	   0,0104575	-117,2
      32,478	   0,0103836	-116,1	   0,0103603	-116,5
       32,48	   0,0103401	-115,8	   0,0104054	-115,8
     32,4819	   0,0101853	-115,2	   0,0103809	-116,7
     32,4839	   0,0100559	-115,9	   0,0103184	-116,8
     32,4858	   0,0100352	-116,6	   0,0101672	-116,8
     32,4878	   0,0100315	-116,4	   0,0100912	-116,1
     32,4897	  0,00999805	-116,0	   0,0100389	-116,4
     32,4917	  0,00995021	-116,0	   0,0100624	-115,2
     32,4936	  0,00984189	-115,5	   0,0100547	-116,3
     32,4956	  0,00973423	-115,9	  0,00996452	-116,6
     32,4976	  0,00970375	-115,1	  0,00984266	-115,8
     32,4995	  0,00969917	-116,3	  0,00971125	-115,7
     32,5015	  0,00961778	-115,5	  0,00975455	-115,6
     32,5034	  0,00954796	-115,3	  0,00976057	-116,0
     32,5054	  0,00950003	-115,6	  0,00964594	-116,6
     32,5073	  0,00943123	-115,4	   0,0095578	-116,4
     32,5093	  0,00936143	-116,2	  0,00944143	-116,7
     32,5112	  0,00939748	-116,3	  0,00937397	-115,2
     32,5132	  0,00926905	-115,1	  0,00937876	-115,8
     32,5152	  0,00919406	-115,8	  0,00936364	-115,8
     32,5171	   0,0091614	-115,9	  0,00931674	-115,5
     32,5191	   0,0091034	-114,7	  0,00922704	-116,8
      32,521	  0,00900392	-116,0	  0,00911828	-116,6
      32,523	  0,00904425	-115,7	  0,00902468	-115,6
     32,5249	  0,00899805	-115,4	  0,00902635	-115,6
     32,5269	  0,00895803	-115,7	  0,00904493	-115,3
     32,5288	  0,00880972	-114,6	  0,00905247	-115,7
     32,5308	  0,00873374	-114,9	  0,00890447	-116,5
     32,5327	  0,00876546	-115,4	  0,00879029	-116,1
     32,5347	  0,00878622	-115,9	  0,00876948	-115,0
     32,5367	  0,00869243	-114,6	  0,00878745	-115,1
     32,5386	  0,00850917	-115,0	  0,00872678	-115,6
     32,5406	  0,00846794	-115,7	  0,00863372	-116,0
     32,5425	  0,00854289	-115,5	  0,00856088	-115,0
     32,5445	  0,00853037	-115,3	  0,00852779	-115,9
     32,5464	  0,00842724	-114,6	  0,00854813	-115,8
     32,5484	  0,00833755	-115,5	   0,0085186	-116,3
     32,5503	   0,0082634	-115,0	  0,00844374	-115,7
     32,5523	  0,00824792	-115,5	  0,00832796	-115,8
     32,5543	  0,00825846	-115,4	   0,0082952	-115,0
     32,5562	  0,00823783	-114,8	  0,00831952	-115,4
     32,5582	  0,00813957	-114,6	  0,00820498	-115,4
     32,5601	  0,00799497	-114,8	  0,00808583	-115,9
     32,5621	  0,00804976	-115,9	  0,00809703	-114,7
      32,564	  0,00808928	-115,4	  0,00813703	-114,8
      32,566	  0,00795907	-114,3	  0,00811621	-115,4
     32,5679	  0,00788518	-115,6	  0,00804098	-115,6
     32,5699	  0,00786834	-115,2	  0,00790505	-115,8
     32,5718	  0,00786657	-114,9	  0,00783726	-115,2
     32,5738	  0,00780929	-115,0	  0,00789546	-115,1
     32,5758	  0,00769989	-114,5	  0,00782628	-115,5
     32,5777	  0,00768521	-114,5	  0,00777755	-115,8
     32,5797	  0,00768937	-115,2	  0,00775942	-115,3
     32,5816	  0,00766992	-114,7	  0,00770552	-115,6
     32,5836	  0,00760952	-114,2	  0,00770083	-115,2
     32,5855	  0,00753138	-114,7	  0,00765652	-115,5
     32,5875	  0,00744374	-114,8	  0,00754684	-115,7
     32,5894	  0,00744735	-115,3	  0,00748138	-115,0
     32,5914	  0,00746443	-114,9	  0,00748354	-114,6
     32,5934	   0,0074601	-114,9	  0,00751518	-114,9
     32,5953	  0,00732615	-114,9	  0,00744905	-115,7
     32,5973	  0,00729074	-115,3	  0,00733787	-116,0
     32,5992	  0,00727803	-114,9	  0,00732632	-115,1
     32,6012	  0,00727734	-114,4	  0,00731439	-114,6
     32,6031	  0,00721602	-115,4	  0,00723675	-115,4
     32,6051	  0,00718123	-115,4	  0,00725489	-114,2
      32,607	  0,00713483	-114,1	  0,00718108	-116,0
      32,609	  0,00701679	-114,8	  0,00715806	-114,8
     32,6109	  0,00705169	-114,9	  0,00710867	-115,3
     32,6129	  0,00706269	-115,1	  0,00707845	-115,4
     32,6149	  0,00704395	-113,8	  0,00703259	-114,6
     32,6168	  0,00692681	-114,4	  0,00704669	-115,0
     32,6188	  0,00689256	-115,4	  0,00698438	-114,9
     32,6207	  0,00692119	-114,6	   0,0069433	-114,5
     32,6227	  0,00687946	-114,5	  0,00688754	-115,4
     32,6246	  0,00677761	-114,8	  0,00684765	-115,2
     32,6266	  0,00679649	-114,8	  0,00682957	-114,9
     32,6285	  0,00676013	-114,6	  0,00681365	-115,6
     32,6305	  0,00670397	-113,8	   0,0067439	-114,5
     32,6325	  0,00662416	-115,4	  0,00674902	-114,9
     32,6344	  0,00663023	-114,9	  0,00672811	-114,4
     32,6364	  0,00668024	-114,7	  0,00667995	-114,3
     32,6383	  0,00661016	-113,4	  0,00657877	-115,8
     32,6403	  0,00649459	-114,5	  0,00657282	-113,8
     32,6422	   0,0065283	-114,8	  0,00661067	-114,9
     32,6442	  0,00652219	-114,9	  0,00655261	-114,7
     32,6461	  0,00650289	-114,1	  0,00644808	-114,7
     32,6481	  0,00634616	-114,3	  0,00645142	-113,9
       32,65	  0,00636534	-115,5	  0,00650052	-113,9
      32,652	  0,00642294	-115,1	  0,00637937	-115,0
      32,654	  0,00634349	-114,1	  0,00632983	-114,4
     32,6559	  0,00622038	-114,2	  0,00633475	-114,3
     32,6579	  0,00620939	-115,1	  0,00636821	-115,4
     32,6598	   0,0063079	-114,4	  0,00623386	-115,9
     32,6618	  0,00626723	-113,7	   0,0061795	-113,9
     32,6637	  0,00619481	-114,2	  0,00625472	-115,1
     32,6657	  0,00606475	-114,4	  0,00626524	-115,1
     32,6676	  0,00611387	-114,9	  0,00614665	-115,0
     32,6696	  0,00611097	-114,4	  0,00606839	-115,1
     32,6716	  0,00609919	-114,4	  0,00608726	-114,2
     32,6735	  0,00601208	-113,8	  0,00611198	-113,9
     32,6755	   0,0059089	-114,6	  0,00606753	-115,6
     32,6774	  0,00599963	-114,4	  0,00595963	-115,0
     32,6794	  0,00597333	-114,1	  0,00595117	-114,2
     32,6813	  0,00588799	-114,1	  0,00594517	-114,0
     32,6833	  0,00586581	-114,7	  0,00594855	-113,9
     32,6852	  0,00590334	-114,9	  0,00591493	-114,5
     32,6872	  0,00585531	-114,0	  0,00582538	-114,0
     32,6891	  0,00575587	-114,8	  0,00581066	-113,3
     32,6911	  0,00577752	-114,3	  0,00584102	-114,2
     32,6931	  0,00577251	-114,7	   0,0058515	-114,0
      32,695	  0,00572278	-114,3	  0,00577351	-115,4
      32,697	  0,00567486	-114,4	  0,00565703	-114,5
     32,6989	  0,00567447	-114,6	  0,00573838	-113,4
     32,7009	  0,00564649	-114,0	  0,00568718	-115,0
     32,7028	  0,00558283	-113,6	  0,00561071	-114,3
     32,7048	  0,00557708	-114,7	  0,00562516	-113,6
     32,7067	  0,00558694	-114,2	  0,00560401	-114,5
     32,7087	  0,00553974	-114,4	  0,00556005	-115,0
     32,7107	  0,00548867	-113,7	  0,00554095	-114,1
     32,7126	  0,00548248	-114,7	  0,00555458	-114,2
     32,7146	  0,00551323	-114,3	  0,00547704	-113,9
     32,7165	  0,00539353	-113,5	  0,00541381	-115,1
     32,7185	  0,00540653	-114,4	  0,00541623	-114,1
     32,7204	  0,00536597	-114,2	  0,00548633	-114,2
     32,7224	   0,0054277	-114,1	  0,00542759	-114,8
     32,7243	  0,00532878	-113,7	  0,00534914	-114,2
     32,7263	  0,00527017	-114,5	   0,0053546	-114,5
     32,7282	  0,00529182	-114,3	  0,00529919	-115,2
     32,7302	  0,00532232	-114,6	   0,0053264	-114,2
     32,7322	  0,00529185	-112,6	  0,00525331	-114,7
     32,7341	  0,00517778	-114,7	  0,00521848	-114,6
     32,7361	  0,00522612	-115,0	  0,00521992	-114,8
      32,738	  0,00517641	-113,4	  0,00521554	-114,5
       32,74	  0,00510515	-113,8	  0,00520707	-114,1
     32,7419	  0,00511475	-115,2	  0,00513793	-115,1
     32,7439	   0,0051289	-114,1	  0,00509635	-114,8
     32,7458	  0,00506091	-114,6	  0,00513877	-114,1
     32,7478	   0,0050575	-114,4	  0,00513489	-114,1
     32,7498	  0,00504185	-114,2	  0,00505728	-114,3
     32,7517	  0,00500135	-113,8	  0,00504651	-114,7
     32,7537	   0,0049547	-114,3	  0,00500841	-113,8
     32,7556	  0,00502748	-113,9	  0,00506149	-113,7
     32,7576	  0,00492252	-114,4	  0,00501406	-115,2
     32,7595	  0,00493776	-114,3	  0,00493901	-115,0
     32,7615	  0,00488626	-113,5	  0,00491306	-114,6
     32,7634	  0,00484492	-114,6	  0,00490125	-114,1
     32,7654	   0,0049026	-113,7	  0,00491078	-114,4
     32,7673	  0,00484363	-114,5	  0,00488665	-114,0
     32,7693	  0,00480855	-113,9	  0,00486034	-114,8
     32,7713	  0,00474871	-114,9	  0,00478458	-114,3
     32,7732	  0,00475865	-114,4	  0,00486157	-113,7
     32,7752	  0,00481383	-114,9	   0,0047945	-115,2
     32,7771	  0,00473524	-114,1	  0,00470808	-114,4
     32,7791	  0,00471403	-113,5	  0,00471452	-114,2
      32,781	  0,00468371	-115,1	  0,00474563	-114,1
      32,783	   0,0047167	-113,9	  0,00470942	-114,6
     32,7849	  0,00468822	-113,5	  0,00466677	-113,3
     32,7869	  0,00458452	-113,7	  0,00467508	-114,3
     32,7889	  0,00461932	-114,9	  0,00467243	-114,5
     32,7908	  0,00464417	-112,8	  0,00459111	-114,3
     32,7928	  0,00450938	-113,4	   0,0045769	-113,3
     32,7947	  0,00454004	-114,3	  0,00458618	-114,4
     32,7967	  0,00461649	-113,5	  0,00455431	-114,2
     32,7986	  0,00447388	-113,3	  0,00458747	-113,9
     32,8006	    0,004509	-114,8	  0,00453453	-114,4
     32,8025	  0,00455554	-112,9	  0,00448946	-114,7
     32,8045	  0,00440505	-113,3	  0,00446194	-113,0
     32,8064	  0,00444113	-114,0	  0,00449682	-114,7
     32,8084	  0,00445107	-114,5	  0,00442132	-114,8
     32,8104	  0,00440598	-113,9	  0,00443742	-114,6
     32,8123	  0,00435239	-115,1	  0,00439416	-114,3
     32,8143	  0,00439502	-113,6	   0,0043791	-114,9
     32,8162	  0,00435269	-114,4	  0,00436436	-113,6
     32,8182	  0,00436176	-113,4	  0,00433719	-115,1
     32,8201	  0,00428335	-114,2	  0,00431122	-114,7
     32,8221	  0,00432639	-114,3	  0,00430359	-113,8
      32,824	  0,00434029	-114,2	  0,00433503	-115,0
      32,826	   0,0042026	-113,3	  0,00423385	-114,7
      32,828	  0,00423896	-114,5	  0,00427202	-114,0
     32,8299	  0,00425044	-114,5	  0,00425454	-114,8
     32,8319	  0,00421086	-113,3	    0,004189	-114,7
     32,8338	   0,0041821	-114,7	  0,00418144	-113,5
     32,8358	  0,00416539	-114,9	  0,00427733	-114,2
     32,8377	  0,00418347	-114,1	  0,00420304	-114,6
     32,8397	  0,00409068	-114,2	  0,00407582	-114,7
     32,8416	  0,00409623	-114,8	  0,00415651	-114,4
     32,8436	  0,00414654	-115,3	   0,0041385	-114,8
     32,8456	  0,00407071	-113,6	  0,00404977	-114,6
     32,8475	  0,00400922	-114,4	   0,0040811	-113,4
     32,8495	  0,00412681	-113,3	  0,00412981	-114,5
     32,8514	  0,00401245	-113,4	  0,00398001	-115,5
     32,8534	  0,00399824	-113,6	  0,00403003	-113,8
     32,8553	  0,00409128	-113,8	  0,00404876	-114,4
     32,8573	  0,00394821	-114,3	  0,00397285	-113,8
     32,8592	  0,00398832	-114,3	  0,00403443	-113,1
     32,8612	  0,00396731	-114,8	  0,00401243	-116,1
     32,8631	   0,0039068	-113,8	  0,00384757	-114,6
     32,8651	  0,00394434	-114,0	  0,00403635	-113,7
     32,8671	  0,00386323	-114,6	  0,00389088	-116,1
      32,869	  0,00392749	-114,1	  0,00383781	-113,9
      32,871	  0,00384265	-114,5	  0,00396724	-113,6
     32,8729	  0,00381666	-114,1	  0,00384026	-115,3
     32,8749	  0,00383366	-114,3	   0,0038428	-113,6
     32,8768	  0,00374799	-114,7	  0,00388314	-115,2
     32,8788	  0,00382005	-113,8	  0,00379669	-114,8
     32,8807	  0,00381522	-115,1	  0,00381504	-113,2
     32,8827	  0,00378432	-111,4	  0,00380589	-114,6
     32,8847	   0,0036617	-114,9	   0,0037091	-114,6
     32,8866	  0,00386303	-113,0	  0,00382281	-112,3
     32,8886	  0,00373613	-114,0	  0,00377299	-115,0
     32,8905	  0,00367709	-114,7	  0,00368226	-114,1
     32,8925	  0,00372902	-115,1	  0,00372256	-114,0
     32,8944	  0,00367852	-114,4	  0,00369931	-114,2
     32,8964	  0,00361136	-114,6	   0,0036704	-114,7
     32,8983	  0,00368705	-115,9	  0,00364331	-114,1
     32,9003	  0,00370814	-114,0	   0,0036099	-113,4
     32,9022	  0,00356355	-114,1	  0,00369879	-114,6
     32,9042	  0,00363998	-114,0	  0,00359188	-114,5
     32,9062	  0,00359971	-112,9	  0,00361088	-113,4
     32,9081	  0,00355624	-114,8	  0,00366126	-114,4
     32,9101	  0,00359824	-114,6	   0,0035203	-115,1
      32,912	  0,00350686	-113,3	  0,00359222	-112,8
      32,914	  0,00347993	-115,0	   0,0035525	-115,0
     32,9159	  0,00357933	-113,8	    0,003463	-114,2
     32,9179	  0,00346156	-113,3	  0,00359514	-113,9
     32,9198	  0,00349008	-115,9	  0,00352381	-115,5
     32,9218	  0,00354909	-112,2	  0,00343948	-114,9
     32,9238	  0,00339489	-114,8	  0,00352577	-113,4
     32,9257	  0,00354082	-114,5	  0,00344568	-115,4
     32,9277	  0,00340222	-112,9	  0,00343441	-115,1
     32,9296	   0,0033979	-115,5	  0,00339462	-114,5
     32,9316	  0,00345581	-113,8	  0,00352925	-113,6
     32,9335	  0,00337298	-115,0	  0,00335748	-115,5
     32,9355	  0,00341073	-114,6	  0,00341987	-112,2
     32,9374	  0,00341018	-113,2	  0,00343343	-115,5
     32,9394	  0,00328805	-115,5	  0,00331321	-114,8
     32,9413	  0,00341254	-113,6	  0,00339318	-113,9
     32,9433	  0,00326835	-114,0	  0,00333781	-115,5
     32,9453	  0,00331632	-116,2	  0,00328865	-114,9
     32,9472	  0,00338659	-113,5	  0,00334021	-113,7
     32,9492	  0,00323191	-113,5	  0,00328401	-115,5
     32,9511	  0,00332295	-115,1	   0,0032421	-113,3
     32,9531	  0,00328811	-115,2	  0,00330084	-114,6
      32,955	  0,00331354	-115,1	  0,00326027	-114,4
      32,957	  0,00321565	-113,3	  0,00323378	-113,7
     32,9589	  0,00323446	-114,6	  0,00326242	-114,3
     32,9609	  0,00325656	-113,8	    0,003208	-116,1
     32,9629	  0,00311579	-114,6	  0,00319285	-114,1
     32,9648	  0,00326103	-114,7	  0,00322674	-113,9
     32,9668	  0,00315716	-113,6	  0,00315162	-114,5
     32,9687	  0,00315276	-115,0	  0,00317993	-113,8
     32,9707	  0,00314934	-114,4	  0,00318521	-114,5
     32,9726	  0,00316955	-115,2	  0,00315234	-114,5
     32,9746	  0,00306346	-114,5	  0,00312461	-113,8
     32,9765	  0,00313802	-116,0	  0,00311833	-115,5
     32,9785	  0,00312549	-112,5	   0,0030966	-113,7
     32,9804	  0,00304126	-114,7	  0,00308014	-113,5
     32,9824	   0,0031017	-113,9	  0,00306842	-115,1
     32,9844	  0,00301835	-113,9	  0,00307964	-113,4
     32,9863	  0,00307067	-115,2	  0,00305669	-115,9
     32,9883	   0,0030874	-112,8	  0,00308174	-113,3
     32,9902	  0,00294971	-114,3	  0,00307011	-114,4
     32,9922	   0,0031216	-115,4	   0,0029421	-113,5
     32,9941	  0,00296905	-113,6	  0,00313517	-114,8
     32,9961	  0,00300215	-116,5	  0,00283363	-116,7
      32,998	  0,00306437	-112,5	  0,00315872	-110,3
          33	  0,00294226	-112,5	  0,00298236	-120,6

