X-Data [Hz]	Laser (M - Filtered) [m/s]	Phase [Deg]	
	002: [05-25-24 17:22]	
         135	  0,00474561	17,5
     135,029	  0,00546241	-10,8
     135,059	  0,00556905	 5,4
     135,088	  0,00518051	 5,2
     135,117	  0,00536034	10,1
     135,147	  0,00476129	17,1
     135,176	  0,00482961	13,4
     135,205	  0,00473225	17,9
     135,235	  0,00520136	10,8
     135,264	  0,00579996	 2,3
     135,293	  0,00531383	 5,7
     135,323	  0,00562388	-5,4
     135,352	  0,00551513	-5,6
     135,381	  0,00484768	12,7
     135,411	  0,00491328	14,6
      135,44	  0,00498946	12,1
     135,469	   0,0057403	-4,9
     135,499	  0,00493374	 6,2
     135,528	  0,00488045	21,8
     135,557	  0,00596162	-1,7
     135,587	  0,00524731	-3,0
     135,616	   0,0053697	10,0
     135,645	  0,00565735	-3,0
     135,674	  0,00491163	15,2
     135,704	  0,00574664	 0,4
     135,733	  0,00498158	16,1
     135,762	  0,00579373	 4,0
     135,792	  0,00503994	17,3
     135,821	  0,00599935	-0,2
      135,85	  0,00512698	11,7
      135,88	  0,00602624	-9,3
     135,909	  0,00620089	-3,7
     135,938	  0,00533755	 1,3
     135,968	  0,00614526	-11,7
     135,997	  0,00581961	 1,0
     136,026	   0,0050158	12,6
     136,056	  0,00617774	-11,4
     136,085	  0,00587132	-5,4
     136,114	  0,00592188	-0,7
     136,144	  0,00524204	16,8
     136,173	  0,00510531	16,0
     136,202	  0,00586065	-7,5
     136,232	  0,00552549	-2,1
     136,261	  0,00641163	-7,7
      136,29	  0,00624734	-7,1
      136,32	  0,00599733	-7,0
     136,349	  0,00557468	-1,0
     136,378	  0,00550908	-1,9
     136,408	   0,0061714	-4,5
     136,437	  0,00549688	 2,4
     136,466	   0,0052359	14,0
     136,496	  0,00583552	 9,0
     136,525	  0,00591948	 6,8
     136,554	  0,00639192	-1,1
     136,584	  0,00539898	14,8
     136,613	   0,0053383	15,4
     136,642	  0,00545348	10,9
     136,672	  0,00652494	-2,3
     136,701	  0,00545584	11,6
      136,73	  0,00624648	 5,9
      136,76	  0,00672645	-6,7
     136,789	  0,00557514	 6,7
     136,818	   0,0065716	 1,8
     136,848	  0,00589066	-7,3
     136,877	  0,00656807	-1,4
     136,906	   0,0058542	-1,0
     136,935	  0,00579119	12,7
     136,965	  0,00558473	10,3
     136,994	  0,00599809	 9,7
     137,023	  0,00528001	13,7
     137,053	   0,0062018	-7,1
     137,082	  0,00582058	10,7
     137,111	  0,00529263	18,6
     137,141	  0,00665966	-6,0
      137,17	  0,00687762	-6,1
     137,199	  0,00616451	 5,4
     137,229	  0,00539742	17,2
     137,258	  0,00609527	 2,2
     137,287	  0,00720577	-7,1
     137,317	  0,00677022	-3,1
     137,346	  0,00664668	 0,1
     137,375	  0,00575494	10,7
     137,405	  0,00641875	 6,9
     137,434	  0,00588556	10,7
     137,463	  0,00593713	12,9
     137,493	  0,00562075	14,5
     137,522	  0,00618654	11,3
     137,551	  0,00715558	-0,4
     137,581	  0,00692749	 4,1
      137,61	  0,00734343	-5,8
     137,639	  0,00735248	-4,6
     137,669	  0,00593215	 3,1
     137,698	  0,00602325	13,7
     137,727	  0,00682954	 4,1
     137,757	  0,00708544	 0,6
     137,786	  0,00679969	-10,6
     137,815	  0,00586213	13,5
     137,845	   0,0069996	 4,9
     137,874	  0,00729042	-7,3
     137,903	  0,00600524	15,2
     137,933	  0,00754671	-6,2
     137,962	   0,0065371	-6,8
     137,991	  0,00636013	11,2
     138,021	  0,00721029	-3,9
      138,05	  0,00647197	11,8
     138,079	  0,00735046	-5,4
     138,109	   0,0063247	10,8
     138,138	  0,00716636	-8,3
     138,167	  0,00718084	 5,4
     138,196	  0,00617384	 5,7
     138,226	  0,00721829	-5,7
     138,255	  0,00645797	12,3
     138,284	  0,00593762	 8,9
     138,314	  0,00695043	-3,5
     138,343	  0,00743071	 3,5
     138,372	  0,00673751	12,1
     138,402	  0,00593525	13,5
     138,431	  0,00617734	 1,9
      138,46	  0,00744289	-8,5
      138,49	  0,00763618	-7,3
     138,519	  0,00780706	-4,3
     138,548	  0,00760059	-0,5
     138,578	  0,00637178	12,5
     138,607	  0,00640003	14,0
     138,636	  0,00652086	12,7
     138,666	  0,00734854	 2,5
     138,695	  0,00737294	 4,2
     138,724	  0,00760865	-6,2
     138,754	  0,00784016	-9,5
     138,783	  0,00651573	 2,2
     138,812	  0,00635424	 8,3
     138,842	  0,00695879	 8,5
     138,871	  0,00751129	 4,8
       138,9	  0,00763634	-7,3
      138,93	    0,007216	-6,2
     138,959	  0,00662608	 9,6
     138,988	  0,00795894	-3,9
     139,018	   0,0069698	-5,1
     139,047	   0,0062089	14,4
     139,076	  0,00785699	 0,5
     139,106	  0,00618408	10,1
     139,135	  0,00747055	 6,6
     139,164	  0,00656083	 2,3
     139,194	  0,00809346	-3,5
     139,223	  0,00639314	 9,0
     139,252	  0,00801141	-1,6
     139,282	  0,00634066	13,2
     139,311	  0,00789306	-8,9
      139,34	  0,00760826	 7,6
      139,37	  0,00652333	13,0
     139,399	  0,00702067	 2,2
     139,428	  0,00763447	 5,9
     139,457	  0,00716799	10,6
     139,487	  0,00662585	 4,9
     139,516	  0,00721068	-0,0
     139,545	  0,00799708	 0,2
     139,575	  0,00840048	-2,0
     139,604	  0,00788262	 3,5
     139,633	  0,00683493	14,2
     139,663	   0,0068688	14,7
     139,692	   0,0067307	 3,0
     139,721	   0,0066787	10,9
     139,751	  0,00672136	 5,5
      139,78	  0,00682383	12,1
     139,809	  0,00684563	 7,1
     139,839	  0,00675076	13,6
     139,868	  0,00758316	 7,9
     139,897	  0,00849636	 3,2
     139,927	  0,00870007	-3,1
     139,956	  0,00819408	-6,7
     139,985	  0,00668507	 5,8
     140,015	  0,00735751	 9,9
     140,044	  0,00813879	 4,3
     140,073	  0,00819035	-3,5
     140,103	  0,00778314	-0,7
     140,132	  0,00733382	12,3
     140,161	  0,00840135	-4,7
     140,191	    0,007027	 3,5
      140,22	  0,00862849	 3,1
     140,249	  0,00847517	-1,6
     140,279	  0,00774968	 5,4
     140,308	  0,00881411	-4,6
     140,337	  0,00714084	15,1
     140,367	  0,00887999	-5,8
     140,396	  0,00722607	10,6
     140,425	  0,00844659	-5,8
     140,455	   0,0078674	 9,6
     140,484	  0,00771756	-3,0
     140,513	  0,00893884	 0,6
     140,543	  0,00740248	 8,7
     140,572	  0,00820212	-2,2
     140,601	  0,00939213	-0,4
      140,63	  0,00751676	10,3
      140,66	  0,00713051	 7,6
     140,689	  0,00818412	 1,8
     140,718	  0,00925848	 1,1
     140,748	  0,00915268	-0,2
     140,777	  0,00794854	10,2
     140,806	  0,00754978	 9,8
     140,836	  0,00754281	10,0
     140,865	  0,00748555	 7,3
     140,894	  0,00736475	14,7
     140,924	  0,00769804	 4,2
     140,953	  0,00760818	 2,5
     140,982	  0,00819844	-1,6
     141,012	  0,00767959	12,2
     141,041	  0,00790329	12,6
      141,07	  0,00810687	11,6
       141,1	  0,00861717	 9,1
     141,129	  0,00971399	 1,2
     141,158	    0,008899	-6,4
     141,188	  0,00780528	 2,4
     141,217	  0,00785499	 4,8
     141,246	  0,00874706	 9,4
     141,276	  0,00950318	-4,6
     141,305	  0,00929671	-8,0
     141,334	  0,00753945	 7,9
     141,364	  0,00933204	 6,6
     141,393	  0,00850393	 1,0
     141,422	  0,00816713	14,4
     141,452	  0,00972608	 2,3
     141,481	  0,00799189	 4,6
      141,51	  0,00961913	 6,2
      141,54	  0,00796839	 6,8
     141,569	  0,00966299	 2,7
     141,598	  0,00867676	-2,2
     141,628	  0,00891359	 9,8
     141,657	  0,00851854	-1,4
     141,686	   0,0103651	 0,5
     141,716	  0,00827201	10,4
     141,745	  0,00927604	-4,4
     141,774	   0,0104018	 1,5
     141,804	  0,00864802	 9,1
     141,833	  0,00848354	 1,1
     141,862	   0,0104376	-5,6
     141,891	   0,0106211	 1,6
     141,921	  0,00912976	 7,8
      141,95	  0,00909762	 9,2
     141,979	  0,00853758	 7,6
     142,009	  0,00827606	11,7
     142,038	  0,00850979	 8,7
     142,067	  0,00852216	 1,2
     142,097	  0,00844991	 3,1
     142,126	  0,00855516	 6,2
     142,155	  0,00917074	 1,1
     142,185	  0,00867155	 6,2
     142,214	  0,00858555	 7,2
     142,243	  0,00955128	 8,5
     142,273	  0,00940238	 9,9
     142,302	   0,0106265	-1,2
     142,331	   0,0103512	-2,0
     142,361	  0,00952435	 1,7
      142,39	  0,00951068	 7,9
     142,419	   0,0111525	-0,3
     142,449	   0,0105839	-6,8
     142,478	   0,0088165	 6,7
     142,507	   0,0112372	 0,6
     142,537	  0,00981758	-3,4
     142,566	  0,00916141	12,6
     142,595	   0,0107376	-5,5
     142,625	  0,00893813	 7,7
     142,654	   0,0113274	-8,2
     142,683	  0,00946416	 1,8
     142,713	   0,0113122	 1,2
     142,742	  0,00910641	 7,1
     142,771	   0,0116234	-2,4
     142,801	  0,00944539	 5,9
      142,83	   0,0101969	-4,9
     142,859	   0,0116951	-2,2
     142,889	  0,00953548	 9,0
     142,918	  0,00992865	 3,2
     142,947	   0,0116517	-0,1
     142,977	  0,00994273	 7,9
     143,006	  0,00924615	 4,8
     143,035	   0,0108016	-1,8
     143,065	   0,0117574	-3,1
     143,094	   0,0114106	 2,9
     143,123	   0,0117077	 4,0
     143,152	   0,0105134	 9,1
     143,182	  0,00941416	 8,5
     143,211	  0,00948452	11,2
      143,24	  0,00993691	 5,1
      143,27	  0,00982958	 3,1
     143,299	   0,0100666	 1,1
     143,328	  0,00996827	 7,0
     143,358	   0,0100739	 5,5
     143,387	   0,0107337	 7,1
     143,416	   0,0122532	 0,8
     143,446	   0,0127333	-0,9
     143,475	    0,012174	-3,0
     143,504	    0,011053	-2,8
     143,534	   0,0104008	 8,8
     143,563	   0,0121876	 7,7
     143,592	   0,0128341	-1,2
     143,622	   0,0104663	-0,6
     143,651	   0,0119104	 8,0
      143,68	   0,0129308	 0,8
      143,71	   0,0102281	 6,1
     143,739	   0,0122996	 5,8
     143,768	   0,0124517	-4,1
     143,798	    0,010816	 6,6
     143,827	   0,0126393	-3,7
     143,856	   0,0106979	 9,6
     143,886	   0,0129328	-1,2
     143,915	    0,010814	 1,6
     143,944	   0,0127377	-4,3
     143,974	   0,0118227	 9,8
     144,003	   0,0119882	 0,2
     144,032	   0,0135006	 1,9
     144,062	   0,0110633	 6,5
     144,091	   0,0124872	-3,7
      144,12	   0,0137045	 1,6
      144,15	   0,0127672	 5,4
     144,179	   0,0111703	 6,8
     144,208	   0,0115196	 0,6
     144,238	   0,0126265	-2,6
     144,267	   0,0126268	-4,8
     144,296	   0,0135867	-3,1
     144,326	   0,0139899	-0,5
     144,355	   0,0143015	 0,6
     144,384	   0,0132218	-1,0
     144,413	   0,0136506	-2,4
     144,443	   0,0131845	 0,2
     144,472	   0,0124096	-1,1
     144,501	   0,0119328	-1,1
     144,531	   0,0123366	 8,9
      144,56	   0,0137451	 0,2
     144,589	   0,0143103	 1,8
     144,619	   0,0123684	-0,0
     144,648	   0,0124422	 5,9
     144,677	    0,013976	 3,9
     144,707	   0,0138582	-1,0
     144,736	   0,0121322	 1,1
     144,765	   0,0148084	 4,6
     144,795	    0,013172	-1,5
     144,824	   0,0135505	 7,9
     144,853	   0,0146742	-0,5
     144,883	   0,0136959	 8,6
     144,912	    0,014852	-1,9
     144,941	   0,0137158	 6,8
     144,971	    0,013714	-1,5
         145	   0,0153752	 3,7
     145,029	   0,0130356	 5,9
     145,059	   0,0154703	-2,7
     145,088	   0,0146149	 4,4
     145,117	   0,0137723	 4,1
     145,147	   0,0144103	-0,0
     145,176	   0,0155366	-2,4
     145,205	   0,0156417	 4,4
     145,235	    0,013854	 2,4
     145,264	   0,0136642	 6,2
     145,293	   0,0145234	 0,5
     145,323	   0,0147902	 0,3
     145,352	   0,0155224	-2,1
     145,381	   0,0160553	-1,9
     145,411	   0,0163118	-0,5
      145,44	   0,0168432	-0,2
     145,469	   0,0168471	-4,5
     145,499	   0,0164475	-4,4
     145,528	   0,0164996	-5,8
     145,557	   0,0160883	-5,3
     145,587	   0,0161898	-5,4
     145,616	   0,0145383	 5,8
     145,645	   0,0148949	 7,2
     145,674	    0,016627	 4,3
     145,704	   0,0172673	-2,4
     145,733	    0,015261	 2,3
     145,762	   0,0155122	 5,0
     145,792	   0,0177905	 1,1
     145,821	   0,0155701	 2,3
      145,85	   0,0162728	 7,0
      145,88	   0,0182479	 1,3
     145,909	   0,0159871	 2,6
     145,938	   0,0174039	 2,5
     145,968	   0,0163833	-4,9
     145,997	    0,017045	 4,0
     146,026	   0,0174104	-2,2
     146,056	   0,0178023	 1,8
     146,085	   0,0167451	-0,1
     146,114	   0,0183544	 3,1
     146,144	   0,0161088	-0,5
     146,173	    0,018698	-0,6
     146,202	   0,0173092	 4,8
     146,232	   0,0168585	 1,0
     146,261	   0,0196021	-3,5
      146,29	   0,0179161	 3,8
      146,32	   0,0168797	 2,4
     146,349	   0,0182006	-1,9
     146,378	   0,0194858	 0,8
     146,408	   0,0188133	 2,3
     146,437	   0,0174996	 3,2
     146,466	   0,0178242	 2,4
     146,496	     0,01888	-1,8
     146,525	   0,0199618	 1,6
     146,554	    0,020712	-2,4
     146,584	   0,0203429	 5,6
     146,613	   0,0208121	-0,4
     146,642	   0,0203025	 7,4
     146,672	    0,020671	 5,0
     146,701	   0,0209909	 4,5
      146,73	   0,0210468	 1,9
      146,76	   0,0210422	 2,7
     146,789	   0,0216399	 1,5
     146,818	   0,0211183	-3,9
     146,848	   0,0201265	-0,4
     146,877	   0,0191324	-0,7
     146,906	   0,0200414	 4,7
     146,935	   0,0221395	 4,3
     146,965	    0,021882	 1,0
     146,994	   0,0203271	 0,4
     147,023	   0,0218499	 5,1
     147,053	    0,022393	 1,8
     147,082	   0,0212168	 3,0
     147,111	   0,0233288	 2,0
     147,141	   0,0212716	 1,6
      147,17	    0,023324	 0,8
     147,199	   0,0212468	 0,3
     147,229	   0,0237721	-0,0
     147,258	   0,0214465	 5,4
     147,287	     0,02392	 0,8
     147,317	   0,0230919	 6,8
     147,346	   0,0221285	 1,5
     147,375	   0,0253318	 2,2
     147,405	   0,0228809	 5,6
     147,434	   0,0235458	 3,8
     147,463	   0,0255936	 0,2
     147,493	   0,0244455	 3,7
     147,522	   0,0232023	 1,8
     147,551	    0,024397	 2,5
     147,581	   0,0255705	-0,6
      147,61	   0,0263085	 1,6
     147,639	    0,026386	 2,3
     147,669	   0,0259505	 6,4
     147,698	   0,0255188	 4,5
     147,727	   0,0251795	 2,5
     147,757	   0,0252335	 4,2
     147,786	   0,0257337	 2,6
     147,815	    0,026232	 5,9
     147,845	   0,0266711	 4,2
     147,874	   0,0282198	 4,4
     147,903	    0,028843	 4,0
     147,933	   0,0293419	 0,9
     147,962	   0,0291515	 1,5
     147,991	   0,0274893	-1,5
     148,021	    0,027912	 3,5
      148,05	   0,0295206	 4,3
     148,079	   0,0307542	 0,9
     148,109	   0,0287487	 0,5
     148,138	   0,0303285	 4,2
     148,167	    0,031395	 0,9
     148,196	   0,0287342	-1,2
     148,226	   0,0314912	 2,0
     148,255	   0,0311651	-0,1
     148,284	   0,0315404	 3,3
     148,314	   0,0322963	 2,9
     148,343	   0,0319527	 2,6
     148,372	   0,0321634	 3,6
     148,402	   0,0336329	 5,9
     148,431	   0,0321007	 2,0
      148,46	   0,0347902	 0,9
      148,49	    0,033377	 4,7
     148,519	   0,0338603	 1,9
     148,548	   0,0365226	 1,2
     148,578	   0,0345852	 1,9
     148,607	   0,0341271	 1,8
     148,636	   0,0368104	 4,9
     148,666	   0,0377855	 6,3
     148,695	   0,0372055	 5,5
     148,724	    0,035526	 3,2
     148,754	   0,0368719	 4,2
     148,783	   0,0379591	 5,9
     148,812	   0,0390242	 3,8
     148,842	   0,0403024	 1,5
     148,871	    0,040837	 5,1
       148,9	   0,0413363	 3,5
      148,93	    0,042407	 4,7
     148,959	    0,042793	 5,0
     148,988	   0,0423302	 5,5
     149,018	   0,0424478	 5,5
     149,047	   0,0427342	 2,6
     149,076	   0,0426459	 4,4
     149,106	   0,0452764	 5,2
     149,135	   0,0465483	 3,7
     149,164	   0,0459252	 4,2
     149,194	   0,0458658	 4,9
     149,223	   0,0483935	 2,9
     149,252	   0,0485698	 3,9
     149,282	   0,0486143	 7,8
     149,311	   0,0507857	 2,9
      149,34	   0,0492638	 3,9
      149,37	    0,052118	 4,4
     149,399	   0,0523639	 6,0
     149,428	    0,053892	 6,2
     149,457	   0,0536574	 6,6
     149,487	    0,056007	 6,5
     149,516	   0,0545963	 9,0
     149,545	   0,0576194	 8,7
     149,575	   0,0579463	 6,6
     149,604	   0,0580211	 8,7
     149,633	   0,0603537	 5,9
     149,663	   0,0606735	 8,0
     149,692	   0,0605278	 5,6
     149,721	   0,0626242	 7,7
     149,751	   0,0637049	11,1
      149,78	   0,0648969	 8,4
     149,809	   0,0657747	 6,4
     149,839	   0,0666544	 9,7
     149,868	   0,0676152	 9,0
     149,897	   0,0694193	 9,3
     149,927	   0,0709326	 9,9
     149,956	   0,0723156	 9,5
     149,985	   0,0740153	 8,9
     150,015	   0,0750826	 6,8
     150,044	   0,0763732	12,9
     150,073	   0,0775643	 7,7
     150,103	   0,0787146	10,7
     150,132	   0,0807174	 8,5
     150,161	   0,0815616	 9,0
     150,191	   0,0836277	10,7
      150,22	   0,0856718	 8,5
     150,249	   0,0878662	 9,6
     150,279	   0,0883421	 9,4
     150,308	   0,0889615	11,6
     150,337	   0,0915708	13,2
     150,367	   0,0941887	 9,9
     150,396	   0,0956381	10,6
     150,425	   0,0963683	15,9
     150,455	   0,0981611	10,8
     150,484	    0,101403	14,2
     150,513	    0,101993	13,1
     150,543	    0,104707	13,1
     150,572	    0,105298	13,6
     150,601	    0,108163	15,0
      150,63	    0,108447	15,5
      150,66	    0,111433	14,4
     150,689	    0,112089	16,0
     150,718	    0,115401	14,3
     150,748	    0,115956	15,6
     150,777	    0,117481	19,3
     150,806	    0,120206	19,5
     150,836	    0,120592	18,7
     150,865	    0,122072	13,8
     150,894	    0,125143	12,1
     150,924	    0,127537	17,7
     150,953	    0,128288	18,8
     150,982	    0,128898	16,3
     151,012	    0,130455	20,5
     151,041	    0,132704	22,0
      151,07	    0,134584	16,8
       151,1	    0,137353	18,5
     151,129	    0,138544	21,2
     151,158	    0,140713	20,0
     151,188	    0,142246	21,4
     151,217	    0,144071	22,4
     151,246	    0,145294	20,9
     151,276	    0,146311	18,7
     151,305	    0,146972	22,8
     151,334	    0,148284	24,7
     151,364	    0,149455	19,6
     151,393	    0,151778	20,3
     151,422	    0,154943	16,1
     151,452	    0,156752	22,9
     151,481	    0,155659	25,1
      151,51	    0,157291	22,6
      151,54	    0,160948	22,5
     151,569	    0,161004	29,4
     151,598	    0,161665	21,0
     151,628	    0,166181	20,0
     151,657	    0,164978	25,7
     151,686	    0,168469	22,6
     151,716	    0,168554	26,2
     151,745	    0,171032	23,7
     151,774	    0,171067	26,3
     151,804	      0,1736	21,6
     151,833	    0,172909	23,6
     151,862	    0,177094	26,0
     151,891	     0,17628	21,7
     151,921	     0,17749	30,2
      151,95	    0,181591	22,6
     151,979	    0,180662	18,1
     152,009	     0,18151	26,8
     152,038	    0,184327	24,9
     152,067	    0,186664	23,3
     152,097	    0,185949	19,7
     152,126	     0,18553	25,9
     152,155	     0,18752	30,3
     152,185	    0,189475	34,4
     152,214	    0,191636	31,5
     152,243	    0,193976	26,7
     152,273	    0,195159	27,2
     152,302	    0,195892	28,5
     152,331	    0,196691	26,6
     152,361	     0,19767	26,2
      152,39	    0,197406	30,6
     152,419	    0,166246	116,5
     152,449	    0,129603	148,2
     152,478	     0,11372	159,0
     152,507	    0,104955	160,8
     152,537	   0,0996198	157,4
     152,566	   0,0939977	159,0
     152,595	   0,0891506	156,3
     152,625	   0,0855159	160,9
     152,654	   0,0816919	164,4
     152,683	   0,0802722	160,2
     152,713	    0,077397	158,9
     152,742	    0,075698	163,4
     152,771	   0,0730054	166,4
     152,801	   0,0731818	162,4
      152,83	   0,0680323	164,5
     152,859	   0,0698097	162,9
     152,889	   0,0649524	162,6
     152,918	   0,0667285	164,7
     152,947	   0,0632075	165,4
     152,977	   0,0645709	171,5
     153,006	   0,0588863	168,3
     153,035	   0,0610286	166,5
     153,065	   0,0584936	166,5
     153,094	   0,0571197	166,8
     153,123	   0,0581427	165,6
     153,152	   0,0561952	165,8
     153,182	   0,0543258	162,5
     153,211	   0,0558253	164,5
      153,24	   0,0539468	167,7
      153,27	   0,0520397	168,1
     153,299	   0,0499297	165,4
     153,328	   0,0507114	160,7
     153,358	   0,0504082	166,8
     153,387	    0,050457	169,6
     153,416	   0,0505004	167,3
     153,446	   0,0490114	165,1
     153,475	    0,048645	169,4
     153,504	   0,0480834	169,9
     153,534	   0,0479381	170,3
     153,563	   0,0471386	166,9
     153,592	   0,0459576	167,4
     153,622	   0,0443077	168,1
     153,651	   0,0440891	163,7
      153,68	   0,0431932	170,8
      153,71	   0,0437664	167,0
     153,739	   0,0439986	168,9
     153,768	   0,0421744	165,1
     153,798	   0,0408418	166,0
     153,827	   0,0414767	169,1
     153,856	   0,0419454	164,3
     153,886	   0,0389234	172,6
     153,915	   0,0405316	169,7
     153,944	   0,0395967	169,4
     153,974	   0,0381775	171,1
     154,003	   0,0391082	165,0
     154,032	   0,0368841	171,5
     154,062	   0,0385608	166,4
     154,091	   0,0362311	170,9
      154,12	   0,0377763	165,2
      154,15	   0,0369252	171,6
     154,179	   0,0353482	167,6
     154,208	   0,0365451	172,4
     154,238	   0,0342223	172,3
     154,267	   0,0351505	166,8
     154,296	   0,0358716	173,0
     154,326	    0,033652	170,9
     154,355	   0,0334691	166,0
     154,384	   0,0346041	167,3
     154,413	   0,0348042	169,6
     154,443	   0,0342592	169,0
     154,472	   0,0317748	169,8
     154,501	   0,0309675	167,7
     154,531	   0,0314261	166,5
      154,56	   0,0319844	166,5
     154,589	   0,0316116	163,4
     154,619	   0,0316516	167,6
     154,648	   0,0319664	167,9
     154,677	   0,0318348	165,3
     154,707	   0,0315467	164,3
     154,736	   0,0302901	166,9
     154,765	   0,0291131	163,6
     154,795	   0,0291117	170,3
     154,824	   0,0299661	174,1
     154,853	   0,0306764	175,5
     154,883	   0,0296662	167,2
     154,912	   0,0284542	166,6
     154,941	   0,0277929	171,1
     154,971	   0,0299807	171,2
         155	   0,0284886	166,2
     155,029	   0,0276679	169,5
     155,059	   0,0285093	169,3
     155,088	   0,0273746	167,2
     155,117	    0,027866	173,2
     155,147	   0,0272518	164,5
     155,176	   0,0264095	175,8
     155,205	   0,0265802	165,8
     155,235	   0,0273208	176,2
     155,264	   0,0263002	167,2
     155,293	    0,027046	175,0
     155,323	   0,0256078	164,5
     155,352	   0,0270125	170,1
     155,381	   0,0269845	176,0
     155,411	   0,0253079	168,2
      155,44	   0,0254237	164,6
     155,469	   0,0263111	171,7
     155,499	   0,0259001	171,3
     155,528	    0,024074	166,8
     155,557	   0,0251581	167,3
     155,587	   0,0253573	165,7
     155,616	   0,0260194	173,6
     155,645	   0,0248412	174,8
     155,674	   0,0246698	174,2
     155,704	   0,0233803	172,1
     155,733	   0,0238582	171,6
     155,762	   0,0235159	178,4
     155,792	   0,0235532	175,5
     155,821	   0,0240985	172,7
      155,85	   0,0245239	173,4
      155,88	   0,0242003	172,3
     155,909	    0,022965	167,7
     155,938	   0,0220701	167,7
     155,968	   0,0218699	172,8
     155,997	   0,0234915	169,9
     156,026	   0,0235166	167,3
     156,056	   0,0216928	166,1
     156,085	   0,0219299	170,6
     156,114	   0,0231931	171,9
     156,144	   0,0213667	163,6
     156,173	   0,0207139	171,7
     156,202	   0,0228018	171,0
     156,232	   0,0205769	166,8
     156,261	   0,0222558	174,8
      156,29	   0,0202398	167,4
      156,32	   0,0216763	174,0
     156,349	   0,0205781	168,0
     156,378	   0,0220964	171,2
     156,408	   0,0197663	167,3
     156,437	   0,0214338	167,4
     156,466	   0,0209883	173,4
     156,496	   0,0195894	169,1
     156,525	   0,0211689	170,2
     156,554	   0,0200781	173,8
     156,584	   0,0188896	171,4
     156,613	   0,0193217	164,0
     156,642	   0,0209122	173,2
     156,672	   0,0205483	171,8
     156,701	   0,0193282	173,4
      156,73	   0,0186694	171,6
      156,76	   0,0184081	164,1
     156,789	   0,0186406	165,0
     156,818	   0,0194507	166,4
     156,848	   0,0193709	162,6
     156,877	    0,019621	171,2
     156,906	   0,0192466	171,3
     156,935	   0,0192427	163,6
     156,965	   0,0183139	165,6
     156,994	   0,0178034	166,9
     157,023	   0,0175934	167,8
     157,053	   0,0183961	171,8
     157,082	     0,01909	176,9
     157,111	   0,0192036	174,1
     157,141	   0,0180035	165,5
      157,17	   0,0169944	167,4
     157,199	   0,0189035	176,9
     157,229	   0,0191962	171,1
     157,258	   0,0167923	166,3
     157,287	   0,0175982	174,3
     157,317	   0,0184328	169,7
     157,346	   0,0170887	171,2
     157,375	    0,017879	170,6
     157,405	   0,0169869	171,7
     157,434	    0,018184	173,1
     157,463	    0,016615	167,5
     157,493	   0,0180101	172,7
     157,522	   0,0161552	171,8
     157,551	   0,0176735	171,7
     157,581	   0,0177244	175,5
      157,61	   0,0166058	164,6
     157,639	   0,0175405	179,3
     157,669	   0,0158516	174,1
     157,698	   0,0159507	168,3
     157,727	   0,0171634	169,5
     157,757	    0,016531	172,8
     157,786	   0,0164085	175,5
     157,815	   0,0160348	169,5
     157,845	   0,0158426	165,0
     157,874	   0,0156224	162,6
     157,903	   0,0170371	170,6
     157,933	   0,0171909	172,6
     157,962	   0,0165123	175,7
     157,991	   0,0166412	173,5
     158,021	   0,0164197	175,1
      158,05	   0,0166288	174,3
     158,079	   0,0168842	171,4
     158,109	   0,0160933	167,0
     158,138	   0,0154854	165,0
     158,167	   0,0149434	164,8
     158,196	   0,0146118	168,1
     158,226	   0,0155501	174,7
     158,255	   0,0158932	172,9
     158,284	   0,0161982	169,0
     158,314	   0,0147692	165,0
     158,343	   0,0142206	166,3
     158,372	    0,015617	171,4
     158,402	   0,0150324	167,9
     158,431	   0,0146646	174,5
      158,46	   0,0155352	177,7
      158,49	   0,0137514	164,0
     158,519	   0,0150473	176,4
     158,548	   0,0154073	169,2
     158,578	   0,0137226	168,0
     158,607	   0,0147879	166,9
     158,636	   0,0139467	177,6
     158,666	    0,014969	170,5
     158,695	   0,0140967	172,9
     158,724	    0,013443	165,6
     158,754	    0,015436	174,2
     158,783	   0,0137386	173,9
     158,812	   0,0140232	163,8
     158,842	   0,0147147	173,6
     158,871	   0,0136045	171,1
       158,9	   0,0129974	163,2
      158,93	    0,014644	166,4
     158,959	   0,0143451	172,1
     158,988	    0,013823	175,3
     159,018	   0,0129113	163,3
     159,047	    0,013672	164,6
     159,076	   0,0139143	165,2
     159,106	   0,0141896	164,5
     159,135	   0,0142028	170,4
     159,164	   0,0140428	172,3
     159,194	   0,0139851	169,1
     159,223	    0,014439	172,7
     159,252	   0,0141854	169,2
     159,282	   0,0142753	167,9
     159,311	   0,0131099	168,7
      159,34	   0,0123712	163,4
      159,37	   0,0127485	170,5
     159,399	   0,0141955	176,9
     159,428	   0,0130925	165,0
     159,457	   0,0122466	163,7
     159,487	   0,0133646	173,0
     159,516	   0,0125399	164,2
     159,545	   0,0123757	166,7
     159,575	   0,0133374	174,4
     159,604	    0,012388	164,6
     159,633	   0,0135766	173,5
     159,663	   0,0123946	168,9
     159,692	   0,0130285	176,3
     159,721	   0,0128585	164,8
     159,751	   0,0130229	175,7
      159,78	   0,0123533	173,2
     159,809	   0,0135847	172,4
     159,839	   0,0124921	173,9
     159,868	   0,0129116	165,6
     159,897	   0,0132171	174,8
     159,927	   0,0121064	171,6
     159,956	    0,012913	166,6
     159,985	   0,0130503	172,2
     160,015	   0,0126163	179,2
     160,044	   0,0115656	162,7
     160,073	   0,0120423	162,0
     160,103	   0,0123601	172,2
     160,132	   0,0129064	175,4
     160,161	   0,0129693	177,4
     160,191	   0,0114349	171,7
      160,22	   0,0120083	177,7
     160,249	   0,0112421	167,4
     160,279	   0,0114108	164,7
     160,308	   0,0115862	166,7
     160,337	   0,0114101	166,0
     160,367	   0,0112604	171,3
     160,396	   0,0112363	161,9
     160,425	    0,011107	169,4
     160,455	   0,0115491	166,9
     160,484	   0,0123182	177,8
     160,513	    0,012201	177,6
     160,543	   0,0121444	168,3
     160,572	   0,0121289	168,8
     160,601	   0,0109138	165,1
      160,63	     0,01196	176,3
      160,66	   0,0119356	170,6
     160,689	   0,0114912	165,1
     160,718	   0,0118611	169,2
     160,748	   0,0118418	175,6
     160,777	   0,0109517	162,4
     160,806	   0,0122211	173,4
     160,836	   0,0119381	168,9
     160,865	   0,0108043	167,0
     160,894	   0,0115226	166,8
     160,924	   0,0108996	165,1
     160,953	   0,0113343	168,5
     160,982	   0,0108287	168,8
     161,012	   0,0116126	166,6
     161,041	   0,0120411	176,8
      161,07	   0,0107357	163,7
       161,1	   0,0114296	169,1
     161,129	   0,0111308	175,3
     161,158	    0,011375	166,6
     161,188	   0,0114834	171,0
     161,217	   0,0107948	167,6
     161,246	   0,0111135	175,9
     161,276	   0,0104367	166,9
     161,305	   0,0106161	164,0
     161,334	   0,0110631	167,4
     161,364	   0,0113852	169,8
     161,393	   0,0113329	178,1
     161,422	   0,0115546	171,8
     161,452	   0,0112219	172,2
     161,481	   0,0105414	173,5
      161,51	   0,0105258	170,6
      161,54	   0,0112671	176,2
     161,569	    0,011324	175,4
     161,598	   0,0112904	172,4
     161,628	   0,0107414	170,6
     161,657	   0,0103622	166,6
     161,686	  0,00991756	166,5
     161,716	   0,0101405	170,9
     161,745	   0,0110944	178,5
     161,774	    0,011192	167,3
     161,804	    0,009963	165,2
     161,833	  0,00985213	169,7
     161,862	   0,0111544	174,4
     161,891	   0,0105369	166,2
     161,921	   0,0096164	165,7
      161,95	   0,0109998	176,3
     161,979	  0,00990747	162,0
     162,009	   0,0106715	176,7
     162,038	  0,00961744	162,1
     162,067	   0,0109957	174,4
     162,097	  0,00959909	161,1
     162,126	   0,0108357	174,7
     162,155	   0,0107113	175,2
     162,185	   0,0100156	167,8
     162,214	   0,0109736	171,4
     162,243	  0,00962972	168,0
     162,273	   0,0095844	166,7
     162,302	   0,0106748	170,7
     162,331	   0,0104068	176,2
     162,361	  0,00954716	167,4
      162,39	  0,00985493	170,7
     162,419	  0,00959589	165,2
     162,449	  0,00997826	165,9
     162,478	  0,00984534	162,3
     162,507	   0,0103195	168,9
     162,537	   0,0105413	180,2
     162,566	  0,00986273	170,3
     162,595	    0,010104	175,4
     162,625	   0,0103742	168,2
     162,654	  0,00983383	174,4
     162,683	   0,0100058	169,6
     162,713	   0,0102258	179,3
     162,742	  0,00954608	164,4
     162,771	  0,00952939	163,6
     162,801	  0,00903744	164,1
      162,83	  0,00921788	169,9
     162,859	    0,010061	179,7
     162,889	  0,00963338	167,2
     162,918	   0,0091215	163,5
     162,947	  0,00912214	165,1
     162,977	   0,0100052	168,5
     163,006	  0,00894411	160,2
     163,035	  0,00982648	178,5
     163,065	    0,010209	173,8
     163,094	  0,00917411	170,7
     163,123	  0,00968151	172,0
     163,152	  0,00887118	161,6
     163,182	  0,00979775	170,5
     163,211	  0,00893405	163,8
      163,24	  0,00927101	162,9
      163,27	  0,00948675	172,3
     163,299	  0,00894741	166,2
     163,328	  0,00978774	174,6
     163,358	  0,00899546	161,0
     163,387	  0,00904859	163,2
     163,416	  0,00964834	175,0
     163,446	  0,00912539	166,6
     163,475	  0,00845886	161,9
     163,504	  0,00900592	162,9
     163,534	  0,00980449	171,2
     163,563	  0,00910239	180,1
     163,592	  0,00941918	174,8
     163,622	  0,00856013	167,3
     163,651	   0,0086314	161,5
      163,68	  0,00892692	163,6
      163,71	  0,00840009	158,7
     163,739	  0,00887334	165,2
     163,768	  0,00873559	164,4
     163,798	  0,00895502	174,4
     163,827	  0,00916275	173,2
     163,856	  0,00917008	175,1
     163,886	   0,0097073	179,7
     163,915	  0,00904997	169,0
     163,944	  0,00934495	169,9
     163,974	  0,00875465	164,3
     164,003	  0,00879818	167,5
     164,032	  0,00913908	173,7
     164,062	  0,00924531	177,2
     164,091	  0,00917993	173,0
      164,12	   0,0088141	170,8
      164,15	  0,00920765	175,0
     164,179	  0,00873429	163,6
     164,208	  0,00871103	165,1
     164,238	  0,00904883	173,6
     164,267	  0,00857591	164,1
     164,296	  0,00934581	177,4
     164,326	  0,00830828	160,2
     164,355	   0,0089863	176,8
     164,384	  0,00840995	163,4
     164,413	  0,00851277	165,9
     164,443	  0,00866602	174,4
     164,472	  0,00879128	167,2
     164,501	  0,00909575	171,6
     164,531	  0,00830241	164,9
      164,56	   0,0084032	166,7
     164,589	  0,00866975	166,2
     164,619	  0,00821566	169,2
     164,648	  0,00797987	161,1
     164,677	  0,00796125	160,3
     164,707	  0,00813864	161,1
     164,736	  0,00870411	165,8
     164,765	  0,00858968	172,7
     164,795	  0,00911429	177,3
     164,824	  0,00877625	177,8
     164,853	  0,00807615	165,1
     164,883	  0,00854756	173,3
     164,912	   0,0087168	177,4
     164,941	  0,00850305	176,3
     164,971	  0,00832666	166,8
         165	  0,00857719	172,6

