X-Data [Hz]	Laser (M - Filtered) [m/s]	Phase [Deg]	Laser (M - Filtered) [m/s]	Phase [Deg]	
	002: [07-01-24 08:50]		003: [07-01-24 08:57]	
          34	  0,00857859	87,1	  0,00925905	86,3
      34,002	  0,00881725	88,5	   0,0092681	87,3
     34,0039	  0,00891105	88,2	  0,00932658	87,4
     34,0059	  0,00901883	87,2	  0,00927898	89,3
     34,0078	  0,00915511	86,7	  0,00924521	87,0
     34,0098	  0,00915013	85,7	  0,00936482	87,2
     34,0117	  0,00914959	85,9	  0,00934446	87,2
     34,0137	  0,00921466	88,2	  0,00930799	86,6
     34,0156	  0,00919481	87,6	  0,00942066	87,5
     34,0176	  0,00920282	87,3	  0,00940971	87,1
     34,0196	  0,00905997	87,4	  0,00936914	87,1
     34,0215	   0,0092481	87,3	  0,00936951	88,4
     34,0235	  0,00925931	87,0	  0,00938281	88,3
     34,0254	  0,00940764	85,1	  0,00937012	88,5
     34,0274	  0,00927842	85,6	  0,00941908	88,5
     34,0293	  0,00922012	87,8	  0,00944085	88,7
     34,0313	  0,00932711	88,0	  0,00942633	88,3
     34,0332	  0,00924373	88,0	  0,00946692	86,4
     34,0352	  0,00927044	88,5	   0,0095634	87,0
     34,0371	  0,00932933	87,6	  0,00960535	87,1
     34,0391	  0,00932302	87,0	  0,00949291	88,9
     34,0411	  0,00929311	86,5	  0,00951506	87,3
      34,043	  0,00925789	86,9	  0,00938475	88,5
      34,045	  0,00937926	87,3	  0,00939499	88,8
     34,0469	   0,0094827	88,4	  0,00948817	88,7
     34,0489	  0,00943617	87,5	  0,00954104	88,4
     34,0508	  0,00934761	88,9	  0,00960793	87,9
     34,0528	  0,00933119	89,3	  0,00956895	89,1
     34,0547	  0,00935429	87,4	   0,0095206	88,3
     34,0567	  0,00951274	86,8	  0,00965895	88,1
     34,0587	  0,00949147	87,1	  0,00975974	87,5
     34,0606	  0,00942255	86,5	   0,0094937	90,0
     34,0626	  0,00946764	85,3	  0,00953641	87,3
     34,0645	  0,00943823	88,2	  0,00959029	89,3
     34,0665	  0,00943661	89,7	  0,00958685	89,5
     34,0684	  0,00945169	88,3	  0,00976371	90,2
     34,0704	  0,00961285	87,7	  0,00980342	88,6
     34,0723	  0,00970953	86,9	  0,00973435	87,9
     34,0743	  0,00955977	88,2	   0,0097484	88,3
     34,0762	   0,0095005	86,8	  0,00977011	89,0
     34,0782	  0,00957303	88,6	  0,00971518	89,2
     34,0802	  0,00963568	88,8	   0,0098591	89,4
     34,0821	  0,00960842	88,5	  0,00986299	89,4
     34,0841	  0,00967008	89,6	  0,00980629	90,0
      34,086	   0,0097053	88,7	   0,0097647	88,5
      34,088	   0,0096216	88,8	  0,00973257	89,3
     34,0899	  0,00955958	88,6	  0,00986758	88,4
     34,0919	  0,00959304	88,7	   0,0098043	89,4
     34,0938	  0,00981976	88,0	  0,00987839	89,9
     34,0958	  0,00986601	88,0	  0,00980653	90,1
     34,0978	  0,00975296	88,8	    0,009813	89,3
     34,0997	  0,00967546	88,2	    0,009884	90,0
     34,1017	  0,00969939	89,4	  0,00991578	88,2
     34,1036	  0,00975544	89,1	  0,00998843	88,8
     34,1056	   0,0097506	88,5	  0,00998463	88,6
     34,1075	  0,00974448	88,2	  0,00994387	89,2
     34,1095	  0,00976922	88,5	  0,00993895	89,5
     34,1114	   0,0098663	88,9	   0,0099113	89,0
     34,1134	  0,00978982	89,4	   0,0100505	90,4
     34,1153	  0,00979621	90,1	   0,0100962	91,4
     34,1173	  0,00979686	89,8	   0,0100025	89,3
     34,1193	  0,00989375	89,8	   0,0100076	89,5
     34,1212	  0,00991437	88,2	   0,0101855	89,3
     34,1232	  0,00993065	88,8	   0,0101138	89,7
     34,1251	  0,00983856	90,1	   0,0100672	92,6
     34,1271	  0,00981326	91,0	   0,0100422	90,3
      34,129	  0,00989529	89,1	   0,0100662	89,9
      34,131	   0,0099853	88,4	   0,0101331	90,0
     34,1329	   0,0100103	88,0	   0,0101097	88,9
     34,1349	   0,0100557	87,8	   0,0101075	89,4
     34,1369	  0,00993465	88,6	    0,010313	90,2
     34,1388	   0,0100394	90,0	   0,0102856	91,8
     34,1408	   0,0100743	92,0	   0,0101431	92,4
     34,1427	   0,0100542	87,9	   0,0101924	90,8
     34,1447	   0,0100549	87,8	   0,0102284	91,3
     34,1466	   0,0100029	88,9	   0,0102589	89,4
     34,1486	   0,0100585	90,9	   0,0102981	90,8
     34,1505	   0,0101661	89,2	   0,0101965	90,1
     34,1525	   0,0102208	89,2	   0,0102698	91,6
     34,1544	   0,0101128	88,4	   0,0102541	92,2
     34,1564	   0,0100803	89,2	   0,0102028	92,4
     34,1584	   0,0102174	89,8	   0,0102484	92,3
     34,1603	   0,0102396	89,9	   0,0102626	90,7
     34,1623	   0,0102357	90,3	   0,0103177	90,3
     34,1642	   0,0101366	89,4	   0,0103502	92,3
     34,1662	   0,0101547	89,8	   0,0104273	91,1
     34,1681	   0,0102352	91,6	   0,0104323	91,9
     34,1701	   0,0102813	89,6	   0,0104578	92,0
      34,172	    0,010172	92,3	   0,0104885	89,8
      34,174	   0,0102364	91,9	   0,0104806	90,7
      34,176	   0,0103797	90,7	   0,0104735	90,1
     34,1779	   0,0103439	90,5	   0,0104191	92,1
     34,1799	   0,0103674	89,7	   0,0105913	91,2
     34,1818	   0,0103249	90,6	   0,0105665	92,9
     34,1838	   0,0103392	91,1	   0,0105303	92,0
     34,1857	   0,0104475	92,1	   0,0105975	90,2
     34,1877	   0,0104062	91,3	   0,0105845	90,8
     34,1896	   0,0104285	90,7	   0,0105747	93,8
     34,1916	   0,0104173	90,8	   0,0106234	92,3
     34,1936	   0,0103663	89,8	   0,0106324	92,4
     34,1955	   0,0103828	91,9	   0,0106486	92,6
     34,1975	   0,0104214	93,1	   0,0106921	91,8
     34,1994	   0,0105502	92,2	   0,0107207	91,1
     34,2014	    0,010533	91,6	   0,0107268	92,4
     34,2033	   0,0105167	90,8	   0,0106976	93,8
     34,2053	   0,0105762	90,3	   0,0107367	92,4
     34,2072	   0,0105027	91,2	    0,010673	93,3
     34,2092	   0,0105104	92,3	   0,0107124	92,5
     34,2111	   0,0105978	91,0	   0,0107367	91,6
     34,2131	   0,0106576	91,7	   0,0107547	91,7
     34,2151	   0,0106414	89,6	   0,0107773	90,9
      34,217	    0,010763	91,5	   0,0107414	94,1
      34,219	   0,0106335	90,5	   0,0108282	92,9
     34,2209	   0,0106255	91,8	   0,0108363	94,1
     34,2229	   0,0106462	93,9	   0,0108822	93,3
     34,2248	   0,0107714	92,1	   0,0108752	92,4
     34,2268	    0,010822	91,4	   0,0109498	92,4
     34,2287	    0,010738	91,1	   0,0109264	91,7
     34,2307	   0,0107535	93,2	   0,0109229	93,1
     34,2327	   0,0108153	92,1	   0,0109941	93,4
     34,2346	   0,0108325	92,5	   0,0109842	93,6
     34,2366	   0,0108836	91,5	   0,0109822	94,2
     34,2385	   0,0108569	93,4	   0,0109662	91,7
     34,2405	   0,0107868	92,6	   0,0110474	92,4
     34,2424	   0,0108264	91,5	   0,0110911	91,4
     34,2444	   0,0107818	91,5	   0,0111966	94,9
     34,2463	   0,0108843	91,8	   0,0111197	93,6
     34,2483	   0,0109571	90,9	   0,0110422	93,9
     34,2502	    0,010933	91,3	   0,0110606	93,2
     34,2522	   0,0110327	91,7	   0,0111025	92,0
     34,2542	   0,0109783	92,4	   0,0111551	93,1
     34,2561	   0,0109048	92,8	   0,0111946	94,5
     34,2581	   0,0109179	92,0	    0,011232	93,6
       34,26	   0,0110214	91,8	   0,0112368	93,7
      34,262	   0,0110699	93,2	   0,0112038	95,0
     34,2639	   0,0111495	92,7	    0,011269	93,1
     34,2659	    0,011233	93,4	   0,0113686	93,6
     34,2678	   0,0110872	93,0	   0,0112834	94,8
     34,2698	   0,0111486	93,4	   0,0113067	94,9
     34,2718	   0,0111367	91,8	   0,0113665	94,5
     34,2737	   0,0112343	91,4	   0,0113536	93,8
     34,2757	   0,0112579	94,3	   0,0113899	92,9
     34,2776	    0,011256	93,0	   0,0114752	92,9
     34,2796	   0,0112424	93,2	   0,0115504	92,4
     34,2815	   0,0112968	92,8	   0,0115633	95,3
     34,2835	   0,0112712	93,4	   0,0114971	94,6
     34,2854	      0,0112	93,4	   0,0115333	94,1
     34,2874	   0,0112573	93,4	   0,0116049	94,4
     34,2893	   0,0113127	91,3	    0,011534	96,1
     34,2913	   0,0114099	93,3	   0,0115283	95,2
     34,2933	   0,0114023	92,2	   0,0115111	95,2
     34,2952	   0,0113715	93,0	   0,0115955	94,9
     34,2972	   0,0114438	95,0	   0,0116868	93,5
     34,2991	   0,0114329	95,2	   0,0117904	93,2
     34,3011	   0,0115024	93,5	   0,0117468	95,8
      34,303	   0,0114841	92,9	   0,0117002	94,8
      34,305	   0,0114566	93,9	   0,0117544	95,0
     34,3069	   0,0116241	96,1	   0,0117458	97,1
     34,3089	   0,0116167	95,3	   0,0118328	95,3
     34,3109	   0,0115293	93,0	   0,0118482	94,8
     34,3128	   0,0115918	93,4	   0,0119201	93,4
     34,3148	   0,0115664	94,1	   0,0118845	96,6
     34,3167	   0,0117127	95,7	   0,0119681	95,1
     34,3187	   0,0117292	95,3	   0,0119638	93,3
     34,3206	   0,0117352	94,2	   0,0120593	94,4
     34,3226	   0,0117335	93,7	   0,0120053	93,2
     34,3245	    0,011804	93,6	   0,0119253	97,1
     34,3265	   0,0118264	95,3	   0,0118729	97,1
     34,3284	   0,0117762	94,9	   0,0120148	94,9
     34,3304	   0,0118129	94,5	   0,0120622	94,8
     34,3324	   0,0118154	95,4	   0,0121211	94,4
     34,3343	   0,0118762	94,1	   0,0121776	93,4
     34,3363	   0,0119455	95,1	   0,0122962	93,4
     34,3382	   0,0119631	94,5	   0,0123181	95,0
     34,3402	   0,0119725	97,1	   0,0122118	97,6
     34,3421	   0,0119643	93,4	   0,0122416	95,5
     34,3441	   0,0119675	95,0	   0,0123014	95,2
      34,346	   0,0119703	94,9	   0,0122715	96,2
      34,348	   0,0120157	95,2	   0,0122215	95,4
       34,35	   0,0120669	96,0	   0,0122277	97,1
     34,3519	   0,0121099	95,5	   0,0124184	91,9
     34,3539	   0,0121841	95,3	    0,012571	94,4
     34,3558	   0,0122017	95,3	   0,0125558	94,6
     34,3578	   0,0121928	94,0	   0,0125243	96,3
     34,3597	   0,0122776	94,4	   0,0125551	96,3
     34,3617	   0,0122851	96,3	   0,0126896	93,8
     34,3636	   0,0123322	98,1	   0,0125646	96,5
     34,3656	   0,0124139	95,0	   0,0125589	95,4
     34,3675	   0,0123343	94,2	   0,0127309	95,2
     34,3695	   0,0124574	94,7	   0,0126849	97,9
     34,3715	   0,0124655	95,8	   0,0125979	95,8
     34,3734	   0,0124663	96,5	   0,0127288	95,2
     34,3754	   0,0124827	97,8	   0,0127611	96,7
     34,3773	   0,0125541	96,9	   0,0128419	97,0
     34,3793	   0,0126615	96,3	   0,0128779	97,5
     34,3812	   0,0126246	96,1	   0,0128399	98,5
     34,3832	   0,0126234	96,0	   0,0128937	95,3
     34,3851	   0,0124962	98,4	   0,0128936	97,3
     34,3871	   0,0125524	97,4	   0,0128517	97,3
     34,3891	   0,0126295	95,9	    0,012927	98,4
      34,391	   0,0126538	97,3	   0,0129516	97,9
      34,393	   0,0127126	98,4	    0,012976	98,9
     34,3949	   0,0127875	96,3	   0,0130375	98,1
     34,3969	   0,0127104	95,7	    0,012952	92,8
     34,3988	   0,0128367	94,6	   0,0130637	96,8
     34,4008	   0,0128131	97,6	   0,0131421	99,5
     34,4027	   0,0127904	98,4	   0,0130782	98,5
     34,4047	   0,0128297	97,8	   0,0132089	99,2
     34,4066	    0,012882	96,8	   0,0132913	97,3
     34,4086	   0,0129461	96,6	   0,0133025	96,0
     34,4106	   0,0130664	98,3	   0,0133128	100,3
     34,4125	   0,0130408	96,5	   0,0133146	99,5
     34,4145	   0,0130785	95,8	      0,0133	98,9
     34,4164	   0,0130999	97,5	   0,0133215	98,0
     34,4184	   0,0131951	97,2	   0,0134553	97,0
     34,4203	   0,0132155	98,4	   0,0134428	96,0
     34,4223	   0,0131683	99,3	   0,0133882	97,6
     34,4242	   0,0132708	96,8	   0,0133799	99,2
     34,4262	   0,0132512	100,1	   0,0133234	97,8
     34,4282	   0,0132901	98,1	   0,0134844	100,5
     34,4301	   0,0133659	99,2	   0,0136429	99,4
     34,4321	   0,0133517	98,3	   0,0134873	99,3
      34,434	   0,0133855	101,0	   0,0136766	99,7
      34,436	   0,0134463	99,5	   0,0136797	99,0
     34,4379	   0,0134277	100,7	    0,013958	97,5
     34,4399	    0,013554	98,9	   0,0137889	99,3
     34,4418	   0,0135949	97,8	   0,0139922	100,9
     34,4438	   0,0135724	99,7	   0,0139313	100,5
     34,4457	   0,0136444	99,5	   0,0134978	100,2
     34,4477	   0,0136494	99,8	   0,0136989	99,2
     34,4497	   0,0136764	100,5	    0,013595	99,3
     34,4516	   0,0137447	98,5	   0,0139615	101,1
     34,4536	   0,0136965	99,4	   0,0139338	99,9
     34,4555	    0,013733	100,8	   0,0138875	102,6
     34,4575	   0,0138877	98,9	   0,0140231	101,7
     34,4594	   0,0138361	101,6	   0,0142198	99,8
     34,4614	    0,013878	100,4	   0,0140459	100,4
     34,4633	   0,0138607	99,4	   0,0138348	102,9
     34,4653	     0,01398	99,3	   0,0140197	99,0
     34,4673	   0,0140335	100,7	   0,0143272	100,4
     34,4692	   0,0140909	102,1	   0,0140384	100,9
     34,4712	    0,014146	102,1	   0,0143193	101,9
     34,4731	   0,0142353	99,4	   0,0143568	104,4
     34,4751	   0,0142258	99,1	   0,0144298	102,2
      34,477	    0,014207	101,7	   0,0145205	101,0
      34,479	   0,0142302	101,3	   0,0144678	101,1
     34,4809	   0,0142862	100,0	   0,0145352	101,8
     34,4829	   0,0143819	102,5	   0,0146745	103,0
     34,4848	   0,0144964	101,9	   0,0144847	102,1
     34,4868	    0,014523	102,4	   0,0145558	103,7
     34,4888	   0,0145338	103,1	   0,0147409	103,1
     34,4907	   0,0145912	101,2	   0,0147099	104,3
     34,4927	   0,0145967	102,6	   0,0148307	103,6
     34,4946	   0,0145947	102,5	   0,0148385	100,2
     34,4966	   0,0146757	100,4	   0,0150259	102,1
     34,4985	   0,0145789	101,3	    0,015088	102,3
     34,5005	   0,0146517	103,8	   0,0146824	104,8
     34,5024	   0,0147568	103,4	   0,0149447	107,2
     34,5044	   0,0148826	103,0	    0,014926	104,6
     34,5064	   0,0149622	101,0	   0,0151415	104,7
     34,5083	   0,0150499	102,5	   0,0151426	105,2
     34,5103	   0,0150253	103,7	   0,0151801	104,1
     34,5122	   0,0150457	104,0	   0,0150119	105,5
     34,5142	   0,0150733	104,1	   0,0153648	103,9
     34,5161	   0,0151549	101,5	   0,0154714	101,8
     34,5181	   0,0151509	102,5	   0,0158945	104,3
       34,52	   0,0152396	104,0	   0,0154496	103,9
      34,522	   0,0152434	104,6	   0,0156192	105,3
     34,5239	   0,0152598	103,2	   0,0154675	106,5
     34,5259	   0,0153375	103,4	   0,0148507	104,2
     34,5279	   0,0153026	105,5	    0,015236	105,9
     34,5298	   0,0154439	104,9	   0,0152586	106,5
     34,5318	   0,0154956	103,8	    0,015539	105,7
     34,5337	   0,0155445	104,2	   0,0154435	106,4
     34,5357	   0,0155954	105,8	   0,0158905	106,5
     34,5376	   0,0156509	105,3	    0,015721	105,9
     34,5396	   0,0156427	104,3	   0,0158564	107,2
     34,5415	   0,0156807	104,7	    0,015852	108,7
     34,5435	    0,015708	107,3	   0,0158086	108,2
     34,5455	   0,0157909	106,6	   0,0159399	109,1
     34,5474	   0,0158983	106,7	   0,0157207	106,9
     34,5494	   0,0159143	104,6	   0,0161669	107,8
     34,5513	   0,0159806	106,4	   0,0161892	109,4
     34,5533	   0,0160381	107,4	   0,0163106	106,4
     34,5552	   0,0160832	106,4	   0,0164142	108,8
     34,5572	   0,0161495	105,9	    0,015971	109,8
     34,5591	   0,0162053	106,5	    0,016297	108,3
     34,5611	   0,0163372	107,8	    0,016445	109,5
      34,563	   0,0163994	107,4	   0,0162057	108,3
      34,565	   0,0163875	106,0	    0,016376	109,5
      34,567	     0,01637	107,7	   0,0165507	111,0
     34,5689	   0,0163744	108,6	   0,0166324	109,3
     34,5709	   0,0164455	108,8	   0,0166227	110,8
     34,5728	   0,0165289	108,1	   0,0167099	112,1
     34,5748	   0,0166866	108,0	   0,0168634	110,0
     34,5767	   0,0165837	107,6	   0,0167372	111,4
     34,5787	    0,016616	111,5	   0,0166874	110,3
     34,5806	   0,0167373	108,2	   0,0170174	111,4
     34,5826	   0,0168026	108,3	    0,016924	110,8
     34,5846	   0,0168029	108,7	   0,0168488	109,9
     34,5865	   0,0169006	110,4	   0,0165056	110,0
     34,5885	   0,0169604	110,2	   0,0171008	112,3
     34,5904	   0,0170513	109,2	   0,0171211	113,0
     34,5924	   0,0171137	108,9	   0,0172845	113,7
     34,5943	   0,0171383	112,3	   0,0174889	111,3
     34,5963	   0,0172038	110,3	   0,0176798	111,1
     34,5982	   0,0173084	111,3	   0,0175621	113,9
     34,6002	   0,0173269	108,2	   0,0176156	112,4
     34,6021	   0,0172942	112,2	   0,0175846	112,8
     34,6041	   0,0173255	111,1	   0,0176115	113,8
     34,6061	    0,017474	110,3	   0,0178096	115,5
      34,608	    0,017628	112,5	   0,0177649	114,5
       34,61	   0,0175062	113,1	   0,0178934	112,9
     34,6119	   0,0175262	111,9	   0,0179189	114,7
     34,6139	    0,017587	111,9	   0,0180354	115,9
     34,6158	   0,0177047	113,3	   0,0180941	113,5
     34,6178	   0,0178072	113,0	   0,0179873	116,0
     34,6197	   0,0179306	112,6	   0,0179929	114,6
     34,6217	   0,0179103	112,6	   0,0178999	113,8
     34,6237	   0,0179879	114,4	   0,0181268	115,1
     34,6256	   0,0180592	115,6	   0,0180212	117,2
     34,6276	   0,0181137	116,0	   0,0180698	114,6
     34,6295	   0,0181913	114,0	   0,0181572	114,4
     34,6315	   0,0182927	114,8	   0,0181412	115,2
     34,6334	   0,0183442	114,9	   0,0186572	117,2
     34,6354	   0,0184787	114,5	   0,0186314	116,2
     34,6373	   0,0184291	115,1	   0,0185464	118,7
     34,6393	   0,0184589	116,0	   0,0186956	119,7
     34,6413	   0,0185798	115,9	   0,0188184	118,2
     34,6432	   0,0186498	117,3	   0,0191104	117,0
     34,6452	   0,0187198	115,1	   0,0188862	119,6
     34,6471	   0,0187254	117,4	   0,0186888	118,9
     34,6491	   0,0187833	118,4	   0,0189517	119,7
      34,651	   0,0187763	118,0	   0,0190139	117,6
      34,653	   0,0188884	116,1	   0,0190804	120,8
     34,6549	   0,0189919	118,1	   0,0189281	121,1
     34,6569	   0,0190248	118,6	   0,0188942	118,7
     34,6588	    0,019103	117,8	   0,0191947	119,1
     34,6608	   0,0191863	117,0	   0,0191055	120,4
     34,6628	   0,0192298	119,0	   0,0192429	122,5
     34,6647	   0,0192911	118,4	     0,01958	118,8
     34,6667	   0,0193917	118,5	   0,0197861	121,3
     34,6686	   0,0193921	120,9	   0,0195387	122,5
     34,6706	   0,0194818	120,3	   0,0198922	122,0
     34,6725	   0,0195765	118,5	   0,0197344	121,0
     34,6745	   0,0195977	118,2	   0,0200233	123,0
     34,6764	   0,0195343	120,7	   0,0197398	124,3
     34,6784	   0,0196687	121,0	   0,0200624	124,1
     34,6804	   0,0197633	119,8	   0,0199021	121,6
     34,6823	   0,0198195	122,1	   0,0198604	124,1
     34,6843	   0,0198711	121,8	   0,0200097	126,4
     34,6862	   0,0199541	120,6	   0,0200958	124,8
     34,6882	    0,020043	123,4	   0,0203493	123,5
     34,6901	   0,0200542	123,3	   0,0198878	126,3
     34,6921	   0,0201312	122,0	    0,020202	125,9
      34,694	   0,0202675	121,6	    0,019822	124,9
      34,696	   0,0203352	123,8	   0,0204896	124,7
     34,6979	   0,0203089	124,6	    0,020008	127,1
     34,6999	   0,0204063	123,5	   0,0199789	127,3
     34,7019	   0,0204121	124,5	   0,0203953	124,8
     34,7038	   0,0204348	126,5	   0,0201088	128,7
     34,7058	   0,0205962	125,5	   0,0204983	128,7
     34,7077	   0,0206297	124,2	   0,0200695	128,4
     34,7097	   0,0206235	126,9	   0,0207061	127,0
     34,7116	   0,0206456	126,6	    0,020713	129,7
     34,7136	   0,0207416	125,9	   0,0209048	130,3
     34,7155	   0,0208173	127,2	   0,0211382	129,1
     34,7175	    0,020865	129,0	   0,0208705	131,7
     34,7195	    0,020937	125,9	   0,0209678	130,5
     34,7214	   0,0209587	127,1	   0,0208488	130,4
     34,7234	   0,0209462	129,3	   0,0211624	129,0
     34,7253	   0,0210173	129,3	   0,0210786	132,7
     34,7273	   0,0212004	126,6	   0,0211313	132,6
     34,7292	   0,0212573	128,9	   0,0210251	133,0
     34,7312	   0,0213064	130,6	   0,0207861	131,1
     34,7331	   0,0212684	130,1	   0,0211306	134,9
     34,7351	    0,021319	130,1	   0,0212498	134,8
      34,737	   0,0213709	128,9	   0,0211574	133,1
      34,739	   0,0214741	131,1	   0,0211427	133,8
      34,741	   0,0214727	131,2	   0,0213416	134,4
     34,7429	   0,0215479	131,0	   0,0213209	135,5
     34,7449	   0,0216455	131,8	   0,0211367	134,7
     34,7468	   0,0216852	132,9	   0,0211275	135,6
     34,7488	   0,0217183	133,3	   0,0213837	133,4
     34,7507	   0,0216971	132,3	   0,0213869	134,0
     34,7527	   0,0217618	132,4	   0,0214596	136,8
     34,7546	   0,0218454	133,5	   0,0216275	135,9
     34,7566	   0,0219502	135,2	   0,0214207	135,8
     34,7586	   0,0219814	135,5	    0,021464	138,4
     34,7605	   0,0220781	136,6	   0,0211562	137,5
     34,7625	   0,0220425	136,1	    0,021622	137,2
     34,7644	   0,0220567	134,4	   0,0213184	138,0
     34,7664	   0,0221303	136,8	     0,02187	138,7
     34,7683	    0,022141	136,3	   0,0216683	139,9
     34,7703	   0,0221351	135,2	   0,0214844	138,6
     34,7722	   0,0222162	138,1	   0,0215943	140,7
     34,7742	   0,0222012	138,6	   0,0216626	139,4
     34,7761	   0,0222731	137,3	   0,0214657	143,4
     34,7781	   0,0223673	137,6	   0,0217262	139,9
     34,7801	   0,0223622	139,5	   0,0216545	143,2
      34,782	   0,0223759	140,9	   0,0216554	141,4
      34,784	   0,0224417	138,8	   0,0215137	144,7
     34,7859	   0,0224598	138,2	   0,0210784	141,5
     34,7879	   0,0225419	141,9	   0,0215164	141,6
     34,7898	   0,0225304	139,9	    0,021463	146,7
     34,7918	   0,0225529	140,5	   0,0213289	143,1
     34,7937	   0,0225115	139,1	   0,0216864	145,0
     34,7957	   0,0225239	141,4	   0,0217767	147,6
     34,7977	   0,0226234	141,5	    0,021519	144,3
     34,7996	   0,0226863	140,6	   0,0219469	146,3
     34,8016	   0,0226916	142,7	   0,0213774	145,7
     34,8035	   0,0227119	143,9	   0,0218017	147,2
     34,8055	   0,0226874	143,9	   0,0215306	147,2
     34,8074	   0,0227624	142,9	   0,0212983	146,9
     34,8094	   0,0228304	143,7	   0,0217162	149,2
     34,8113	   0,0227819	146,0	   0,0214678	148,3
     34,8133	   0,0229242	144,8	   0,0218177	147,4
     34,8153	   0,0228045	144,6	   0,0212072	149,1
     34,8172	   0,0227759	146,5	   0,0217463	149,7
     34,8192	    0,022823	145,4	   0,0216091	148,3
     34,8211	   0,0228103	146,2	   0,0216383	148,2
     34,8231	   0,0229198	147,1	    0,021606	149,1
      34,825	   0,0229658	147,6	   0,0215095	150,3
      34,827	   0,0230235	146,5	   0,0211478	150,1
     34,8289	   0,0230035	148,2	   0,0215616	148,9
     34,8309	   0,0229992	149,5	   0,0210045	151,0
     34,8328	    0,022994	148,6	   0,0215419	150,5
     34,8348	    0,022981	149,0	   0,0212195	154,6
     34,8368	   0,0229248	150,1	   0,0215148	153,3
     34,8387	   0,0229571	148,8	    0,021203	154,7
     34,8407	   0,0230622	150,7	   0,0211502	154,2
     34,8426	   0,0230501	151,9	   0,0210661	157,4
     34,8446	   0,0230102	150,5	   0,0209622	152,6
     34,8465	    0,022932	152,4	   0,0214544	153,1
     34,8485	   0,0229038	151,6	   0,0210421	157,6
     34,8504	   0,0229436	151,8	   0,0207123	154,6
     34,8524	   0,0228701	151,6	   0,0210239	156,8
     34,8544	   0,0228439	154,3	   0,0209648	160,0
     34,8563	   0,0229124	153,3	   0,0213664	156,5
     34,8583	   0,0229075	153,4	    0,021188	157,0
     34,8602	   0,0229842	155,0	   0,0211715	157,8
     34,8622	   0,0229343	154,5	   0,0210445	160,1
     34,8641	   0,0229124	156,8	   0,0211045	157,6
     34,8661	    0,022946	156,1	   0,0208581	159,7
      34,868	   0,0229409	156,0	   0,0208951	156,3
       34,87	   0,0229569	157,1	   0,0209132	161,0
     34,8719	    0,022872	159,1	   0,0206599	160,2
     34,8739	   0,0228687	156,2	   0,0208193	161,6
     34,8759	   0,0229161	157,8	   0,0203541	163,5
     34,8778	   0,0229135	159,0	    0,020796	163,5
     34,8798	   0,0229465	156,9	   0,0207691	162,7
     34,8817	   0,0228751	160,3	   0,0205575	160,5
     34,8837	   0,0228269	159,3	   0,0204904	165,1
     34,8856	   0,0228552	160,3	   0,0201898	163,3
     34,8876	   0,0227954	158,6	   0,0205617	161,8
     34,8895	    0,022865	161,0	    0,020451	163,1
     34,8915	   0,0227913	160,9	    0,020396	163,6
     34,8935	   0,0227507	160,5	   0,0204455	164,7
     34,8954	   0,0226705	163,7	   0,0202526	167,2
     34,8974	   0,0226648	163,0	   0,0199892	167,0
     34,8993	    0,022583	162,6	   0,0198646	164,1
     34,9013	   0,0225951	162,1	   0,0201132	165,7
     34,9032	   0,0226747	163,9	   0,0198928	167,6
     34,9052	    0,022636	164,0	   0,0203398	168,5
     34,9071	   0,0224195	165,1	   0,0201871	167,7
     34,9091	   0,0224555	162,8	   0,0200987	169,5
      34,911	   0,0224661	164,3	   0,0199294	168,0
      34,913	   0,0223554	164,5	   0,0199232	168,8
      34,915	     0,02244	167,0	   0,0198683	171,5
     34,9169	   0,0224544	164,2	   0,0197833	170,2
     34,9189	   0,0223709	165,7	   0,0198717	170,4
     34,9208	   0,0223197	166,9	   0,0196111	173,7
     34,9228	   0,0222764	164,6	   0,0197743	172,1
     34,9247	   0,0222752	167,0	   0,0196038	170,8
     34,9267	   0,0221931	166,3	   0,0197721	172,7
     34,9286	   0,0221928	167,0	   0,0195721	173,9
     34,9306	   0,0221814	167,1	   0,0194115	173,0
     34,9326	   0,0220804	168,6	   0,0193652	171,7
     34,9345	   0,0220117	167,4	   0,0195917	177,9
     34,9365	   0,0219454	170,5	    0,019468	174,2
     34,9384	   0,0219675	168,9	   0,0193663	173,3
     34,9404	   0,0219988	168,7	   0,0194381	173,9
     34,9423	   0,0218528	170,0	   0,0190969	175,0
     34,9443	   0,0217736	168,5	   0,0191663	178,8
     34,9462	   0,0218213	171,3	   0,0190659	172,4
     34,9482	   0,0218707	170,6	   0,0195981	175,5
     34,9501	   0,0217172	172,0	   0,0187751	179,2
     34,9521	   0,0216504	170,4	   0,0191272	178,6
     34,9541	   0,0216947	173,0	   0,0189697	174,6
      34,956	   0,0215668	171,8	   0,0190205	179,1
      34,958	   0,0215133	172,1	   0,0192036	175,7
     34,9599	   0,0215675	173,7	    0,018987	181,6
     34,9619	   0,0214588	173,4	   0,0184852	177,4
     34,9638	   0,0214679	171,4	   0,0190569	180,3
     34,9658	   0,0213294	175,7	   0,0189644	179,6
     34,9677	   0,0213253	172,9	   0,0189528	177,8
     34,9697	   0,0214107	174,7	   0,0191579	180,4
     34,9717	   0,0212988	175,9	   0,0191844	179,2
     34,9736	   0,0212276	174,0	   0,0187275	177,8
     34,9756	     0,02114	174,1	   0,0185926	181,8
     34,9775	    0,021154	175,5	   0,0186906	184,8
     34,9795	   0,0211097	176,7	   0,0187722	179,2
     34,9814	   0,0210132	176,3	   0,0183484	183,0
     34,9834	   0,0208846	177,5	   0,0182965	184,8
     34,9853	   0,0207878	176,1	   0,0188578	185,5
     34,9873	   0,0208408	175,6	   0,0181738	182,2
     34,9892	   0,0208129	177,3	   0,0183787	183,6
     34,9912	    0,020662	179,1	   0,0183204	178,8
     34,9932	    0,020627	176,6	    0,018575	182,9
     34,9951	   0,0206694	179,9	   0,0182601	185,4
     34,9971	   0,0205602	177,8	   0,0179992	180,9
      34,999	   0,0205047	178,1	   0,0184853	189,0
      35,001	   0,0204318	180,1	   0,0180705	184,7
     35,0029	   0,0204029	179,9	   0,0182264	186,1
     35,0049	   0,0204114	177,7	   0,0177309	187,5
     35,0068	   0,0203363	180,8	   0,0180122	182,8
     35,0088	   0,0202412	179,5	   0,0182065	184,8
     35,0108	   0,0202385	180,9	   0,0184535	188,7
     35,0127	     0,02017	180,5	   0,0183163	186,9
     35,0147	   0,0201569	180,2	   0,0182667	185,7
     35,0166	   0,0200773	181,2	   0,0179303	189,1
     35,0186	   0,0200419	180,5	   0,0180275	184,8
     35,0205	   0,0200128	183,0	   0,0176982	186,3
     35,0225	   0,0199431	182,4	   0,0177958	187,4
     35,0244	   0,0198129	181,3	   0,0174162	183,5
     35,0264	   0,0198769	182,2	   0,0178825	190,1
     35,0283	   0,0197322	183,1	   0,0179566	190,4
     35,0303	   0,0197875	179,6	   0,0178214	188,1
     35,0323	   0,0196042	184,0	   0,0177819	190,2
     35,0342	   0,0194515	182,5	   0,0174331	192,5
     35,0362	   0,0194635	182,8	   0,0178113	190,6
     35,0381	   0,0194269	183,5	   0,0175986	191,0
     35,0401	   0,0193695	185,0	   0,0174618	188,6
      35,042	   0,0193472	183,2	   0,0172776	189,4
      35,044	   0,0193103	185,4	    0,017671	190,2
     35,0459	   0,0192526	183,9	   0,0173242	190,7
     35,0479	   0,0192329	184,8	   0,0176829	190,4
     35,0499	   0,0191314	186,7	   0,0174239	194,2
     35,0518	   0,0190121	185,8	   0,0172101	188,6
     35,0538	    0,019069	185,8	   0,0170394	188,4
     35,0557	   0,0188804	186,4	   0,0175127	190,3
     35,0577	   0,0188865	184,2	   0,0172003	192,4
     35,0596	   0,0189084	188,2	   0,0172616	186,9
     35,0616	   0,0188637	186,0	   0,0173489	189,7
     35,0635	   0,0187852	186,9	   0,0172263	189,5
     35,0655	   0,0186935	189,1	   0,0172959	195,8
     35,0674	   0,0186344	186,6	   0,0172838	191,3
     35,0694	   0,0186051	187,4	   0,0172501	187,9
     35,0714	   0,0185479	188,8	   0,0170673	189,7
     35,0733	   0,0185244	187,8	   0,0167557	192,6
     35,0753	   0,0184307	190,0	    0,016609	192,3
     35,0772	   0,0182731	188,4	   0,0171033	194,3
     35,0792	   0,0181772	189,4	   0,0168184	189,1
     35,0811	   0,0182307	189,0	   0,0165772	191,1
     35,0831	   0,0181665	189,8	   0,0167183	193,3
      35,085	   0,0180508	189,1	   0,0168126	190,2
      35,087	   0,0179316	188,4	   0,0170072	191,0
      35,089	   0,0179211	188,3	   0,0164988	190,9
     35,0909	    0,017889	190,8	   0,0168812	190,2
     35,0929	    0,017882	190,0	   0,0167675	192,8
     35,0948	   0,0178414	190,8	   0,0167774	193,0
     35,0968	    0,017644	191,0	    0,016784	192,0
     35,0987	   0,0177676	191,3	   0,0165226	196,5
     35,1007	   0,0175803	192,4	   0,0165703	191,8
     35,1026	   0,0175256	192,8	   0,0164367	191,7
     35,1046	   0,0174575	190,9	    0,016215	194,1
     35,1065	   0,0174415	191,9	   0,0164451	191,8
     35,1085	    0,017489	190,5	   0,0164252	191,6
     35,1105	   0,0173802	191,7	   0,0164788	191,4
     35,1124	   0,0173528	192,7	   0,0163573	192,8
     35,1144	   0,0172814	193,5	   0,0161827	194,8
     35,1163	   0,0172041	191,2	   0,0161599	191,3
     35,1183	   0,0171104	193,8	   0,0162141	194,8
     35,1202	   0,0170754	192,3	   0,0163389	194,9
     35,1222	   0,0169528	194,2	   0,0164286	193,8
     35,1241	   0,0169762	193,4	   0,0162449	196,2
     35,1261	   0,0168813	194,1	   0,0161135	192,6
     35,1281	   0,0168565	195,0	   0,0157883	194,1
       35,13	    0,016782	192,7	   0,0159168	194,3
      35,132	     0,01681	194,4	   0,0158673	195,3
     35,1339	   0,0167809	194,6	   0,0158976	193,1
     35,1359	   0,0167413	194,0	   0,0159816	193,7
     35,1378	    0,016616	196,1	   0,0159642	194,3
     35,1398	   0,0165187	193,0	   0,0155823	192,1
     35,1417	   0,0165288	196,2	   0,0153548	194,6
     35,1437	   0,0164147	196,1	   0,0154284	196,2
     35,1456	   0,0162536	194,5	   0,0154603	192,5
     35,1476	   0,0162408	196,8	   0,0152111	194,7
     35,1496	   0,0162601	195,2	    0,015322	195,4
     35,1515	   0,0162303	196,8	   0,0155168	196,0
     35,1535	   0,0161202	196,6	   0,0156585	194,6
     35,1554	   0,0161162	194,1	   0,0153751	194,3
     35,1574	   0,0160829	197,9	   0,0155083	195,7
     35,1593	   0,0159732	198,6	   0,0151275	194,3
     35,1613	   0,0158668	195,6	   0,0149336	194,5
     35,1632	   0,0159309	197,7	   0,0147856	195,4
     35,1652	   0,0159083	197,2	   0,0152371	193,7
     35,1672	   0,0158173	199,6	   0,0149917	196,3
     35,1691	   0,0156539	196,3	    0,015174	196,0
     35,1711	   0,0156436	197,7	   0,0152851	197,5
      35,173	   0,0155358	-159,2	   0,0150935	199,1
      35,175	   0,0155243	-162,6	   0,0149197	196,8
     35,1769	   0,0154759	-160,8	   0,0147369	197,0
     35,1789	    0,015389	-161,2	   0,0149644	198,1
     35,1808	   0,0154361	-162,3	   0,0150277	197,6
     35,1828	   0,0153837	-159,9	   0,0148074	199,0
     35,1847	   0,0153661	-161,7	   0,0149178	196,4
     35,1867	   0,0152024	-159,4	   0,0148521	-159,3
     35,1887	   0,0151638	-161,6	   0,0148511	-160,5
     35,1906	   0,0151673	-161,3	   0,0148072	-162,1
     35,1926	   0,0150585	-159,9	   0,0147002	-159,5
     35,1945	   0,0150436	-160,0	   0,0146036	-161,3
     35,1965	   0,0149864	-158,7	    0,014605	-160,0
     35,1984	   0,0148632	-161,1	   0,0146098	-159,0
     35,2004	    0,014858	-160,0	    0,014498	-161,1
     35,2023	   0,0148746	-158,6	   0,0144265	-160,5
     35,2043	   0,0147749	-161,1	   0,0144125	-159,2
     35,2063	   0,0147956	-159,5	   0,0142841	-161,1
     35,2082	   0,0147962	-158,1	   0,0143864	-159,9
     35,2102	   0,0145921	-160,0	   0,0143436	-161,3
     35,2121	    0,014594	-157,7	   0,0143362	-157,7
     35,2141	   0,0144773	-157,3	   0,0141521	-161,6
      35,216	    0,014518	-158,8	   0,0141163	-158,1
      35,218	   0,0144127	-158,9	   0,0141562	-157,8
     35,2199	   0,0143272	-158,9	   0,0140774	-159,5
     35,2219	   0,0142594	-157,7	   0,0138772	-159,4
     35,2239	   0,0143941	-156,7	    0,013905	-159,6
     35,2258	   0,0142648	-159,0	    0,013872	-156,7
     35,2278	   0,0141113	-157,4	   0,0139888	-158,7
     35,2297	   0,0140996	-154,6	   0,0137717	-160,1
     35,2317	   0,0140159	-158,0	   0,0136455	-158,3
     35,2336	   0,0139845	-156,8	   0,0136452	-157,2
     35,2356	    0,014019	-158,6	   0,0135877	-159,1
     35,2375	   0,0139951	-157,2	   0,0135118	-155,7
     35,2395	   0,0138702	-156,9	   0,0135261	-159,0
     35,2414	   0,0139112	-155,3	   0,0135074	-155,6
     35,2434	   0,0138115	-155,3	    0,013499	-156,7
     35,2454	   0,0136792	-158,0	   0,0135112	-157,2
     35,2473	   0,0136908	-157,0	   0,0135087	-157,4
     35,2493	   0,0136769	-155,3	   0,0134236	-157,1
     35,2512	   0,0136279	-157,7	   0,0134307	-154,8
     35,2532	   0,0135465	-154,7	   0,0133805	-158,2
     35,2551	   0,0135632	-155,6	   0,0132469	-155,9
     35,2571	    0,013455	-155,8	   0,0130806	-154,4
      35,259	   0,0134231	-155,6	   0,0130261	-156,6
      35,261	   0,0133543	-156,5	   0,0131253	-154,7
      35,263	   0,0133091	-156,9	   0,0131146	-156,7
     35,2649	   0,0132436	-153,8	   0,0130481	-157,0
     35,2669	   0,0130968	-156,2	    0,013074	-155,0
     35,2688	   0,0131737	-154,1	   0,0129986	-155,5
     35,2708	   0,0131095	-154,4	    0,012986	-154,5
     35,2727	   0,0128424	-153,6	   0,0129331	-154,6
     35,2747	   0,0130433	-153,3	   0,0128249	-155,3
     35,2766	   0,0128964	-155,1	    0,012711	-155,1
     35,2786	   0,0127892	-152,1	   0,0126277	-156,5
     35,2805	   0,0130181	-156,1	   0,0127325	-154,0
     35,2825	   0,0132911	-153,4	    0,012723	-156,0
     35,2845	   0,0128522	-152,4	   0,0124802	-154,2
     35,2864	   0,0128077	-155,1	   0,0124332	-155,4
     35,2884	   0,0128928	-152,8	   0,0124376	-154,4
     35,2903	   0,0126898	-154,2	   0,0125463	-152,1
     35,2923	   0,0126239	-152,6	   0,0124369	-155,2
     35,2942	   0,0126104	-156,0	   0,0124277	-153,5
     35,2962	   0,0125213	-151,9	   0,0123587	-155,4
     35,2981	   0,0124837	-153,6	   0,0123517	-152,4
     35,3001	    0,012552	-153,3	   0,0123176	-155,4
     35,3021	   0,0124858	-151,8	   0,0123455	-153,4
      35,304	   0,0123653	-153,3	   0,0122447	-151,6
      35,306	   0,0123291	-151,4	   0,0122372	-153,3
     35,3079	   0,0122931	-153,8	   0,0120398	-153,7
     35,3099	    0,012307	-152,7	   0,0119556	-154,6
     35,3118	   0,0122211	-153,1	    0,011864	-152,9
     35,3138	   0,0122192	-153,1	   0,0120018	-154,2
     35,3157	    0,012137	-150,6	   0,0118838	-152,7
     35,3177	   0,0120289	-154,6	   0,0119771	-149,7
     35,3196	   0,0120537	-151,8	   0,0120718	-154,3
     35,3216	   0,0119361	-152,4	   0,0119029	-153,1
     35,3236	   0,0120521	-150,2	   0,0118181	-151,9
     35,3255	   0,0120759	-152,2	   0,0116705	-154,2
     35,3275	   0,0119259	-152,1	   0,0118888	-149,5
     35,3294	   0,0119606	-149,3	     0,01172	-155,4
     35,3314	   0,0119287	-152,4	   0,0116117	-151,4
     35,3333	   0,0117655	-150,5	   0,0116232	-151,8
     35,3353	   0,0117101	-151,2	   0,0116598	-152,0
     35,3372	   0,0116429	-149,9	   0,0116061	-151,3
     35,3392	     0,01153	-152,2	    0,011505	-153,3
     35,3412	   0,0116102	-150,6	   0,0114431	-149,6
     35,3431	   0,0114215	-149,9	   0,0113933	-152,7
     35,3451	   0,0115577	-153,4	   0,0114163	-150,4
      35,347	   0,0118237	-150,6	   0,0113604	-151,1
      35,349	   0,0115231	-150,6	   0,0113069	-152,4
     35,3509	   0,0114034	-150,4	   0,0113687	-150,5
     35,3529	   0,0114274	-151,3	   0,0112099	-151,3
     35,3548	   0,0113869	-149,3	   0,0111141	-151,0
     35,3568	   0,0112877	-151,3	   0,0111767	-151,0
     35,3587	   0,0113435	-152,9	   0,0111158	-151,3
     35,3607	   0,0112594	-148,7	   0,0111521	-150,3
     35,3627	   0,0111479	-151,1	   0,0111341	-152,2
     35,3646	   0,0112111	-149,5	   0,0110171	-150,3
     35,3666	   0,0111428	-151,5	   0,0109221	-151,3
     35,3685	   0,0111456	-148,1	   0,0109278	-148,0
     35,3705	   0,0111712	-148,9	   0,0109952	-148,2
     35,3724	   0,0109659	-147,3	   0,0110173	-150,4
     35,3744	   0,0109243	-147,6	   0,0109007	-149,5
     35,3763	   0,0108936	-150,8	   0,0108957	-151,6
     35,3783	   0,0109427	-147,3	   0,0108054	-150,4
     35,3803	   0,0108338	-149,6	   0,0106055	-150,8
     35,3822	   0,0108139	-147,8	   0,0104306	-150,4
     35,3842	   0,0107816	-150,6	    0,010497	-147,4
     35,3861	   0,0107521	-146,6	   0,0108126	-150,8
     35,3881	   0,0107298	-151,7	    0,010692	-149,9
       35,39	   0,0108202	-149,9	    0,010565	-150,4
      35,392	    0,010663	-146,9	   0,0105473	-147,6
     35,3939	   0,0105804	-149,4	   0,0105243	-149,1
     35,3959	   0,0106675	-147,5	   0,0105214	-150,3
     35,3979	   0,0106378	-147,9	   0,0104246	-147,5
     35,3998	   0,0104992	-146,4	   0,0104084	-149,7
     35,4018	   0,0105306	-148,6	   0,0103977	-147,2
     35,4037	   0,0104498	-147,8	   0,0102833	-150,2
     35,4057	     0,01031	-149,1	   0,0102174	-147,2
     35,4076	   0,0102547	-147,7	   0,0102565	-149,7
     35,4096	   0,0103986	-148,5	   0,0102809	-147,2
     35,4115	   0,0104052	-149,0	   0,0103136	-148,9
     35,4135	   0,0103604	-145,8	    0,010122	-149,0
     35,4154	   0,0103012	-147,0	   0,0101389	-149,6
     35,4174	   0,0101552	-148,3	   0,0101272	-149,7
     35,4194	   0,0100234	-146,7	   0,0100108	-146,9
     35,4213	   0,0101551	-148,1	   0,0101273	-148,4
     35,4233	     0,01009	-145,9	   0,0101197	-148,8
     35,4252	   0,0099948	-146,1	  0,00998304	-148,2
     35,4272	  0,00999811	-148,5	  0,00993027	-148,2
     35,4291	   0,0100416	-145,3	  0,00988654	-148,3
     35,4311	  0,00996297	-148,5	    0,009819	-146,7
      35,433	  0,00994135	-146,9	  0,00987945	-148,6
      35,435	  0,00991266	-147,7	  0,00982214	-148,5
      35,437	  0,00985629	-146,1	  0,00981093	-147,7
     35,4389	  0,00979859	-145,1	  0,00979449	-146,7
     35,4409	   0,0099279	-148,3	  0,00980916	-147,4
     35,4428	   0,0098658	-144,9	  0,00974984	-148,5
     35,4448	  0,00981679	-147,7	  0,00966774	-147,0
     35,4467	  0,00973688	-144,7	  0,00954689	-147,8
     35,4487	  0,00963989	-147,0	  0,00956799	-147,2
     35,4506	  0,00968717	-145,5	   0,0096119	-147,3
     35,4526	  0,00964935	-146,3	  0,00958855	-145,6
     35,4545	  0,00954056	-147,1	  0,00948621	-146,8
     35,4565	  0,00954228	-145,2	  0,00943853	-145,3
     35,4585	  0,00960603	-146,8	  0,00949687	-145,4
     35,4604	  0,00949094	-147,1	  0,00947685	-147,7
     35,4624	  0,00941545	-145,0	  0,00946265	-145,7
     35,4643	   0,0093878	-147,6	  0,00933355	-148,3
     35,4663	  0,00937697	-144,4	   0,0092602	-146,3
     35,4682	  0,00932194	-147,9	  0,00926833	-146,6
     35,4702	  0,00937692	-143,3	  0,00930465	-144,6
     35,4721	   0,0093816	-148,2	  0,00924468	-146,8
     35,4741	  0,00917284	-143,7	  0,00929707	-145,4
     35,4761	  0,00915584	-146,1	  0,00914011	-146,8
      35,478	   0,0091766	-147,7	  0,00926257	-145,2
       35,48	  0,00910094	-145,2	  0,00922296	-146,6
     35,4819	  0,00922916	-149,5	  0,00910148	-145,2
     35,4839	  0,00913795	-144,6	   0,0091472	-145,0
     35,4858	  0,00901196	-145,3	  0,00907587	-145,3
     35,4878	  0,00893547	-147,0	  0,00906434	-145,3
     35,4897	  0,00903546	-147,4	  0,00905104	-146,8
     35,4917	  0,00902289	-144,8	  0,00893168	-143,8
     35,4936	  0,00893907	-148,3	  0,00900505	-146,0
     35,4956	  0,00911941	-147,9	  0,00892335	-144,2
     35,4976	  0,00889273	-147,8	  0,00886433	-146,5
     35,4995	  0,00876415	-142,2	  0,00882202	-144,2
     35,5015	  0,00894364	-145,6	  0,00886138	-147,4
     35,5034	  0,00874977	-141,9	  0,00886745	-143,9
     35,5054	  0,00863685	-146,1	  0,00884236	-145,1
     35,5073	  0,00889409	-145,7	  0,00884144	-145,0
     35,5093	  0,00859937	-143,3	  0,00874761	-145,6
     35,5112	  0,00872568	-149,2	  0,00875499	-145,1
     35,5132	   0,0086286	-146,4	  0,00866173	-145,0
     35,5152	  0,00859031	-148,3	  0,00874448	-144,7
     35,5171	  0,00863751	-151,3	   0,0085923	-145,7
     35,5191	  0,00835907	-147,9	  0,00861632	-142,8
      35,521	  0,00847657	-146,2	  0,00867288	-144,8
      35,523	  0,00851032	-145,8	  0,00855206	-145,4
     35,5249	  0,00843929	-145,9	  0,00849385	-144,2
     35,5269	  0,00826136	-143,1	  0,00851981	-144,0
     35,5288	  0,00827947	-148,6	  0,00855658	-143,1
     35,5308	  0,00823364	-145,3	  0,00843333	-144,8
     35,5327	  0,00823167	-144,1	  0,00849321	-143,6
     35,5347	  0,00836544	-144,3	  0,00839484	-145,4
     35,5367	  0,00807007	-143,5	  0,00843489	-143,6
     35,5386	  0,00808374	-143,6	  0,00828848	-145,5
     35,5406	  0,00814506	-141,4	  0,00838596	-143,7
     35,5425	  0,00823204	-149,8	  0,00831547	-145,1
     35,5445	  0,00808274	-145,2	  0,00830148	-142,7
     35,5464	  0,00799689	-142,8	  0,00829469	-144,5
     35,5484	  0,00794394	-147,1	  0,00817121	-143,3
     35,5503	  0,00815759	-143,8	   0,0081757	-144,6
     35,5523	  0,00810505	-145,8	  0,00819497	-143,0
     35,5543	  0,00801024	-142,0	  0,00826633	-144,1
     35,5562	   0,0079429	-144,4	  0,00814348	-146,2
     35,5582	  0,00773492	-136,6	  0,00800076	-144,4
     35,5601	  0,00777952	-139,4	  0,00808467	-144,0
     35,5621	  0,00794994	-139,4	   0,0080884	-142,8
      35,564	  0,00749617	-141,5	  0,00807417	-143,1
      35,566	  0,00790419	-152,6	  0,00810308	-144,9
     35,5679	  0,00777404	-143,9	  0,00798804	-144,9
     35,5699	  0,00751956	-144,4	  0,00792815	-142,2
     35,5718	   0,0077457	-146,5	  0,00792591	-144,7
     35,5738	  0,00739112	-133,1	  0,00791442	-143,0
     35,5758	  0,00720321	-140,8	  0,00801396	-143,0
     35,5777	  0,00754958	-141,9	  0,00790332	-146,2
     35,5797	  0,00737478	-129,8	   0,0079321	-142,1
     35,5816	   0,0075811	-132,0	  0,00782618	-144,9
     35,5836	  0,00766243	-135,8	  0,00780491	-141,1
     35,5855	  0,00757397	-138,3	  0,00776808	-143,9
     35,5875	  0,00746796	-147,7	   0,0077408	-142,8
     35,5894	  0,00734205	-144,4	  0,00773841	-143,0
     35,5914	  0,00757675	-142,4	  0,00762841	-143,7
     35,5934	  0,00732913	-141,8	  0,00774437	-142,5
     35,5953	  0,00755331	-131,9	  0,00771812	-142,7
     35,5973	  0,00740814	-144,7	  0,00766594	-143,8
     35,5992	  0,00733463	-137,8	  0,00754846	-143,3
     35,6012	  0,00735132	-134,4	  0,00757058	-143,0
     35,6031	  0,00727511	-137,1	  0,00751336	-144,2
     35,6051	  0,00727245	-140,5	  0,00759092	-142,0
      35,607	  0,00727819	-137,0	  0,00760382	-142,7
      35,609	  0,00716456	-143,7	  0,00759113	-140,8
     35,6109	  0,00723986	-142,9	  0,00759532	-144,8
     35,6129	  0,00713731	-127,9	  0,00734871	-142,4
     35,6149	  0,00703948	-145,1	  0,00746594	-143,5
     35,6168	  0,00716386	-135,4	  0,00740685	-142,2
     35,6188	  0,00701272	-134,3	  0,00745593	-141,6
     35,6207	    0,007337	-134,8	  0,00731306	-142,4
     35,6227	  0,00709671	-133,7	  0,00727624	-143,2
     35,6246	  0,00676417	-139,7	  0,00741264	-141,4
     35,6266	  0,00728171	-141,7	   0,0073462	-142,6
     35,6285	  0,00714323	-140,1	  0,00734967	-141,1
     35,6305	  0,00730238	-140,3	  0,00730935	-141,9
     35,6325	  0,00711913	-140,4	  0,00725229	-142,3
     35,6344	  0,00687745	-142,1	  0,00728637	-144,2
     35,6364	  0,00701643	-144,3	  0,00710757	-140,9
     35,6383	  0,00699095	-135,7	  0,00726092	-143,3
     35,6403	  0,00694586	-135,2	  0,00720225	-140,7
     35,6422	  0,00714003	-140,7	  0,00716967	-143,6
     35,6442	  0,00692509	-135,5	  0,00714628	-141,2
     35,6461	  0,00690027	-131,4	   0,0070643	-142,2
     35,6481	   0,0069421	-138,7	  0,00702938	-142,1
       35,65	  0,00697216	-140,5	  0,00705402	-140,2
      35,652	  0,00681047	-139,5	   0,0071804	-142,9
      35,654	  0,00696676	-141,7	  0,00717016	-143,6
     35,6559	  0,00704492	-141,6	  0,00694904	-139,6
     35,6579	  0,00689705	-138,9	  0,00707987	-143,0
     35,6598	  0,00688055	-135,2	  0,00698035	-143,8
     35,6618	  0,00692136	-142,3	  0,00691486	-140,7
     35,6637	  0,00681889	-139,4	  0,00696812	-143,0
     35,6657	  0,00691434	-141,6	  0,00700982	-142,4
     35,6676	  0,00693211	-140,0	  0,00688802	-141,7
     35,6696	  0,00687427	-138,8	  0,00682204	-143,5
     35,6716	  0,00672624	-142,8	  0,00699985	-141,5
     35,6735	  0,00684892	-143,9	  0,00682302	-143,0
     35,6755	  0,00685428	-138,0	  0,00679792	-140,3
     35,6774	  0,00681469	-141,7	  0,00679414	-140,3
     35,6794	  0,00671396	-142,5	  0,00674894	-140,9
     35,6813	  0,00683103	-140,6	  0,00678687	-141,4
     35,6833	  0,00668521	-141,6	  0,00676389	-144,4
     35,6852	  0,00678404	-142,2	  0,00668666	-142,9
     35,6872	  0,00677858	-140,4	  0,00665244	-140,1
     35,6891	  0,00666392	-139,6	   0,0066855	-141,6
     35,6911	  0,00668806	-143,2	   0,0066903	-142,6
     35,6931	  0,00677376	-139,7	  0,00678334	-140,4
      35,695	  0,00673668	-141,2	  0,00661455	-142,2
      35,697	  0,00667394	-141,2	    0,006612	-140,3
     35,6989	  0,00660892	-139,2	  0,00667024	-140,1
     35,7009	  0,00667373	-142,1	  0,00661279	-143,4
     35,7028	  0,00657667	-139,7	   0,0065102	-142,2
     35,7048	  0,00659668	-140,3	  0,00644125	-139,3
     35,7067	  0,00649696	-140,7	  0,00661845	-142,1
     35,7087	  0,00656156	-140,7	  0,00653682	-140,0
     35,7107	  0,00661764	-139,6	  0,00650537	-143,8
     35,7126	  0,00633679	-141,2	   0,0065527	-141,5
     35,7146	  0,00643241	-141,5	  0,00651786	-140,4
     35,7165	  0,00657269	-140,8	  0,00650836	-143,4
     35,7185	  0,00653072	-142,0	  0,00643151	-142,8
     35,7204	  0,00636112	-139,5	  0,00642023	-140,9
     35,7224	  0,00633663	-140,0	  0,00645699	-142,1
     35,7243	  0,00640555	-142,2	  0,00634942	-142,1
     35,7263	  0,00631964	-139,0	  0,00633701	-141,3
     35,7282	   0,0063936	-142,3	  0,00639047	-139,3
     35,7302	  0,00644475	-141,0	  0,00636146	-142,3
     35,7322	   0,0063253	-139,6	  0,00627286	-138,8
     35,7341	  0,00638669	-141,7	  0,00637438	-140,5
     35,7361	  0,00637921	-140,5	  0,00634815	-140,3
      35,738	  0,00631619	-138,8	  0,00617456	-142,3
       35,74	  0,00619141	-142,8	  0,00625417	-140,5
     35,7419	  0,00620181	-142,0	  0,00617996	-142,5
     35,7439	  0,00617932	-140,6	  0,00623272	-140,1
     35,7458	  0,00623421	-140,8	   0,0062615	-142,4
     35,7478	  0,00624834	-141,4	  0,00618214	-141,1
     35,7498	  0,00620489	-138,5	  0,00611245	-142,4
     35,7517	  0,00623024	-141,3	  0,00610589	-138,2
     35,7537	  0,00612958	-137,8	  0,00622327	-140,2
     35,7556	   0,0060689	-140,2	   0,0061807	-142,2
     35,7576	  0,00612293	-141,6	  0,00613231	-141,7
     35,7595	   0,0061801	-141,8	  0,00606375	-139,1
     35,7615	  0,00615076	-138,5	   0,0060579	-143,1
     35,7634	   0,0060145	-140,4	  0,00606961	-138,9
     35,7654	  0,00598688	-140,0	  0,00612616	-143,3
     35,7673	  0,00606559	-141,9	   0,0060711	-140,5
     35,7693	  0,00610697	-139,4	  0,00599935	-141,1
     35,7713	  0,00603043	-140,5	  0,00596745	-139,1
     35,7732	  0,00585339	-139,0	  0,00596177	-141,9
     35,7752	  0,00601994	-140,7	  0,00584867	-139,0
     35,7771	  0,00596212	-140,4	  0,00586552	-139,9
     35,7791	  0,00600434	-138,7	   0,0059993	-139,6
      35,781	  0,00587083	-141,3	  0,00604599	-142,9
      35,783	  0,00591649	-139,5	  0,00588897	-140,5
     35,7849	  0,00587757	-139,9	  0,00582598	-142,8
     35,7869	  0,00586036	-140,0	  0,00588879	-140,8
     35,7889	  0,00590824	-141,8	  0,00590608	-140,1
     35,7908	  0,00586434	-138,7	   0,0059325	-138,8
     35,7928	  0,00577853	-140,6	  0,00571718	-141,9
     35,7947	  0,00582868	-138,5	  0,00574681	-139,5
     35,7967	   0,0057625	-142,3	  0,00579219	-141,9
     35,7986	  0,00583448	-138,3	  0,00578089	-140,4
     35,8006	  0,00578593	-141,0	   0,0056894	-139,7
     35,8025	  0,00567087	-139,1	  0,00576146	-138,1
     35,8045	  0,00575246	-141,3	  0,00579418	-139,3
     35,8064	  0,00577269	-141,3	  0,00584197	-141,2
     35,8084	  0,00574083	-139,6	  0,00572544	-141,4
     35,8104	  0,00565452	-141,0	  0,00562121	-138,4
     35,8123	  0,00569345	-140,2	  0,00561957	-141,4
     35,8143	  0,00564816	-140,0	  0,00561975	-140,5
     35,8162	  0,00570166	-138,2	  0,00564951	-140,2
     35,8182	  0,00560547	-142,2	  0,00554178	-141,0
     35,8201	  0,00572366	-138,7	  0,00555982	-138,6
     35,8221	  0,00551842	-139,7	  0,00558541	-141,7
      35,824	  0,00565258	-142,3	  0,00554577	-141,2
      35,826	  0,00557888	-137,1	   0,0055189	-140,1
      35,828	  0,00547685	-140,3	  0,00550288	-138,9
     35,8299	  0,00544989	-140,0	  0,00550755	-141,8
     35,8319	  0,00551227	-142,6	  0,00554249	-138,8
     35,8338	   0,0055706	-138,3	  0,00549974	-140,6
     35,8358	  0,00564124	-140,9	  0,00553764	-137,0
     35,8377	  0,00548358	-138,9	  0,00549894	-142,7
     35,8397	  0,00541044	-137,8	   0,0054926	-139,5
     35,8416	   0,0055358	-141,2	  0,00535414	-142,6
     35,8436	  0,00542875	-136,8	  0,00535739	-139,5
     35,8456	  0,00548729	-140,6	  0,00546345	-139,4
     35,8475	  0,00547006	-139,8	   0,0053683	-141,7
     35,8495	  0,00540948	-137,1	  0,00520254	-136,1
     35,8514	  0,00543685	-140,6	  0,00530544	-140,8
     35,8534	  0,00554101	-135,0	  0,00546862	-139,4
     35,8553	  0,00517468	-140,5	   0,0053688	-141,0
     35,8573	  0,00532908	-138,8	  0,00511861	-144,0
     35,8592	   0,0054951	-141,3	  0,00531892	-135,0
     35,8612	   0,0053968	-140,2	  0,00546225	-140,6
     35,8631	  0,00526959	-138,4	  0,00530144	-139,3
     35,8651	  0,00533329	-140,1	  0,00526868	-138,6
     35,8671	  0,00526376	-138,2	  0,00535391	-138,1
      35,869	  0,00517751	-140,6	  0,00527075	-140,1
      35,871	  0,00525656	-139,6	   0,0051006	-142,2
     35,8729	  0,00524883	-140,7	   0,0051565	-137,7
     35,8749	  0,00516791	-139,3	  0,00541741	-138,1
     35,8768	  0,00517384	-137,3	  0,00520276	-143,1
     35,8788	  0,00517855	-140,3	  0,00516895	-141,2
     35,8807	  0,00520877	-137,8	  0,00518601	-140,7
     35,8827	  0,00522318	-141,6	  0,00506623	-141,4
     35,8847	  0,00518915	-138,4	  0,00514568	-138,5
     35,8866	  0,00505907	-142,4	  0,00516347	-141,0
     35,8886	  0,00511897	-139,9	  0,00507178	-140,4
     35,8905	  0,00514447	-138,3	  0,00503965	-141,2
     35,8925	  0,00517515	-140,7	  0,00513053	-138,6
     35,8944	  0,00514759	-136,4	  0,00507534	-141,4
     35,8964	  0,00506976	-139,7	   0,0050575	-140,4
     35,8983	  0,00511021	-139,7	  0,00511326	-138,8
     35,9003	  0,00508154	-138,8	  0,00507444	-140,0
     35,9022	  0,00502215	-139,6	  0,00504024	-138,9
     35,9042	   0,0050499	-139,6	  0,00499979	-140,3
     35,9062	  0,00500764	-140,3	  0,00498085	-141,7
     35,9081	   0,0050708	-137,3	  0,00502435	-139,5
     35,9101	  0,00500181	-141,0	  0,00494609	-141,4
      35,912	  0,00495078	-138,7	  0,00495051	-138,6
      35,914	  0,00498729	-140,9	  0,00500681	-142,1
     35,9159	  0,00493099	-140,6	  0,00495382	-139,3
     35,9179	  0,00498518	-138,3	  0,00496021	-139,1
     35,9198	  0,00492885	-138,1	  0,00492264	-139,6
     35,9218	  0,00481777	-137,1	  0,00494939	-139,6
     35,9238	  0,00490194	-142,7	  0,00493694	-140,6
     35,9257	  0,00496686	-138,6	  0,00487195	-140,4
     35,9277	  0,00494914	-141,1	  0,00481562	-141,0
     35,9296	  0,00479301	-140,0	  0,00502413	-139,9
     35,9316	  0,00483247	-139,5	  0,00479868	-140,9
     35,9335	  0,00502243	-140,2	  0,00498885	-140,9
     35,9355	  0,00485512	-138,8	  0,00473816	-139,6
     35,9374	   0,0047224	-142,2	   0,0047685	-138,0
     35,9394	  0,00477675	-139,1	  0,00492158	-142,2
     35,9413	   0,0048366	-140,7	  0,00476852	-141,1
     35,9433	  0,00487221	-138,5	   0,0047863	-142,1
     35,9453	  0,00472764	-137,5	  0,00469674	-140,9
     35,9472	   0,0047457	-140,3	   0,0047535	-139,3
     35,9492	  0,00479294	-141,1	  0,00476862	-137,9
     35,9511	  0,00479371	-138,5	    0,004708	-139,6
     35,9531	  0,00474736	-139,3	  0,00470094	-141,0
      35,955	  0,00480943	-139,1	  0,00464904	-135,3
      35,957	  0,00468933	-139,1	  0,00490056	-140,1
     35,9589	  0,00465152	-135,9	  0,00466406	-139,8
     35,9609	  0,00460395	-140,7	  0,00475475	-139,5
     35,9629	  0,00469299	-139,6	  0,00469618	-140,0
     35,9648	  0,00477947	-136,4	  0,00460037	-139,6
     35,9668	  0,00457811	-139,2	  0,00477401	-139,9
     35,9687	  0,00464392	-139,4	  0,00461477	-141,5
     35,9707	  0,00450398	-140,1	  0,00456829	-138,7
     35,9726	  0,00462638	-139,8	  0,00461526	-139,3
     35,9746	  0,00470366	-138,5	  0,00469383	-139,6
     35,9765	  0,00448828	-139,8	  0,00467891	-139,0
     35,9785	  0,00470894	-137,8	  0,00463971	-141,9
     35,9804	    0,004493	-141,9	  0,00462166	-140,6
     35,9824	  0,00463762	-139,3	  0,00439614	-140,6
     35,9844	  0,00469933	-139,9	  0,00449467	-138,1
     35,9863	  0,00454363	-136,7	  0,00458183	-141,8
     35,9883	  0,00452052	-139,4	  0,00452908	-137,9
     35,9902	  0,00458999	-140,5	  0,00461606	-140,4
     35,9922	  0,00455404	-136,0	  0,00460616	-142,4
     35,9941	  0,00448273	-140,5	  0,00426682	-142,8
     35,9961	   0,0044963	-138,6	  0,00397797	-136,4
      35,998	  0,00451642	-141,8	  0,00532748	-125,5
          36	  0,00448785	-138,4	  0,00563209	-155,1

