X-Data [Hz]	Laser (M - Filtered) [m/s]	Phase [Deg]	Laser (M - Filtered) [m/s]	Phase [Deg]	
	002: [07-09-24 18:34]		003: [07-09-24 18:37]	
        41,5	   0,0260812	78,0	   0,0290271	76,6
      41,502	   0,0270609	77,9	   0,0290448	77,5
     41,5039	   0,0276861	78,1	   0,0290178	77,3
     41,5059	   0,0283425	77,6	   0,0290946	77,2
     41,5078	   0,0285018	77,7	   0,0292114	77,0
     41,5098	   0,0285997	77,4	    0,029207	77,8
     41,5117	   0,0286761	77,1	   0,0291745	77,5
     41,5137	   0,0287464	78,1	   0,0292574	77,8
     41,5156	   0,0289806	76,8	   0,0292991	77,1
     41,5176	   0,0289744	77,4	   0,0292618	77,0
     41,5196	   0,0290383	77,3	   0,0293261	76,9
     41,5215	   0,0290761	77,7	   0,0293845	77,0
     41,5235	   0,0290246	76,6	   0,0294123	77,4
     41,5254	   0,0291503	76,8	   0,0295152	77,2
     41,5274	   0,0292486	77,7	   0,0295535	77,0
     41,5293	   0,0292771	76,8	   0,0295919	77,7
     41,5313	   0,0293354	77,6	   0,0296733	77,0
     41,5332	    0,029363	77,4	   0,0295675	78,4
     41,5352	   0,0293489	77,2	   0,0296331	76,9
     41,5371	   0,0293882	77,4	   0,0297082	77,8
     41,5391	   0,0294501	77,8	   0,0297662	76,8
     41,5411	   0,0295147	78,3	    0,029839	77,0
      41,543	   0,0295115	77,3	   0,0298343	78,2
      41,545	   0,0295409	77,8	   0,0298807	77,8
     41,5469	   0,0296468	77,7	   0,0299596	78,2
     41,5489	   0,0297433	77,3	   0,0299138	78,1
     41,5508	   0,0298006	77,7	   0,0300146	77,3
     41,5528	   0,0298254	77,4	   0,0300781	77,6
     41,5547	   0,0297489	78,2	   0,0301283	78,0
     41,5567	   0,0297813	77,2	   0,0300438	78,7
     41,5587	   0,0299208	76,7	   0,0301727	77,2
     41,5606	   0,0298853	78,0	   0,0301829	77,7
     41,5626	   0,0299681	77,3	   0,0301978	77,9
     41,5645	   0,0299064	78,0	   0,0302095	77,6
     41,5665	   0,0299621	77,8	   0,0303083	78,5
     41,5684	   0,0301305	77,6	   0,0303487	78,3
     41,5704	   0,0301715	77,7	   0,0304545	77,9
     41,5723	   0,0301786	78,0	   0,0304584	78,2
     41,5743	   0,0302826	78,6	   0,0305136	77,5
     41,5762	   0,0302584	77,6	   0,0304314	78,1
     41,5782	   0,0302271	77,7	   0,0306089	77,6
     41,5802	   0,0302669	77,3	   0,0306879	78,2
     41,5821	   0,0303836	77,6	   0,0306729	77,4
     41,5841	   0,0304248	77,9	   0,0307146	77,7
      41,586	   0,0303882	77,8	   0,0307548	78,3
      41,588	   0,0304072	78,2	   0,0307558	78,2
     41,5899	    0,030537	77,8	   0,0307691	79,0
     41,5919	   0,0306362	77,2	   0,0308883	78,5
     41,5938	   0,0306259	78,1	   0,0309659	77,7
     41,5958	   0,0306266	77,7	   0,0310411	78,3
     41,5978	   0,0307225	79,1	   0,0310693	78,1
     41,5997	   0,0307958	78,8	   0,0310322	79,0
     41,6017	    0,030788	77,6	   0,0310696	78,8
     41,6036	   0,0307958	78,3	   0,0311522	78,4
     41,6056	   0,0308823	78,2	   0,0312298	78,5
     41,6075	   0,0309158	78,4	   0,0312205	77,8
     41,6095	   0,0309487	77,6	   0,0312893	77,9
     41,6114	   0,0309683	78,6	   0,0314455	78,2
     41,6134	   0,0310958	78,5	   0,0314878	78,8
     41,6153	   0,0310925	77,6	   0,0314409	78,7
     41,6173	   0,0311466	78,9	   0,0314807	78,5
     41,6193	   0,0312739	78,3	   0,0315433	78,8
     41,6212	   0,0312469	78,5	   0,0315833	78,8
     41,6232	   0,0312038	78,9	   0,0316487	79,2
     41,6251	   0,0312856	77,5	    0,031713	79,1
     41,6271	    0,031341	78,8	   0,0317431	78,3
      41,629	   0,0314584	78,2	   0,0316953	78,9
      41,631	   0,0315252	78,0	   0,0318443	77,9
     41,6329	   0,0315243	79,0	   0,0319014	78,4
     41,6349	   0,0314752	78,2	   0,0319373	79,4
     41,6369	   0,0315012	78,7	   0,0319171	79,2
     41,6388	   0,0315646	78,4	   0,0320142	78,9
     41,6408	   0,0316645	79,0	   0,0321107	79,4
     41,6427	   0,0317839	78,8	   0,0321399	78,1
     41,6447	   0,0318167	78,7	   0,0321546	79,1
     41,6466	   0,0318413	78,9	   0,0322812	78,6
     41,6486	   0,0319195	78,2	   0,0322946	79,6
     41,6505	   0,0319227	77,9	   0,0323012	78,7
     41,6525	   0,0319833	78,7	   0,0322125	78,5
     41,6544	    0,032043	79,0	   0,0323505	78,6
     41,6564	   0,0320891	79,5	   0,0324298	78,5
     41,6584	   0,0321285	79,4	   0,0324635	79,9
     41,6603	   0,0322008	78,3	   0,0325354	79,5
     41,6623	    0,032166	79,0	   0,0326847	79,1
     41,6642	   0,0322938	78,2	   0,0326557	80,2
     41,6662	   0,0323166	78,5	   0,0326494	78,4
     41,6681	   0,0323872	79,2	   0,0326726	78,9
     41,6701	   0,0323802	78,4	   0,0327068	79,3
      41,672	   0,0323086	79,2	   0,0328824	78,9
      41,674	   0,0324145	79,0	   0,0329002	79,8
      41,676	    0,032563	79,3	   0,0329265	79,2
     41,6779	   0,0326567	79,2	   0,0329814	79,2
     41,6799	   0,0327382	79,3	   0,0329457	79,7
     41,6818	   0,0326861	79,8	   0,0330362	78,8
     41,6838	     0,03267	78,8	   0,0331498	79,9
     41,6857	   0,0326755	79,0	   0,0331681	79,9
     41,6877	   0,0329827	79,1	   0,0331842	79,3
     41,6896	    0,033002	78,8	   0,0332466	80,0
     41,6916	   0,0329549	79,5	   0,0333199	78,8
     41,6936	   0,0330177	79,9	   0,0333386	79,0
     41,6955	   0,0330959	79,1	    0,033473	79,4
     41,6975	   0,0330847	79,6	   0,0335439	79,2
     41,6994	   0,0331187	79,4	   0,0335676	79,8
     41,7014	   0,0332656	79,2	   0,0336368	79,6
     41,7033	   0,0332353	79,5	   0,0337039	79,7
     41,7053	   0,0332794	79,7	   0,0337086	79,6
     41,7072	   0,0333387	80,0	   0,0338128	79,3
     41,7092	   0,0333937	79,0	   0,0338176	80,3
     41,7111	   0,0334796	79,6	   0,0338403	80,3
     41,7131	    0,033567	79,1	   0,0340025	80,0
     41,7151	   0,0336105	78,9	   0,0340174	80,6
      41,717	   0,0336874	80,2	   0,0339774	79,4
      41,719	   0,0337375	79,5	   0,0340147	79,3
     41,7209	   0,0337012	79,7	   0,0340431	80,0
     41,7229	   0,0336884	80,2	   0,0341647	79,8
     41,7248	   0,0337764	80,3	   0,0342612	80,7
     41,7268	   0,0338547	79,7	   0,0342662	80,5
     41,7287	   0,0340225	80,0	   0,0343178	80,0
     41,7307	   0,0340316	79,4	   0,0344781	80,3
     41,7327	   0,0340247	80,4	   0,0346167	79,9
     41,7346	   0,0340628	80,2	    0,034656	80,4
     41,7366	   0,0341567	79,8	   0,0346646	80,9
     41,7385	   0,0341979	80,0	   0,0346518	80,3
     41,7405	   0,0342462	80,0	   0,0347283	80,6
     41,7424	   0,0343357	80,0	    0,034786	80,2
     41,7444	   0,0344628	80,1	   0,0348523	80,3
     41,7463	   0,0344855	80,0	   0,0349373	80,6
     41,7483	   0,0345365	80,7	   0,0349622	80,3
     41,7502	   0,0346493	79,7	   0,0350261	80,7
     41,7522	   0,0346499	79,7	   0,0351326	80,2
     41,7542	   0,0346504	80,1	   0,0351673	80,4
     41,7561	   0,0347184	79,9	   0,0352277	81,2
     41,7581	    0,034848	80,5	    0,035324	79,8
       41,76	   0,0349338	81,3	   0,0354276	79,7
      41,762	   0,0349584	79,9	   0,0354822	80,8
     41,7639	   0,0349287	80,7	   0,0355333	81,0
     41,7659	   0,0350648	79,4	   0,0356274	81,7
     41,7678	   0,0350989	79,2	   0,0356761	80,8
     41,7698	   0,0351226	80,7	   0,0356621	80,4
     41,7718	   0,0352018	80,3	   0,0357144	81,2
     41,7737	   0,0353664	81,3	   0,0357492	80,6
     41,7757	   0,0354283	81,4	   0,0358811	80,4
     41,7776	   0,0353766	80,3	   0,0359699	81,4
     41,7796	   0,0353346	80,9	   0,0360114	81,1
     41,7815	   0,0354649	80,5	   0,0359924	81,8
     41,7835	   0,0356779	79,8	    0,035993	81,9
     41,7854	   0,0357256	81,2	   0,0360507	80,4
     41,7874	   0,0358071	80,9	   0,0361527	80,9
     41,7893	   0,0358131	81,4	     0,03629	80,6
     41,7913	    0,035919	81,6	    0,036384	82,3
     41,7933	    0,035993	80,1	   0,0363929	81,8
     41,7952	   0,0359827	80,9	   0,0365331	80,9
     41,7972	       0,036	80,1	   0,0365585	81,6
     41,7991	   0,0359361	80,4	   0,0365744	82,3
     41,8011	   0,0360864	81,9	   0,0366538	80,6
      41,803	   0,0362523	81,5	   0,0368071	80,9
      41,805	   0,0363414	81,8	     0,03693	81,3
     41,8069	   0,0363758	81,6	   0,0369731	81,2
     41,8089	   0,0365053	80,6	   0,0370073	82,2
     41,8109	   0,0365185	80,7	   0,0369681	82,1
     41,8128	   0,0365008	81,2	   0,0370216	82,1
     41,8148	   0,0366436	81,0	    0,037128	81,8
     41,8167	   0,0366406	81,0	    0,037213	80,7
     41,8187	   0,0368251	81,7	   0,0373389	82,4
     41,8206	   0,0367995	81,4	   0,0373678	82,4
     41,8226	   0,0368091	81,6	   0,0374412	82,1
     41,8245	   0,0368923	80,7	   0,0375199	82,5
     41,8265	   0,0369485	81,0	   0,0376248	82,4
     41,8284	    0,037211	81,8	   0,0376863	81,7
     41,8304	   0,0372798	81,2	   0,0377126	82,4
     41,8324	   0,0373016	82,0	   0,0377351	81,7
     41,8343	   0,0372449	82,4	   0,0378016	81,3
     41,8363	   0,0372948	81,5	   0,0379402	82,8
     41,8382	   0,0374192	81,9	   0,0380359	82,3
     41,8402	   0,0375181	81,3	   0,0381677	82,6
     41,8421	   0,0376181	81,0	    0,038266	82,9
     41,8441	   0,0377138	82,2	   0,0382728	81,9
      41,846	   0,0377883	81,9	   0,0383697	81,8
      41,848	   0,0378743	82,5	   0,0384017	82,1
       41,85	    0,037937	82,6	   0,0384968	81,8
     41,8519	   0,0379727	81,7	   0,0385457	83,0
     41,8539	    0,037996	81,9	   0,0386352	82,6
     41,8558	   0,0380609	82,2	   0,0387451	83,0
     41,8578	   0,0381551	81,6	   0,0387157	83,7
     41,8597	   0,0382318	82,2	   0,0388199	81,7
     41,8617	   0,0382943	82,6	   0,0389041	82,3
     41,8636	   0,0384376	82,5	   0,0389655	82,7
     41,8656	   0,0385246	83,0	   0,0390612	82,3
     41,8675	   0,0385031	83,4	   0,0391554	83,5
     41,8695	   0,0385204	82,1	   0,0392045	83,2
     41,8715	   0,0385934	82,3	   0,0393871	82,8
     41,8734	   0,0387874	82,2	   0,0394372	83,3
     41,8754	   0,0389824	82,0	   0,0395182	82,5
     41,8773	   0,0390904	82,8	   0,0396258	82,0
     41,8793	   0,0390665	82,5	   0,0397972	83,2
     41,8812	   0,0390208	83,4	    0,039819	83,1
     41,8832	    0,039159	83,5	   0,0398528	84,1
     41,8851	   0,0392197	83,3	   0,0398652	83,9
     41,8871	   0,0392253	82,9	   0,0399254	83,3
     41,8891	   0,0393717	83,0	   0,0399984	83,6
      41,891	   0,0395706	82,2	   0,0401365	83,6
      41,893	   0,0396931	83,2	   0,0402759	83,2
     41,8949	   0,0396421	83,2	    0,040307	83,4
     41,8969	   0,0397218	82,7	   0,0403809	83,9
     41,8988	   0,0397956	83,7	   0,0404786	83,3
     41,9008	   0,0398794	83,3	   0,0406488	84,3
     41,9027	    0,039966	82,8	    0,040786	84,0
     41,9047	   0,0400853	83,3	   0,0407965	84,3
     41,9066	   0,0401884	83,4	   0,0408732	84,6
     41,9086	   0,0403433	83,5	   0,0409454	84,0
     41,9106	   0,0403816	83,5	   0,0409982	83,2
     41,9125	   0,0403755	83,4	   0,0410725	84,0
     41,9145	   0,0404475	83,5	   0,0411753	83,7
     41,9164	   0,0406389	83,9	   0,0413103	83,3
     41,9184	   0,0407271	83,8	   0,0413256	84,8
     41,9203	   0,0408201	83,5	   0,0414066	84,6
     41,9223	   0,0407906	83,8	   0,0415499	84,4
     41,9242	   0,0409162	83,1	    0,041651	84,9
     41,9262	   0,0410327	83,2	   0,0417251	83,8
     41,9282	   0,0411067	84,3	   0,0418157	83,7
     41,9301	   0,0411311	83,7	   0,0418487	84,3
     41,9321	   0,0412086	84,0	   0,0419617	83,7
      41,934	   0,0413827	84,8	   0,0420589	85,3
      41,936	    0,041441	84,4	   0,0421522	85,3
     41,9379	   0,0415013	84,1	   0,0422891	84,6
     41,9399	   0,0415972	83,5	   0,0423551	85,2
     41,9418	   0,0417151	83,6	   0,0424303	84,8
     41,9438	   0,0418862	84,7	   0,0424571	84,4
     41,9457	   0,0419565	84,8	   0,0425765	84,9
     41,9477	   0,0421241	84,4	   0,0427286	85,1
     41,9497	   0,0421582	84,9	   0,0429103	84,6
     41,9516	   0,0421039	84,5	   0,0430193	85,8
     41,9536	   0,0421652	84,4	   0,0430934	85,7
     41,9555	    0,042258	85,0	   0,0431493	85,3
     41,9575	   0,0423712	84,4	   0,0432159	85,9
     41,9594	   0,0424863	84,9	   0,0433161	85,5
     41,9614	   0,0426301	85,1	   0,0434308	85,2
     41,9633	   0,0426772	85,0	   0,0434772	85,6
     41,9653	   0,0428915	85,3	   0,0435773	85,3
     41,9673	    0,042982	85,0	   0,0436714	84,8
     41,9692	   0,0430334	85,1	    0,043899	86,0
     41,9712	   0,0431316	85,0	   0,0439703	86,3
     41,9731	   0,0431844	85,6	   0,0440284	86,5
     41,9751	   0,0432741	84,0	   0,0440957	86,6
      41,977	   0,0433226	84,8	   0,0441701	85,2
      41,979	   0,0435262	85,6	   0,0442524	85,4
     41,9809	   0,0436967	84,9	   0,0443897	86,1
     41,9829	   0,0437887	84,8	   0,0445405	85,6
     41,9848	   0,0437846	86,4	   0,0446371	85,7
     41,9868	   0,0438389	85,9	   0,0447819	86,5
     41,9888	    0,043988	85,8	   0,0449332	86,5
     41,9907	    0,044103	86,4	   0,0449404	86,9
     41,9927	    0,044174	85,3	   0,0450494	86,7
     41,9946	   0,0442348	85,2	   0,0451662	86,3
     41,9966	   0,0443941	86,1	   0,0453551	86,3
     41,9985	   0,0446035	85,5	   0,0454688	86,6
     42,0005	    0,044645	85,7	   0,0455148	86,0
     42,0024	   0,0448013	86,6	   0,0457365	85,8
     42,0044	   0,0448869	86,1	   0,0458094	87,2
     42,0064	    0,044966	86,3	   0,0458274	86,9
     42,0083	    0,045094	86,6	   0,0459965	87,8
     42,0103	   0,0451647	86,3	   0,0461569	87,8
     42,0122	   0,0451873	86,0	    0,046218	87,7
     42,0142	   0,0453096	86,9	   0,0463876	87,7
     42,0161	    0,045546	86,0	    0,046489	86,7
     42,0181	   0,0455823	85,7	   0,0465454	87,2
       42,02	    0,045779	87,2	   0,0466273	87,3
      42,022	   0,0458748	86,6	   0,0467914	87,2
     42,0239	   0,0459923	87,7	   0,0469454	87,4
     42,0259	   0,0460668	87,9	   0,0471284	87,1
     42,0279	   0,0461994	87,4	   0,0472364	88,4
     42,0298	   0,0462722	87,7	     0,04733	87,9
     42,0318	   0,0465201	87,2	   0,0473985	87,9
     42,0337	    0,046657	86,7	   0,0474389	88,5
     42,0357	   0,0467598	87,2	   0,0475847	88,4
     42,0376	   0,0467123	87,6	   0,0478228	87,7
     42,0396	    0,046842	87,2	   0,0479279	88,3
     42,0415	   0,0470107	87,3	   0,0479696	87,7
     42,0435	   0,0471592	88,5	    0,048112	89,2
     42,0455	   0,0473057	88,0	   0,0482349	88,9
     42,0474	   0,0473715	87,4	   0,0483779	88,6
     42,0494	   0,0473988	88,4	   0,0485668	88,7
     42,0513	   0,0475359	88,2	   0,0487293	89,8
     42,0533	   0,0476812	87,6	   0,0488105	89,2
     42,0552	   0,0477588	87,9	   0,0489093	88,7
     42,0572	   0,0479241	87,2	   0,0490154	88,8
     42,0591	   0,0480695	87,5	   0,0491214	88,6
     42,0611	    0,048293	88,4	   0,0492182	88,6
      42,063	   0,0483253	88,5	   0,0494341	89,2
      42,065	   0,0485411	88,5	   0,0495499	89,0
      42,067	   0,0486298	88,4	   0,0497691	89,5
     42,0689	    0,048741	89,2	   0,0499545	90,0
     42,0709	   0,0489076	88,6	   0,0501366	89,2
     42,0728	   0,0491193	88,9	   0,0502547	89,7
     42,0748	   0,0492017	89,2	   0,0503145	90,3
     42,0767	   0,0493143	88,2	   0,0503776	90,4
     42,0787	   0,0493807	88,9	   0,0505315	89,2
     42,0806	   0,0495892	88,8	    0,050791	89,8
     42,0826	   0,0496935	88,3	   0,0508731	89,6
     42,0846	   0,0497705	89,7	   0,0508948	89,4
     42,0865	   0,0498985	89,7	   0,0510599	90,7
     42,0885	   0,0500788	89,7	   0,0512449	90,7
     42,0904	   0,0502413	90,0	   0,0514589	90,9
     42,0924	   0,0503961	89,9	   0,0515728	91,3
     42,0943	   0,0505428	89,7	   0,0518365	91,0
     42,0963	   0,0506151	90,0	    0,051898	91,0
     42,0982	   0,0507975	90,2	   0,0521443	90,7
     42,1002	   0,0508959	90,0	   0,0523263	90,8
     42,1021	   0,0510038	89,8	   0,0524102	90,4
     42,1041	    0,051204	90,4	   0,0525446	90,7
     42,1061	   0,0514029	90,0	   0,0527075	91,2
      42,108	   0,0515115	90,5	     0,05292	90,9
       42,11	   0,0516918	91,2	   0,0530172	91,0
     42,1119	    0,051807	90,8	   0,0531535	92,2
     42,1139	   0,0520075	90,8	   0,0533407	91,8
     42,1158	   0,0521383	91,4	   0,0535884	92,2
     42,1178	   0,0522352	90,9	   0,0536943	93,0
     42,1197	   0,0524205	90,8	   0,0539564	91,8
     42,1217	   0,0525938	91,5	   0,0540871	91,9
     42,1237	    0,052813	91,6	   0,0541898	92,6
     42,1256	   0,0529596	90,6	   0,0543417	92,6
     42,1276	   0,0530827	91,4	   0,0544931	91,8
     42,1295	   0,0532359	91,5	   0,0546556	92,4
     42,1315	   0,0534088	91,5	   0,0548104	92,8
     42,1334	   0,0536157	91,0	   0,0549626	92,1
     42,1354	   0,0537382	93,1	   0,0552185	93,8
     42,1373	   0,0538517	92,7	   0,0554659	93,3
     42,1393	   0,0541295	92,3	   0,0556088	93,4
     42,1413	   0,0542977	93,1	   0,0557415	93,8
     42,1432	   0,0545703	92,0	   0,0559418	93,9
     42,1452	   0,0546843	92,2	   0,0560958	93,8
     42,1471	   0,0547565	92,6	   0,0563277	93,7
     42,1491	   0,0548703	93,1	   0,0565107	94,0
      42,151	   0,0551629	92,1	   0,0566912	93,2
      42,153	    0,055274	92,9	   0,0568353	93,3
     42,1549	   0,0553886	92,9	   0,0570586	94,6
     42,1569	   0,0554962	92,8	   0,0573085	94,1
     42,1588	   0,0557287	93,7	   0,0574976	94,5
     42,1608	   0,0559343	94,2	   0,0576767	94,7
     42,1628	   0,0561926	93,8	   0,0579283	95,3
     42,1647	   0,0563735	93,5	   0,0580728	95,0
     42,1667	   0,0565868	94,3	   0,0583154	96,0
     42,1686	   0,0567283	94,5	   0,0584362	96,0
     42,1706	   0,0568128	93,8	   0,0586099	95,3
     42,1725	   0,0569933	94,2	   0,0588048	95,3
     42,1745	   0,0572298	93,8	   0,0589727	95,6
     42,1764	   0,0573358	93,6	   0,0591976	94,9
     42,1784	   0,0575844	94,7	   0,0594605	94,9
     42,1804	    0,057709	94,7	   0,0597645	96,6
     42,1823	   0,0579677	94,2	   0,0599351	96,0
     42,1843	   0,0580867	94,6	   0,0601639	96,6
     42,1862	   0,0583365	96,2	   0,0602972	96,9
     42,1882	   0,0585799	95,6	   0,0604894	97,1
     42,1901	   0,0588234	96,3	   0,0607707	96,9
     42,1921	   0,0590794	96,4	   0,0609683	97,1
      42,194	   0,0592804	95,4	   0,0611677	97,6
      42,196	   0,0594314	95,8	   0,0612962	97,5
     42,1979	   0,0595325	96,1	   0,0616451	97,3
     42,1999	   0,0597472	96,5	   0,0618753	97,8
     42,2019	   0,0599291	96,7	    0,062236	97,5
     42,2038	   0,0601724	96,2	   0,0623822	97,7
     42,2058	   0,0603861	96,6	   0,0626048	98,2
     42,2077	   0,0606289	96,5	   0,0628348	98,3
     42,2097	   0,0608878	97,1	   0,0630739	98,1
     42,2116	   0,0610244	97,2	   0,0632976	97,9
     42,2136	   0,0612963	97,5	   0,0634993	99,4
     42,2155	   0,0615334	97,0	   0,0637493	98,6
     42,2175	   0,0616436	97,4	   0,0640176	99,5
     42,2195	   0,0619114	98,7	   0,0642871	100,2
     42,2214	   0,0621109	98,3	   0,0645782	99,6
     42,2234	    0,062411	98,5	   0,0648294	99,7
     42,2253	   0,0626561	99,1	   0,0650442	100,6
     42,2273	    0,062874	98,8	   0,0652257	101,0
     42,2292	   0,0630482	98,5	   0,0655496	100,1
     42,2312	   0,0632958	98,7	    0,065818	100,4
     42,2331	   0,0634338	99,5	    0,066154	100,7
     42,2351	    0,063744	98,3	   0,0663163	101,3
      42,237	   0,0639117	98,8	   0,0666641	101,3
      42,239	   0,0641429	99,1	   0,0668206	101,7
      42,241	   0,0644488	99,1	   0,0671103	101,7
     42,2429	   0,0646065	99,3	   0,0673813	101,2
     42,2449	   0,0648849	99,6	   0,0677973	102,7
     42,2468	   0,0651414	100,8	    0,067986	102,8
     42,2488	   0,0654727	100,0	   0,0682455	102,9
     42,2507	   0,0656718	101,2	   0,0685012	102,7
     42,2527	    0,065895	101,4	   0,0687331	103,7
     42,2546	   0,0661293	101,0	   0,0690069	103,8
     42,2566	   0,0663909	101,2	   0,0693518	103,4
     42,2586	   0,0665878	101,9	   0,0696428	104,1
     42,2605	   0,0669124	100,9	   0,0699825	103,1
     42,2625	   0,0671856	101,3	   0,0703153	103,4
     42,2644	   0,0675834	102,4	    0,070611	104,3
     42,2664	   0,0678144	102,4	   0,0708665	104,3
     42,2683	   0,0681479	102,3	   0,0711652	103,9
     42,2703	   0,0682553	102,3	   0,0714212	104,7
     42,2722	   0,0685364	103,2	   0,0717972	106,0
     42,2742	   0,0687285	102,9	   0,0720501	106,0
     42,2761	   0,0691179	103,6	   0,0724466	105,8
     42,2781	   0,0693754	103,4	   0,0727279	106,0
     42,2801	   0,0697092	103,9	    0,073121	107,0
      42,282	   0,0700378	103,9	   0,0734234	106,6
      42,284	   0,0702773	103,7	   0,0737908	107,5
     42,2859	   0,0705778	105,3	   0,0740247	108,1
     42,2879	    0,070884	105,1	   0,0742331	108,2
     42,2898	   0,0710801	105,6	   0,0746041	107,1
     42,2918	   0,0713727	105,7	   0,0748964	108,4
     42,2937	   0,0716759	106,1	   0,0753651	108,7
     42,2957	   0,0719462	106,0	   0,0756272	108,9
     42,2977	   0,0722187	106,2	   0,0760461	109,1
     42,2996	   0,0725542	107,1	     0,07642	109,1
     42,3016	   0,0728882	106,0	   0,0767562	109,1
     42,3035	   0,0731464	106,3	   0,0771365	110,1
     42,3055	    0,073501	107,1	    0,077444	110,3
     42,3074	   0,0737447	107,8	   0,0777451	110,6
     42,3094	   0,0741035	107,0	   0,0780775	110,1
     42,3113	    0,074295	107,4	   0,0783467	110,6
     42,3133	   0,0747186	108,4	   0,0787402	112,4
     42,3153	   0,0749586	108,3	   0,0790777	111,6
     42,3172	   0,0753126	108,8	   0,0795823	112,2
     42,3192	   0,0754764	109,4	   0,0797995	112,9
     42,3211	   0,0758475	109,8	   0,0802452	113,2
     42,3231	   0,0760775	109,4	   0,0804858	113,6
      42,325	   0,0763326	110,3	   0,0808941	114,0
      42,327	   0,0766247	110,8	   0,0811436	114,7
     42,3289	   0,0769105	111,4	   0,0815292	114,1
     42,3309	   0,0772243	111,0	   0,0817779	114,5
     42,3328	   0,0775513	111,8	   0,0821511	114,7
     42,3348	   0,0779144	112,3	   0,0824569	115,5
     42,3368	   0,0782337	111,7	   0,0828417	114,9
     42,3387	   0,0784814	112,2	   0,0831176	115,5
     42,3407	   0,0788001	112,7	   0,0834383	116,0
     42,3426	    0,079022	113,6	   0,0836327	116,3
     42,3446	   0,0793941	112,4	   0,0839416	116,8
     42,3465	   0,0795669	113,6	   0,0842888	117,1
     42,3485	   0,0800411	113,6	   0,0845939	117,8
     42,3504	   0,0802433	114,2	   0,0849076	118,0
     42,3524	   0,0806467	114,0	   0,0851728	117,6
     42,3544	   0,0809204	114,6	    0,085529	119,7
     42,3563	   0,0813555	115,0	   0,0858482	119,5
     42,3583	   0,0816505	114,9	   0,0862037	119,5
     42,3602	   0,0820915	116,2	   0,0865021	119,7
     42,3622	   0,0823904	116,2	   0,0868045	121,2
     42,3641	   0,0827045	116,5	   0,0870145	121,1
     42,3661	   0,0830209	116,8	   0,0873834	121,6
      42,368	   0,0833053	117,3	   0,0877218	121,8
       42,37	    0,083671	119,1	   0,0881194	122,2
     42,3719	   0,0830878	119,6	   0,0883161	122,1
     42,3739	   0,0839368	119,0	   0,0885864	122,9
     42,3759	   0,0840763	119,0	   0,0889067	123,9
     42,3778	   0,0844506	120,1	   0,0891903	124,8
     42,3798	   0,0851881	120,0	   0,0894845	123,6
     42,3817	   0,0855268	120,2	   0,0896707	124,2
     42,3837	   0,0857275	120,6	   0,0900649	124,7
     42,3856	   0,0860683	121,3	   0,0902453	125,2
     42,3876	   0,0863352	121,5	   0,0905104	125,3
     42,3895	    0,086651	121,9	   0,0907737	125,4
     42,3915	    0,086974	122,1	   0,0910082	126,3
     42,3935	   0,0873515	122,1	   0,0912051	126,6
     42,3954	   0,0875794	122,6	   0,0914904	127,5
     42,3974	   0,0879253	123,2	   0,0916662	127,6
     42,3993	   0,0881888	123,9	   0,0908461	128,2
     42,4013	   0,0885386	123,6	   0,0921078	127,9
     42,4032	   0,0887057	124,2	   0,0920737	129,3
     42,4052	   0,0890741	124,9	   0,0925245	129,2
     42,4071	   0,0893843	125,3	   0,0922909	130,2
     42,4091	   0,0896828	125,5	   0,0928774	130,5
      42,411	   0,0899792	125,0	   0,0929838	131,6
      42,413	   0,0902639	126,5	   0,0932029	131,7
      42,415	   0,0904645	126,9	     0,09335	131,5
     42,4169	    0,090796	126,7	   0,0936292	131,9
     42,4189	   0,0910033	127,1	   0,0938722	132,6
     42,4208	   0,0913058	128,8	   0,0938615	133,3
     42,4228	   0,0915873	128,7	   0,0942587	132,8
     42,4247	   0,0919255	129,1	   0,0944431	133,2
     42,4267	   0,0921334	129,1	   0,0946175	133,8
     42,4286	   0,0924025	130,5	   0,0947052	135,3
     42,4306	   0,0915417	131,4	   0,0949058	134,1
     42,4326	   0,0928383	130,4	   0,0949663	135,0
     42,4345	   0,0930232	132,0	   0,0951509	135,9
     42,4365	   0,0933805	132,3	   0,0952319	136,0
     42,4384	    0,093584	132,5	   0,0954748	135,7
     42,4404	   0,0937739	132,7	   0,0955218	136,2
     42,4423	   0,0940141	134,3	   0,0957081	136,8
     42,4443	   0,0942814	134,6	   0,0958886	137,0
     42,4462	   0,0944714	134,9	   0,0960493	137,3
     42,4482	   0,0946923	134,7	   0,0961624	137,7
     42,4501	   0,0948528	135,3	   0,0962426	138,4
     42,4521	   0,0950436	136,0	   0,0963908	138,6
     42,4541	    0,095217	136,5	   0,0964552	138,4
      42,456	   0,0954034	136,2	   0,0965236	139,3
      42,458	   0,0954887	136,9	    0,096589	139,8
     42,4599	   0,0956706	138,0	   0,0966475	140,2
     42,4619	   0,0957989	138,1	    0,096649	139,9
     42,4638	   0,0959826	137,9	   0,0967484	141,4
     42,4658	   0,0961343	138,5	   0,0968421	141,5
     42,4677	   0,0963325	139,0	   0,0968499	141,4
     42,4697	   0,0964516	139,8	   0,0969585	142,9
     42,4717	    0,096693	139,4	   0,0970305	143,0
     42,4736	   0,0967833	140,2	    0,097108	143,1
     42,4756	   0,0968939	139,9	   0,0971269	143,4
     42,4775	   0,0969593	140,5	   0,0972258	144,1
     42,4795	   0,0971093	141,1	   0,0972198	144,9
     42,4814	   0,0971367	141,7	    0,097273	144,6
     42,4834	   0,0972924	142,4	   0,0973863	144,4
     42,4853	   0,0973604	142,6	   0,0974008	145,9
     42,4873	   0,0974374	142,8	    0,097392	146,4
     42,4892	   0,0975335	143,6	   0,0974428	145,7
     42,4912	   0,0976013	144,3	   0,0974354	145,9
     42,4932	   0,0976733	143,8	   0,0975924	146,9
     42,4951	   0,0976806	145,1	    0,097559	147,8
     42,4971	   0,0977884	145,6	   0,0976223	147,3
      42,499	   0,0979222	145,3	   0,0975954	147,8
      42,501	    0,097967	145,2	   0,0976481	148,6
     42,5029	   0,0980387	146,6	   0,0975315	149,2
     42,5049	   0,0980523	146,8	   0,0976201	148,6
     42,5068	    0,098115	147,2	   0,0972358	149,0
     42,5088	    0,098121	147,2	   0,0972502	149,5
     42,5108	   0,0980991	148,0	   0,0973083	150,1
     42,5127	   0,0981221	148,1	   0,0974669	149,5
     42,5147	   0,0982126	148,6	    0,097532	149,8
     42,5166	   0,0981956	148,6	   0,0966603	151,7
     42,5186	    0,098207	149,9	   0,0966012	152,4
     42,5205	   0,0982352	150,1	   0,0968801	151,5
     42,5225	   0,0983163	150,5	   0,0975095	151,2
     42,5244	   0,0982884	150,6	   0,0975242	152,2
     42,5264	   0,0982215	151,5	   0,0974803	152,6
     42,5283	   0,0982267	151,6	   0,0974958	151,9
     42,5303	   0,0981396	152,2	   0,0974894	151,9
     42,5323	   0,0981649	151,9	   0,0974392	153,0
     42,5342	   0,0982075	153,0	   0,0974093	153,3
     42,5362	   0,0982144	153,3	   0,0973098	153,8
     42,5381	   0,0981449	154,0	   0,0972103	153,7
     42,5401	   0,0981707	153,7	   0,0971615	154,2
      42,542	   0,0981503	154,1	   0,0970798	154,8
      42,544	   0,0981535	154,2	   0,0969722	155,0
     42,5459	   0,0981283	155,1	   0,0970076	154,4
     42,5479	   0,0981255	155,5	   0,0969233	155,2
     42,5499	   0,0978763	155,9	   0,0969149	155,9
     42,5518	   0,0976482	154,1	   0,0968887	156,1
     42,5538	   0,0979341	156,7	   0,0969126	156,0
     42,5557	   0,0970086	156,7	   0,0968674	157,3
     42,5577	   0,0971264	156,5	   0,0968099	157,4
     42,5596	   0,0977167	156,9	   0,0966751	157,5
     42,5616	   0,0976131	158,0	   0,0965912	157,2
     42,5635	   0,0975268	158,5	   0,0964999	157,4
     42,5655	    0,097451	157,9	   0,0964884	158,5
     42,5674	   0,0974129	158,2	   0,0964446	158,8
     42,5694	   0,0973476	159,5	   0,0962955	158,7
     42,5714	   0,0973416	159,7	   0,0961573	158,5
     42,5733	    0,097276	159,0	   0,0960475	160,2
     42,5753	   0,0971835	159,7	   0,0959721	160,4
     42,5772	   0,0971108	159,6	   0,0958844	159,6
     42,5792	    0,096945	160,9	   0,0958155	159,8
     42,5811	   0,0968673	160,4	   0,0957542	161,1
     42,5831	   0,0967907	160,6	   0,0956634	161,1
      42,585	   0,0967107	161,6	   0,0956009	160,6
      42,587	   0,0966352	162,4	   0,0955038	161,0
      42,589	   0,0965243	161,6	   0,0953381	163,2
     42,5909	   0,0963246	161,7	   0,0953066	162,6
     42,5929	   0,0963284	163,1	   0,0952133	162,1
     42,5948	   0,0962051	163,0	   0,0951142	162,5
     42,5968	   0,0960241	163,3	   0,0950297	163,5
     42,5987	   0,0959629	163,0	   0,0949761	163,7
     42,6007	   0,0957965	163,6	   0,0948638	163,6
     42,6026	   0,0957558	163,6	   0,0947813	163,5
     42,6046	   0,0956497	164,3	   0,0946083	164,3
     42,6065	   0,0955863	164,4	   0,0943246	164,7
     42,6085	   0,0954573	165,0	   0,0944068	164,6
     42,6105	   0,0953408	165,2	   0,0942441	165,2
     42,6124	   0,0952244	165,6	   0,0941734	164,5
     42,6144	   0,0951684	165,4	   0,0939413	166,0
     42,6163	   0,0950782	165,5	   0,0939095	166,1
     42,6183	   0,0949671	165,8	   0,0937984	165,4
     42,6202	   0,0948154	166,9	   0,0936247	166,3
     42,6222	   0,0946484	167,0	   0,0935403	166,3
     42,6241	   0,0945728	166,5	   0,0933535	167,1
     42,6261	   0,0944473	166,5	   0,0933204	166,6
     42,6281	   0,0943378	167,6	   0,0931245	166,4
       42,63	   0,0942111	167,7	   0,0928804	168,3
      42,632	   0,0940382	167,6	   0,0929912	168,0
     42,6339	   0,0939277	167,8	   0,0920796	168,0
     42,6359	   0,0937594	168,7	    0,092712	167,8
     42,6378	   0,0937099	168,6	   0,0917692	169,2
     42,6398	   0,0935216	168,7	   0,0923678	169,2
     42,6417	   0,0934511	168,3	   0,0922081	169,0
     42,6437	   0,0932461	169,8	   0,0920987	168,8
     42,6456	   0,0931608	169,7	   0,0920453	168,7
     42,6476	   0,0929622	170,2	   0,0919446	170,1
     42,6496	   0,0928783	169,9	    0,091833	169,9
     42,6515	   0,0926799	170,5	   0,0915956	170,2
     42,6535	   0,0925078	170,8	   0,0914878	169,5
     42,6554	   0,0923939	171,3	   0,0913413	171,2
     42,6574	   0,0922698	170,9	   0,0912789	170,6
     42,6593	   0,0920676	171,6	   0,0910505	170,8
     42,6613	    0,091967	171,1	   0,0909528	170,6
     42,6632	   0,0918276	172,6	   0,0908257	171,6
     42,6652	   0,0916828	172,6	   0,0907462	171,7
     42,6672	   0,0915352	172,0	   0,0905736	172,0
     42,6691	   0,0913982	171,8	   0,0904501	171,8
     42,6711	   0,0911718	173,0	   0,0902998	172,6
      42,673	   0,0911051	172,7	   0,0902191	172,3
      42,675	   0,0909673	172,6	   0,0900311	172,9
     42,6769	   0,0908505	172,6	   0,0899329	172,6
     42,6789	   0,0907381	173,9	    0,089766	172,9
     42,6808	   0,0906161	174,0	   0,0896347	173,0
     42,6828	   0,0904891	174,0	   0,0891994	173,8
     42,6847	   0,0902603	173,5	   0,0892383	173,7
     42,6867	   0,0901498	173,8	   0,0891795	173,9
     42,6887	   0,0899888	174,4	   0,0890633	173,9
     42,6906	   0,0898252	174,9	   0,0889718	174,3
     42,6926	   0,0897101	174,8	   0,0887428	175,0
     42,6945	   0,0895668	175,2	   0,0886464	174,8
     42,6965	   0,0892585	175,4	   0,0884636	174,6
     42,6984	   0,0892526	175,5	   0,0882703	174,8
     42,7004	   0,0890166	175,9	   0,0880894	176,1
     42,7023	   0,0888674	175,9	   0,0879954	175,9
     42,7043	    0,087972	176,6	   0,0878657	175,3
     42,7063	    0,088489	176,2	   0,0877838	175,5
     42,7082	   0,0875126	178,0	   0,0876018	176,5
     42,7102	   0,0881603	177,2	   0,0874606	177,1
     42,7121	   0,0873006	176,6	   0,0872579	176,1
     42,7141	   0,0880187	176,7	   0,0871307	176,6
      42,716	   0,0876868	177,8	   0,0869517	177,5
      42,718	   0,0874652	178,5	   0,0867783	177,5
     42,7199	   0,0873291	178,1	   0,0859876	178,3
     42,7219	   0,0872476	177,4	   0,0865075	177,9
     42,7239	   0,0870967	178,1	   0,0862245	177,6
     42,7258	   0,0869026	179,2	   0,0861506	178,5
     42,7278	    0,086748	179,3	   0,0855776	178,8
     42,7297	   0,0865895	179,9	   0,0858221	179,3
     42,7317	   0,0864326	179,2	   0,0844702	179,3
     42,7336	    0,086285	179,4	   0,0855158	179,2
     42,7356	   0,0861624	180,2	    0,085397	179,5
     42,7375	   0,0857517	180,5	   0,0852048	180,1
     42,7395	   0,0858034	179,8	   0,0849397	179,9
     42,7414	   0,0849888	180,0	   0,0848049	180,5
     42,7434	   0,0854501	181,2	   0,0846325	180,7
     42,7454	   0,0853566	180,9	   0,0844894	180,8
     42,7473	   0,0851249	181,0	   0,0843054	181,1
     42,7493	   0,0850095	181,0	   0,0842583	181,6
     42,7512	   0,0846954	181,7	   0,0840596	180,8
     42,7532	   0,0834811	181,9	   0,0838975	181,4
     42,7551	   0,0844815	182,0	    0,083751	181,9
     42,7571	   0,0843459	182,4	   0,0835798	182,1
      42,759	    0,083418	182,1	   0,0834025	182,0
      42,761	    0,084016	182,2	   0,0833176	181,9
      42,763	   0,0839476	182,0	   0,0830768	182,5
     42,7649	   0,0837041	182,9	    0,082942	182,2
     42,7669	   0,0834822	182,9	   0,0826963	182,8
     42,7688	   0,0833249	182,5	   0,0826111	182,6
     42,7708	   0,0831821	182,5	   0,0824635	182,7
     42,7727	   0,0830122	184,0	   0,0823805	182,3
     42,7747	   0,0829418	183,7	   0,0821325	183,4
     42,7766	   0,0827191	183,1	   0,0816251	184,0
     42,7786	   0,0825769	182,9	   0,0816489	182,9
     42,7805	   0,0823581	183,7	    0,081616	183,9
     42,7825	   0,0820885	184,2	   0,0812385	184,0
     42,7845	   0,0819558	184,9	   0,0813857	184,4
     42,7864	   0,0817644	183,6	   0,0812125	184,2
     42,7884	   0,0816214	184,5	   0,0810312	184,4
     42,7903	   0,0814502	184,7	   0,0808005	183,9
     42,7923	   0,0812914	185,5	   0,0803529	184,9
     42,7942	   0,0811416	185,6	   0,0804502	185,5
     42,7962	    0,080972	185,1	   0,0803554	185,7
     42,7981	   0,0807586	185,5	   0,0802091	184,4
     42,8001	   0,0806115	185,9	   0,0798582	185,2
     42,8021	    0,080422	186,7	   0,0798016	186,0
      42,804	   0,0802181	186,8	   0,0791019	186,9
      42,806	   0,0800746	186,9	   0,0794431	186,5
     42,8079	   0,0799228	186,9	   0,0787951	186,7
     42,8099	    0,079549	187,0	   0,0791669	186,7
     42,8118	   0,0788632	187,8	   0,0782764	187,0
     42,8138	   0,0788417	188,1	   0,0788685	187,7
     42,8157	   0,0792561	187,7	   0,0787445	187,5
     42,8177	   0,0790522	187,7	   0,0784303	187,3
     42,8196	   0,0785921	187,6	   0,0783573	187,1
     42,8216	   0,0784588	188,3	   0,0781452	188,2
     42,8236	   0,0780518	188,4	    0,078077	187,9
     42,8255	   0,0783927	188,2	   0,0778719	188,1
     42,8275	   0,0782487	188,2	   0,0777373	188,1
     42,8294	    0,078128	188,3	   0,0775907	188,4
     42,8314	   0,0778791	189,0	   0,0774159	188,2
     42,8333	   0,0777379	188,7	    0,076802	188,9
     42,8353	    0,077539	188,2	   0,0770539	188,8
     42,8372	   0,0774366	188,5	   0,0764969	189,5
     42,8392	   0,0772696	189,0	   0,0767882	188,4
     42,8412	    0,077019	189,5	   0,0758388	189,8
     42,8431	   0,0768956	189,9	   0,0757912	190,0
     42,8451	   0,0767066	189,5	   0,0757822	189,9
      42,847	   0,0765592	190,0	   0,0753408	190,4
      42,849	   0,0763406	189,9	   0,0751192	190,5
     42,8509	   0,0762317	190,7	   0,0750803	190,0
     42,8529	   0,0760923	191,1	   0,0752752	190,8
     42,8548	   0,0759132	190,5	   0,0748667	190,7
     42,8568	   0,0757429	191,0	   0,0746382	191,4
     42,8587	   0,0754844	191,2	   0,0743425	190,4
     42,8607	   0,0753279	191,4	   0,0741227	190,9
     42,8627	   0,0751145	192,0	   0,0741837	191,6
     42,8646	   0,0745326	192,0	   0,0746314	191,5
     42,8666	   0,0743271	191,5	    0,074383	191,6
     42,8685	   0,0746174	191,3	   0,0742782	191,6
     42,8705	   0,0745159	192,1	   0,0740516	191,9
     42,8724	   0,0744214	191,7	   0,0739693	191,0
     42,8744	   0,0742632	192,5	    0,073782	192,1
     42,8763	   0,0740019	192,2	   0,0735571	191,8
     42,8783	   0,0737222	191,8	   0,0734044	192,0
     42,8803	   0,0735471	192,2	   0,0732274	191,6
     42,8822	   0,0733931	192,9	   0,0731336	193,1
     42,8842	   0,0732619	193,1	   0,0723267	193,8
     42,8861	   0,0730904	192,4	   0,0727757	192,9
     42,8881	   0,0729478	193,0	   0,0725463	192,9
       42,89	   0,0728297	192,9	   0,0721272	192,8
      42,892	   0,0727217	193,4	   0,0718035	192,7
     42,8939	   0,0725301	194,3	    0,071436	194,7
     42,8959	   0,0723736	194,9	   0,0709215	195,1
     42,8979	    0,072158	193,8	   0,0709957	194,2
     42,8998	   0,0719388	193,9	   0,0715783	193,1
     42,9018	   0,0717061	194,9	   0,0713002	194,0
     42,9037	   0,0716265	195,1	   0,0705685	194,7
     42,9057	   0,0714476	195,1	   0,0711509	194,6
     42,9076	   0,0713026	194,8	   0,0708582	194,9
     42,9096	   0,0711411	194,5	   0,0707183	194,5
     42,9115	   0,0710246	194,7	   0,0705002	194,9
     42,9135	   0,0708527	195,6	   0,0704974	194,3
     42,9154	   0,0706149	195,7	   0,0700276	195,7
     42,9174	   0,0704318	195,3	    0,070183	195,7
     42,9194	   0,0702952	195,2	   0,0697495	195,5
     42,9213	   0,0702114	195,2	   0,0698351	195,0
     42,9233	   0,0700442	195,4	   0,0696907	195,5
     42,9252	   0,0697034	196,5	   0,0690055	196,5
     42,9272	   0,0696369	196,5	   0,0688298	196,7
     42,9291	   0,0693937	195,5	   0,0685482	197,2
     42,9311	   0,0693109	195,9	   0,0685081	195,1
      42,933	   0,0690846	196,5	   0,0687256	195,9
      42,935	    0,068992	197,1	   0,0686832	196,2
      42,937	   0,0687416	197,8	   0,0679943	197,0
     42,9389	   0,0686491	197,7	   0,0680283	197,1
     42,9409	   0,0685041	196,8	   0,0676449	196,6
     42,9428	   0,0684184	197,0	   0,0682007	197,1
     42,9448	   0,0681798	197,9	   0,0678358	196,8
     42,9467	   0,0680155	197,4	   0,0678351	196,7
     42,9487	   0,0678925	197,6	   0,0675963	197,6
     42,9506	   0,0677177	197,4	   0,0673643	198,3
     42,9526	   0,0675548	197,4	   0,0672599	197,2
     42,9545	   0,0673627	197,3	   0,0671189	197,5
     42,9565	   0,0672153	198,0	   0,0670077	197,1
     42,9585	   0,0670646	198,3	   0,0667511	198,3
     42,9604	   0,0668969	197,9	   0,0665016	198,7
     42,9624	   0,0667091	198,3	   0,0664332	197,7
     42,9643	   0,0665646	198,4	   0,0661559	198,2
     42,9663	    0,066431	198,6	    0,066126	197,6
     42,9682	   0,0662964	199,6	   0,0659587	198,4
     42,9702	   0,0661402	199,8	   0,0658313	198,7
     42,9721	   0,0659667	-160,0	   0,0656855	199,0
     42,9741	   0,0657547	-160,5	   0,0655477	-160,0
     42,9761	    0,065454	-160,7	   0,0653635	-160,8
      42,978	   0,0649356	-161,1	    0,065252	-160,5
       42,98	   0,0647183	-159,7	   0,0651011	-160,6
     42,9819	   0,0646135	-158,6	    0,064916	-159,9
     42,9839	   0,0645934	-160,0	   0,0648338	-160,0
     42,9858	   0,0644403	-159,5	   0,0646521	-160,3
     42,9878	   0,0645806	-160,6	   0,0645009	-160,7
     42,9897	   0,0645747	-160,3	   0,0644172	-161,2
     42,9917	   0,0644346	-159,5	   0,0641704	-160,1
     42,9936	   0,0642807	-159,4	    0,063518	-158,7
     42,9956	   0,0641786	-159,7	   0,0637079	-159,4
     42,9976	     0,06403	-159,2	   0,0637131	-159,5
     42,9995	   0,0637954	-159,3	   0,0632778	-159,2
     43,0015	   0,0636316	-159,0	   0,0632787	-159,7
     43,0034	   0,0635001	-158,0	   0,0632951	-158,9
     43,0054	   0,0632234	-157,9	   0,0631196	-158,7
     43,0073	   0,0631039	-158,4	    0,062903	-158,7
     43,0093	   0,0628492	-158,4	   0,0627799	-158,3
     43,0112	   0,0625035	-158,2	   0,0626596	-158,8
     43,0132	   0,0624585	-157,6	   0,0625236	-159,0
     43,0152	   0,0625249	-158,0	   0,0623604	-158,1
     43,0171	    0,062444	-158,0	   0,0622873	-157,9
     43,0191	   0,0622956	-158,5	   0,0620012	-158,1
      43,021	   0,0621208	-158,0	   0,0616819	-157,6
      43,023	   0,0619018	-158,4	   0,0618304	-158,7
     43,0249	   0,0617862	-157,6	      0,0612	-157,8
     43,0269	   0,0616381	-157,3	   0,0612857	-157,8
     43,0288	   0,0615418	-156,8	   0,0607774	-156,3
     43,0308	   0,0613775	-157,6	   0,0611228	-157,8
     43,0327	   0,0612555	-157,0	   0,0606587	-157,4
     43,0347	   0,0611093	-156,9	   0,0607535	-156,7
     43,0367	      0,0606	-156,8	   0,0606208	-157,5
     43,0386	   0,0604235	-156,0	   0,0604434	-156,4
     43,0406	   0,0606183	-156,4	    0,060359	-156,7
     43,0425	   0,0602505	-156,2	   0,0601874	-156,6
     43,0445	   0,0603448	-156,9	   0,0601793	-157,1
     43,0464	   0,0601539	-157,1	   0,0599515	-157,0
     43,0484	   0,0601291	-157,0	   0,0597957	-157,6
     43,0503	   0,0598606	-156,1	   0,0597093	-156,6
     43,0523	   0,0596974	-155,6	   0,0596107	-157,1
     43,0543	   0,0596194	-156,1	   0,0594019	-156,9
     43,0562	   0,0594359	-155,5	   0,0592963	-156,5
     43,0582	   0,0592141	-155,9	   0,0591546	-155,8
     43,0601	   0,0588596	-155,6	   0,0590113	-156,4
     43,0621	   0,0588837	-154,5	   0,0588353	-156,1
      43,064	   0,0586365	-154,6	   0,0586615	-155,2
      43,066	   0,0586648	-154,9	   0,0585712	-155,3
     43,0679	   0,0585715	-155,4	   0,0583869	-155,0
     43,0699	   0,0584538	-155,6	   0,0581645	-155,6
     43,0718	   0,0583493	-156,2	   0,0580488	-155,7
     43,0738	   0,0582105	-155,2	   0,0579135	-155,5
     43,0758	   0,0580631	-154,8	   0,0578778	-155,7
     43,0777	   0,0578574	-154,8	   0,0577126	-154,9
     43,0797	   0,0577678	-154,8	   0,0575206	-155,1
     43,0816	   0,0576451	-154,0	   0,0573975	-155,2
     43,0836	   0,0574947	-154,2	   0,0572023	-155,0
     43,0855	   0,0573171	-153,9	    0,057201	-154,9
     43,0875	   0,0572371	-153,4	   0,0566481	-154,6
     43,0894	   0,0570752	-153,2	   0,0568906	-154,3
     43,0914	   0,0570561	-154,0	   0,0566791	-153,4
     43,0934	    0,056818	-154,2	   0,0567108	-153,5
     43,0953	   0,0566951	-154,6	   0,0564785	-154,6
     43,0973	    0,056515	-154,2	   0,0563048	-154,4
     43,0992	   0,0564067	-154,1	   0,0561697	-154,5
     43,1012	    0,056255	-153,7	   0,0560103	-153,4
     43,1031	   0,0561183	-152,8	   0,0558709	-153,9
     43,1051	   0,0559941	-153,9	   0,0557659	-153,9
      43,107	   0,0559157	-153,2	   0,0553257	-151,7
      43,109	   0,0558171	-153,0	   0,0554558	-153,3
     43,1109	   0,0556324	-152,6	   0,0552169	-153,8
     43,1129	   0,0553719	-151,9	   0,0551456	-153,2
     43,1149	   0,0552657	-152,2	   0,0550654	-152,3
     43,1168	   0,0549641	-152,5	   0,0549784	-152,6
     43,1188	   0,0548585	-151,0	   0,0548161	-152,5
     43,1207	   0,0548416	-152,5	   0,0547119	-153,1
     43,1227	   0,0547714	-153,0	   0,0545635	-153,4
     43,1246	   0,0545849	-152,7	   0,0543446	-152,6
     43,1266	   0,0544469	-151,8	   0,0542834	-152,8
     43,1285	   0,0543547	-152,1	   0,0541526	-152,5
     43,1305	   0,0541926	-150,9	   0,0540244	-152,4
     43,1325	   0,0540783	-152,1	   0,0538932	-152,1
     43,1344	   0,0538858	-151,5	   0,0536877	-152,3
     43,1364	   0,0537899	-152,2	   0,0535548	-152,2
     43,1383	   0,0537135	-151,4	   0,0533989	-152,1
     43,1403	   0,0534818	-150,7	   0,0532998	-152,1
     43,1422	   0,0534602	-151,5	   0,0531637	-151,0
     43,1442	   0,0533627	-151,4	     0,05315	-151,4
     43,1461	   0,0532031	-152,1	   0,0530224	-151,8
     43,1481	   0,0531275	-152,3	   0,0529387	-152,1
       43,15	   0,0530527	-151,8	   0,0527925	-152,2
      43,152	   0,0528167	-150,7	   0,0526534	-151,8
      43,154	   0,0526094	-150,2	   0,0524657	-151,1
     43,1559	   0,0525526	-150,2	   0,0523129	-151,0
     43,1579	     0,05243	-150,7	   0,0522224	-149,9
     43,1598	    0,052345	-151,2	   0,0521361	-151,1
     43,1618	   0,0522352	-150,9	   0,0520751	-151,1
     43,1637	   0,0520863	-151,4	   0,0519271	-151,0
     43,1657	   0,0518873	-150,4	   0,0517339	-151,3
     43,1676	   0,0517832	-150,5	    0,051619	-151,1
     43,1696	   0,0517112	-149,9	   0,0514488	-148,9
     43,1716	   0,0515192	-149,7	   0,0514037	-150,2
     43,1735	   0,0514159	-150,5	   0,0512421	-150,7
     43,1755	   0,0512432	-150,1	   0,0511851	-150,0
     43,1774	   0,0511351	-149,8	   0,0510302	-150,7
     43,1794	   0,0510494	-149,6	   0,0508958	-150,5
     43,1813	   0,0508917	-148,5	   0,0507689	-149,5
     43,1833	   0,0507746	-148,9	   0,0505752	-149,4
     43,1852	   0,0506768	-149,9	   0,0504184	-149,7
     43,1872	   0,0506193	-149,9	   0,0503461	-150,0
     43,1891	   0,0505038	-150,2	   0,0501817	-150,7
     43,1911	    0,050373	-149,7	   0,0501917	-150,1
     43,1931	    0,050265	-149,0	   0,0501687	-150,1
      43,195	   0,0501421	-148,7	   0,0500088	-149,9
      43,197	   0,0499548	-148,4	   0,0499024	-149,0
     43,1989	   0,0497767	-148,1	   0,0498318	-148,6
     43,2009	   0,0497239	-148,5	   0,0496399	-148,3
     43,2028	   0,0495652	-149,2	   0,0495184	-148,8
     43,2048	   0,0495368	-149,5	   0,0494512	-149,5
     43,2067	   0,0494599	-148,9	   0,0493193	-149,0
     43,2087	   0,0493551	-149,1	   0,0492802	-149,6
     43,2107	   0,0492339	-148,0	   0,0491852	-148,7
     43,2126	   0,0491068	-147,7	   0,0490585	-149,1
     43,2146	   0,0488894	-147,9	   0,0489103	-148,3
     43,2165	   0,0487654	-148,6	   0,0487054	-148,9
     43,2185	   0,0486859	-148,2	   0,0485687	-148,4
     43,2204	   0,0485733	-148,1	    0,048381	-148,4
     43,2224	   0,0483996	-147,4	   0,0482593	-148,5
     43,2243	   0,0483835	-148,2	   0,0480451	-148,3
     43,2263	   0,0482467	-147,6	   0,0480176	-148,4
     43,2282	   0,0481059	-147,6	     0,04802	-147,5
     43,2302	   0,0480373	-148,2	   0,0479549	-148,2
     43,2322	   0,0478988	-147,8	   0,0477923	-148,3
     43,2341	   0,0476846	-147,3	   0,0476893	-148,6
     43,2361	   0,0475678	-147,7	   0,0475452	-148,6
      43,238	   0,0475157	-146,7	   0,0474936	-147,4
       43,24	    0,047304	-146,4	   0,0474431	-147,6
     43,2419	   0,0472475	-147,2	   0,0472456	-147,3
     43,2439	   0,0471442	-147,8	   0,0471512	-146,9
     43,2458	   0,0471729	-147,4	   0,0469986	-147,4
     43,2478	   0,0469539	-147,3	   0,0469349	-147,7
     43,2498	   0,0468973	-147,4	   0,0468279	-147,5
     43,2517	   0,0467691	-146,7	   0,0466783	-148,0
     43,2537	   0,0466593	-146,1	   0,0466014	-147,4
     43,2556	   0,0464823	-146,6	    0,046488	-146,7
     43,2576	   0,0463284	-146,1	   0,0464051	-146,5
     43,2595	   0,0463628	-146,4	   0,0463359	-146,4
     43,2615	   0,0462808	-146,7	   0,0461871	-146,9
     43,2634	   0,0462028	-147,0	   0,0461323	-146,6
     43,2654	    0,046036	-146,8	   0,0460621	-147,2
     43,2673	   0,0458131	-146,1	    0,045985	-147,4
     43,2693	   0,0457384	-146,0	   0,0457419	-147,1
     43,2713	   0,0455866	-146,1	   0,0456266	-146,5
     43,2732	   0,0455092	-145,0	   0,0454521	-145,9
     43,2752	    0,045453	-145,6	   0,0453901	-145,5
     43,2771	    0,045374	-146,5	   0,0452845	-146,2
     43,2791	   0,0452102	-146,4	   0,0452531	-146,0
      43,281	    0,045154	-146,5	    0,045132	-146,5
      43,283	    0,045029	-146,2	   0,0450221	-146,8
     43,2849	   0,0449524	-145,9	   0,0448753	-146,9
     43,2869	    0,044887	-145,3	   0,0447471	-146,3
     43,2889	   0,0447524	-144,7	   0,0446696	-145,5
     43,2908	   0,0445985	-144,7	    0,044617	-145,1
     43,2928	   0,0445418	-145,4	   0,0445343	-144,8
     43,2947	   0,0444126	-145,6	   0,0444123	-144,9
     43,2967	   0,0443554	-145,7	   0,0443445	-145,4
     43,2986	   0,0442605	-145,8	   0,0442511	-146,4
     43,3006	   0,0441134	-145,4	   0,0440961	-146,4
     43,3025	   0,0441219	-144,8	   0,0439979	-145,9
     43,3045	   0,0439834	-144,7	   0,0438126	-145,9
     43,3064	    0,043864	-143,9	   0,0437127	-144,9
     43,3084	   0,0437049	-144,9	   0,0436791	-144,5
     43,3104	   0,0435548	-145,0	   0,0436142	-144,3
     43,3123	   0,0434732	-144,8	   0,0435173	-145,2
     43,3143	   0,0434404	-145,5	   0,0433584	-145,8
     43,3162	   0,0433769	-144,3	   0,0432333	-145,9
     43,3182	   0,0432725	-144,6	   0,0431168	-145,6
     43,3201	   0,0430919	-143,7	   0,0430016	-145,3
     43,3221	   0,0430376	-143,9	   0,0429322	-144,5
      43,324	   0,0429332	-144,7	   0,0428394	-144,1
      43,326	   0,0428079	-144,5	   0,0428437	-143,7
      43,328	   0,0426383	-144,2	     0,04271	-144,4
     43,3299	    0,042577	-145,1	   0,0426301	-144,5
     43,3319	   0,0424493	-144,5	   0,0425433	-144,7
     43,3338	    0,042414	-144,7	   0,0424427	-145,0
     43,3358	   0,0423113	-144,0	   0,0423574	-145,3
     43,3377	   0,0422342	-143,2	   0,0422066	-144,8
     43,3397	   0,0421958	-143,6	   0,0420827	-144,2
     43,3416	   0,0420033	-143,5	   0,0419761	-143,5
     43,3436	   0,0418905	-143,5	   0,0419146	-143,7
     43,3456	   0,0417761	-144,3	   0,0418355	-144,0
     43,3475	   0,0416723	-143,9	   0,0416194	-144,0
     43,3495	   0,0416639	-144,1	   0,0415452	-144,9
     43,3514	   0,0415404	-143,7	   0,0414671	-144,3
     43,3534	   0,0414771	-143,2	   0,0414612	-144,0
     43,3553	   0,0414965	-143,3	   0,0413477	-143,9
     43,3573	   0,0413572	-142,8	   0,0412751	-143,3
     43,3592	   0,0411633	-143,3	   0,0411725	-142,9
     43,3612	   0,0410542	-143,0	   0,0410266	-143,1
     43,3631	   0,0408707	-143,6	    0,041003	-143,3
     43,3651	    0,040861	-143,6	   0,0408995	-143,6
     43,3671	   0,0407501	-143,2	   0,0408016	-144,2
      43,369	   0,0407032	-142,7	   0,0406598	-144,2
      43,371	   0,0405353	-142,8	   0,0405521	-143,7
     43,3729	   0,0403841	-142,4	   0,0404139	-142,5
     43,3749	   0,0403251	-142,3	   0,0404032	-142,0
     43,3768	    0,040279	-142,8	   0,0402646	-142,4
     43,3788	   0,0402252	-143,4	   0,0401671	-143,0
     43,3807	   0,0400377	-143,5	    0,040063	-143,2
     43,3827	   0,0399833	-143,3	   0,0399568	-143,7
     43,3847	   0,0399406	-142,9	   0,0398837	-143,8
     43,3866	   0,0399384	-142,2	   0,0398055	-142,9
     43,3886	   0,0398728	-141,9	   0,0396288	-142,5
     43,3905	   0,0397155	-141,4	   0,0395652	-142,4
     43,3925	   0,0395768	-142,2	   0,0395101	-141,9
     43,3944	   0,0394961	-142,3	   0,0394552	-142,1
     43,3964	   0,0393979	-142,8	   0,0393944	-142,3
     43,3983	   0,0393523	-143,2	   0,0393412	-142,9
     43,4003	   0,0393226	-142,6	   0,0392672	-143,2
     43,4022	   0,0392575	-142,0	   0,0391693	-142,9
     43,4042	   0,0390918	-141,7	   0,0389899	-142,5
     43,4062	   0,0389426	-141,6	   0,0389161	-142,3
     43,4081	   0,0388964	-142,2	   0,0388307	-141,6
     43,4101	   0,0388728	-141,6	   0,0387949	-142,0
      43,412	   0,0387777	-142,2	   0,0386965	-141,6
      43,414	   0,0386829	-142,5	   0,0385691	-142,0
     43,4159	    0,038605	-142,1	   0,0384551	-142,5
     43,4179	   0,0385013	-141,4	   0,0383744	-142,3
     43,4198	   0,0383397	-141,7	   0,0383918	-141,3
     43,4218	    0,038238	-140,9	   0,0382591	-141,7
     43,4238	   0,0381933	-141,2	   0,0381704	-142,0
     43,4257	   0,0381472	-142,0	   0,0380884	-142,2
     43,4277	   0,0381109	-141,3	   0,0380017	-142,5
     43,4296	   0,0380263	-141,0	   0,0379266	-141,9
     43,4316	   0,0378092	-140,9	   0,0378329	-141,1
     43,4335	   0,0376388	-141,3	   0,0377157	-141,3
     43,4355	   0,0375888	-141,6	   0,0376232	-140,8
     43,4374	   0,0375973	-141,5	   0,0375875	-140,9
     43,4394	   0,0375813	-141,7	   0,0375215	-141,4
     43,4413	   0,0373634	-141,3	   0,0374783	-141,8
     43,4433	   0,0373519	-141,0	   0,0373475	-142,1
     43,4453	   0,0373858	-140,9	   0,0372062	-141,8
     43,4472	   0,0373137	-140,1	   0,0371841	-141,2
     43,4492	   0,0370753	-140,3	   0,0371027	-140,9
     43,4511	   0,0369441	-140,2	   0,0371377	-140,4
     43,4531	   0,0368951	-141,0	   0,0368788	-140,9
      43,455	    0,036873	-141,7	   0,0367805	-141,5
      43,457	   0,0368557	-141,8	    0,036724	-141,4
     43,4589	   0,0367596	-141,1	   0,0366366	-141,6
     43,4609	    0,036655	-141,0	   0,0365788	-141,1
     43,4629	   0,0364981	-140,0	   0,0364807	-141,3
     43,4648	   0,0364427	-140,6	   0,0363971	-140,3
     43,4668	   0,0363422	-140,2	   0,0362745	-140,5
     43,4687	   0,0363511	-140,3	   0,0362376	-140,1
     43,4707	   0,0362947	-140,6	   0,0362099	-140,9
     43,4726	   0,0361644	-140,1	   0,0361142	-140,7
     43,4746	    0,036036	-140,7	    0,036085	-140,3
     43,4765	   0,0359171	-140,1	   0,0360227	-140,5
     43,4785	   0,0358704	-140,2	   0,0359728	-139,9
     43,4804	   0,0357888	-140,2	   0,0357893	-140,7
     43,4824	   0,0357497	-140,4	   0,0356944	-140,9
     43,4844	   0,0357105	-140,8	   0,0356051	-140,6
     43,4863	   0,0355798	-139,8	   0,0355977	-141,2
     43,4883	   0,0354716	-139,0	   0,0355136	-140,4
     43,4902	   0,0354575	-139,2	   0,0354211	-140,2
     43,4922	    0,035428	-139,6	   0,0352813	-139,6
     43,4941	    0,035332	-139,8	   0,0352066	-139,4
     43,4961	    0,035297	-140,3	   0,0350498	-139,7
      43,498	    0,035157	-140,3	   0,0350835	-140,2
        43,5	   0,0351104	-139,4	   0,0351007	-140,2

