X-Data [Hz]	Laser (M - Filtered) [m/s]	Phase [Deg]	Laser (M - Filtered) [m/s]	Phase [Deg]	
	002: [06-26-24 18:25]		003: [06-26-24 18:35]	
        29,5	  0,00870365	78,7	    0,010195	74,6
      29,502	  0,00920476	74,6	   0,0101479	74,8
     29,5039	  0,00983408	73,5	   0,0101853	75,9
     29,5059	   0,0103449	74,2	   0,0102463	74,2
     29,5078	   0,0101324	76,2	   0,0101664	74,9
     29,5098	   0,0100371	75,8	   0,0101786	74,4
     29,5117	   0,0102234	74,2	   0,0102402	74,9
     29,5137	   0,0103318	73,8	   0,0102432	75,0
     29,5156	   0,0103013	75,0	    0,010208	74,9
     29,5176	   0,0101414	76,0	    0,010234	75,3
     29,5196	   0,0102349	74,6	   0,0102571	74,2
     29,5215	   0,0103686	74,6	   0,0103076	74,9
     29,5235	   0,0103198	75,1	   0,0102871	75,6
     29,5254	   0,0102376	74,7	   0,0102642	74,9
     29,5274	   0,0102263	74,6	   0,0103056	75,4
     29,5293	   0,0103242	75,1	   0,0103302	74,2
     29,5313	   0,0103689	75,6	   0,0102711	75,3
     29,5332	   0,0102694	75,1	   0,0103594	74,3
     29,5352	   0,0102644	73,8	   0,0103768	75,1
     29,5371	   0,0103162	74,9	   0,0103283	74,5
     29,5391	   0,0103599	74,9	   0,0102721	75,3
     29,5411	   0,0103644	75,9	   0,0103576	74,9
      29,543	   0,0103205	76,0	   0,0103892	74,9
      29,545	   0,0103424	74,3	    0,010402	74,5
     29,5469	   0,0104151	74,8	   0,0104032	74,0
     29,5489	   0,0103703	74,1	   0,0103275	75,0
     29,5508	    0,010423	75,0	   0,0104242	75,5
     29,5528	   0,0104215	75,2	   0,0104338	75,3
     29,5547	   0,0103876	74,7	   0,0104519	73,5
     29,5567	   0,0103941	74,9	   0,0103987	75,3
     29,5587	   0,0105099	73,6	   0,0104324	75,4
     29,5606	   0,0104554	75,8	   0,0104574	75,2
     29,5626	   0,0105052	74,8	   0,0104959	75,2
     29,5645	   0,0105005	75,5	    0,010469	74,1
     29,5665	   0,0103687	75,0	   0,0104767	75,5
     29,5684	   0,0104537	74,3	   0,0105646	74,9
     29,5704	   0,0106095	73,9	   0,0104944	74,9
     29,5723	   0,0105223	75,9	   0,0105022	75,4
     29,5743	   0,0103923	74,2	    0,010523	75,7
     29,5762	   0,0105136	74,4	   0,0105649	73,7
     29,5782	   0,0105381	74,3	   0,0105063	74,0
     29,5802	   0,0104836	74,0	   0,0105224	75,2
     29,5821	   0,0106779	75,9	   0,0105712	75,0
     29,5841	   0,0105222	74,2	   0,0105582	75,3
      29,586	   0,0105447	74,9	   0,0105893	74,7
      29,588	   0,0105753	75,8	   0,0106045	74,8
     29,5899	    0,010602	75,4	   0,0106102	74,5
     29,5919	   0,0105364	74,9	   0,0105999	75,3
     29,5938	    0,010621	74,6	   0,0106486	75,3
     29,5958	   0,0105808	73,9	   0,0106658	75,6
     29,5978	   0,0107053	74,9	   0,0106151	74,4
     29,5997	   0,0106452	74,5	   0,0106997	74,3
     29,6017	   0,0105785	74,0	   0,0107181	74,6
     29,6036	   0,0107292	75,5	   0,0106312	74,4
     29,6056	   0,0107728	75,7	   0,0106725	76,0
     29,6075	   0,0106606	74,7	   0,0107086	74,9
     29,6095	   0,0106713	74,8	   0,0107431	74,5
     29,6114	   0,0107464	75,6	   0,0106653	74,5
     29,6134	   0,0107142	74,7	   0,0106879	74,9
     29,6153	   0,0107218	75,0	   0,0107983	75,3
     29,6173	   0,0107361	74,3	   0,0107721	75,4
     29,6193	   0,0107887	75,5	   0,0107108	75,5
     29,6212	   0,0107702	75,3	   0,0108162	74,8
     29,6232	   0,0107638	75,5	   0,0108509	74,1
     29,6251	   0,0107987	74,4	   0,0107718	75,2
     29,6271	   0,0108017	75,0	   0,0108438	74,9
      29,629	   0,0108209	75,1	   0,0108294	74,6
      29,631	   0,0108639	74,5	   0,0108432	75,1
     29,6329	   0,0108255	74,5	   0,0108783	74,8
     29,6349	   0,0108396	75,1	    0,010789	75,6
     29,6369	   0,0108665	74,7	   0,0109116	75,0
     29,6388	   0,0108731	75,0	   0,0109405	74,7
     29,6408	   0,0109044	75,1	   0,0108014	74,7
     29,6427	   0,0108773	74,7	   0,0109527	75,5
     29,6447	   0,0108876	75,5	   0,0109626	74,7
     29,6466	   0,0108795	73,7	   0,0108917	74,4
     29,6486	   0,0109204	74,2	   0,0109025	74,8
     29,6505	   0,0109427	75,0	    0,010945	74,7
     29,6525	    0,010975	75,4	   0,0109435	74,6
     29,6544	   0,0109295	75,5	   0,0109882	75,1
     29,6564	     0,01097	73,9	   0,0110202	74,5
     29,6584	   0,0110205	75,8	   0,0109975	74,3
     29,6603	   0,0109859	75,3	   0,0109552	74,4
     29,6623	   0,0109953	74,3	   0,0111158	75,7
     29,6642	   0,0110062	74,5	   0,0111225	74,9
     29,6662	   0,0110364	75,6	   0,0109067	74,7
     29,6681	   0,0110592	74,3	   0,0111303	74,3
     29,6701	   0,0110803	74,4	   0,0111249	73,8
      29,672	   0,0110127	74,6	   0,0110721	75,9
      29,674	   0,0111535	74,7	   0,0111072	74,4
      29,676	   0,0111531	75,6	   0,0111158	74,7
     29,6779	   0,0110123	74,8	    0,011106	74,6
     29,6799	   0,0111813	75,5	   0,0111416	75,5
     29,6818	   0,0111585	75,7	   0,0111017	75,7
     29,6838	   0,0110675	75,3	   0,0111307	74,5
     29,6857	   0,0112078	74,5	   0,0112278	74,7
     29,6877	   0,0111906	74,5	   0,0111602	74,3
     29,6896	   0,0111643	75,1	   0,0111835	75,7
     29,6916	   0,0111914	75,1	   0,0112042	74,0
     29,6935	    0,011186	74,6	   0,0112157	74,0
     29,6955	   0,0112274	75,3	   0,0111871	74,9
     29,6975	   0,0112085	75,4	   0,0112714	75,2
     29,6994	   0,0112078	74,4	   0,0112832	74,9
     29,7014	   0,0112363	75,4	   0,0112693	75,5
     29,7033	   0,0112746	75,0	   0,0112482	74,5
     29,7053	   0,0112258	74,7	   0,0113623	74,4
     29,7072	    0,011355	74,3	   0,0112822	74,5
     29,7092	    0,011284	76,2	   0,0113341	75,3
     29,7111	   0,0112541	73,7	    0,011308	75,2
     29,7131	   0,0113777	74,0	   0,0114024	75,4
     29,7151	   0,0113228	75,5	   0,0112824	75,1
      29,717	   0,0113703	74,5	   0,0113978	74,5
      29,719	    0,011404	75,4	    0,011389	74,4
     29,7209	   0,0113545	74,5	   0,0113841	74,7
     29,7229	    0,011397	75,0	   0,0114056	75,8
     29,7248	   0,0114174	75,2	   0,0114125	76,0
     29,7268	   0,0113941	74,8	   0,0114683	74,1
     29,7287	   0,0114867	75,5	   0,0114782	75,4
     29,7307	   0,0114219	75,4	   0,0114396	75,1
     29,7326	   0,0114618	75,5	   0,0114283	75,3
     29,7346	   0,0114846	75,5	   0,0114937	75,2
     29,7366	   0,0114844	74,8	   0,0114782	75,3
     29,7385	   0,0115068	75,3	   0,0115612	74,3
     29,7405	   0,0114834	75,4	   0,0114963	75,0
     29,7424	   0,0115326	74,1	   0,0115541	74,3
     29,7444	   0,0115433	74,0	   0,0115349	75,3
     29,7463	   0,0115309	75,5	   0,0115504	76,0
     29,7483	    0,011546	74,2	   0,0115929	74,2
     29,7502	   0,0116284	74,3	    0,011592	75,0
     29,7522	   0,0115467	75,9	   0,0116319	75,7
     29,7542	   0,0116444	74,5	   0,0116123	74,9
     29,7561	   0,0116858	74,3	    0,011607	75,2
     29,7581	   0,0115939	75,2	   0,0116513	75,0
       29,76	   0,0116366	75,0	   0,0116863	74,5
      29,762	   0,0116981	74,6	   0,0116197	75,0
     29,7639	   0,0116628	74,8	   0,0117728	74,7
     29,7659	   0,0117361	74,8	   0,0116386	74,9
     29,7678	   0,0116684	75,9	   0,0116838	76,1
     29,7698	   0,0117119	75,5	   0,0117459	73,9
     29,7717	   0,0117797	75,4	   0,0117385	75,0
     29,7737	   0,0116792	74,7	   0,0117738	74,9
     29,7757	   0,0117942	74,7	   0,0117889	74,5
     29,7776	   0,0117243	74,8	   0,0117581	75,6
     29,7796	   0,0117788	74,6	   0,0119166	74,9
     29,7815	    0,011789	75,4	   0,0117111	74,7
     29,7835	   0,0118699	75,5	   0,0118851	75,1
     29,7854	   0,0118002	74,5	   0,0118446	74,5
     29,7874	   0,0118491	75,2	   0,0118916	75,0
     29,7893	   0,0119362	75,5	   0,0118729	74,1
     29,7913	   0,0118336	74,4	   0,0119273	76,0
     29,7933	   0,0119247	74,2	   0,0119003	74,3
     29,7952	   0,0118923	75,3	   0,0119452	75,5
     29,7972	   0,0119601	75,2	   0,0119517	74,2
     29,7991	   0,0119393	75,0	   0,0118711	74,7
     29,8011	   0,0119666	74,4	   0,0120499	75,1
      29,803	   0,0119303	75,6	   0,0119633	75,1
      29,805	   0,0119795	75,4	   0,0120239	75,1
     29,8069	   0,0120355	75,0	   0,0120536	75,0
     29,8089	   0,0120184	75,1	   0,0120235	75,0
     29,8109	   0,0120726	75,0	   0,0120752	74,8
     29,8128	   0,0120232	74,7	   0,0120466	74,7
     29,8148	   0,0120884	75,2	   0,0120974	75,2
     29,8167	   0,0120409	75,2	   0,0121741	74,2
     29,8187	   0,0121083	74,9	   0,0120576	75,4
     29,8206	   0,0121258	75,2	   0,0121467	74,2
     29,8226	   0,0121145	74,6	   0,0121219	74,6
     29,8245	   0,0121447	75,8	   0,0121967	76,1
     29,8265	   0,0121874	75,8	   0,0122214	74,9
     29,8284	   0,0121725	74,7	   0,0121447	74,8
     29,8304	    0,012271	74,7	    0,012255	75,6
     29,8324	   0,0121708	75,1	   0,0121952	75,6
     29,8343	   0,0121918	75,2	   0,0122873	75,5
     29,8363	   0,0122865	75,7	   0,0122511	75,0
     29,8382	   0,0122026	75,1	   0,0122659	76,0
     29,8402	   0,0123215	75,7	    0,012325	74,3
     29,8421	     0,01227	74,7	   0,0123354	74,4
     29,8441	   0,0123441	74,9	   0,0122949	75,1
      29,846	   0,0123428	75,0	   0,0123831	75,4
      29,848	   0,0123637	74,4	   0,0123468	75,9
       29,85	   0,0123348	74,2	   0,0123984	74,2
     29,8519	   0,0123833	75,5	   0,0124097	75,9
     29,8539	   0,0124166	74,5	    0,012366	75,8
     29,8558	     0,01241	74,7	   0,0124875	75,1
     29,8578	   0,0124011	75,6	   0,0124512	74,3
     29,8597	    0,012389	74,8	   0,0124419	75,6
     29,8617	   0,0125123	75,3	   0,0124829	74,0
     29,8636	   0,0124607	75,3	   0,0124888	75,7
     29,8656	   0,0124857	76,5	   0,0125441	75,2
     29,8675	   0,0125186	74,4	   0,0125398	74,7
     29,8695	   0,0126386	76,3	   0,0125972	74,1
     29,8715	   0,0125156	75,3	   0,0125123	75,6
     29,8734	   0,0126982	75,1	   0,0126132	74,1
     29,8754	   0,0125167	75,2	   0,0126243	74,2
     29,8773	   0,0126639	73,9	   0,0126402	75,8
     29,8793	   0,0126153	76,3	   0,0126813	74,2
     29,8812	   0,0126705	74,6	   0,0126238	74,9
     29,8832	   0,0126576	75,5	   0,0127107	75,9
     29,8851	   0,0126039	74,5	   0,0126602	75,1
     29,8871	   0,0127417	74,9	   0,0127088	75,4
     29,8891	   0,0126379	75,3	   0,0126898	75,2
      29,891	   0,0127776	75,3	   0,0128389	74,6
      29,893	   0,0126629	75,9	   0,0127583	76,1
     29,8949	   0,0128278	75,3	   0,0128384	74,3
     29,8969	   0,0127165	74,7	   0,0128385	74,7
     29,8988	   0,0128317	75,4	   0,0128402	75,1
     29,9008	   0,0128122	75,2	    0,012818	74,4
     29,9027	   0,0128522	75,5	   0,0128449	75,2
     29,9047	   0,0128676	75,9	   0,0128945	74,4
     29,9066	   0,0128979	74,5	    0,012897	76,3
     29,9086	   0,0128577	76,2	   0,0129515	75,6
     29,9106	   0,0129687	75,8	    0,012964	75,3
     29,9125	   0,0129347	75,1	   0,0129514	75,8
     29,9145	   0,0129665	74,5	   0,0130023	75,2
     29,9164	   0,0129538	74,7	   0,0129592	75,2
     29,9184	   0,0130161	75,5	   0,0130385	75,7
     29,9203	    0,013002	75,7	   0,0129919	74,5
     29,9223	   0,0130334	75,4	   0,0130406	75,7
     29,9242	   0,0130727	74,9	    0,013075	75,5
     29,9262	   0,0130988	75,3	   0,0131454	75,3
     29,9282	   0,0130271	75,4	   0,0130652	75,6
     29,9301	   0,0131644	75,2	   0,0131501	74,7
     29,9321	   0,0130749	75,7	   0,0131877	75,9
      29,934	   0,0132161	74,4	   0,0132161	75,6
      29,936	   0,0131863	75,4	   0,0131419	75,7
     29,9379	   0,0131866	75,0	   0,0132563	73,8
     29,9399	   0,0132071	75,5	   0,0132363	74,6
     29,9418	   0,0132599	75,2	   0,0132798	75,0
     29,9438	   0,0133073	74,3	   0,0133079	74,1
     29,9457	   0,0132288	75,7	   0,0133316	74,3
     29,9477	   0,0133359	75,2	   0,0133639	75,1
     29,9497	   0,0133453	75,4	   0,0133286	75,2
     29,9516	   0,0132844	75,6	   0,0134126	75,0
     29,9536	    0,013354	74,8	   0,0133936	75,3
     29,9555	    0,013365	76,6	   0,0134577	75,3
     29,9575	   0,0134291	75,9	   0,0134141	75,8
     29,9594	   0,0133913	75,4	   0,0134688	75,7
     29,9614	    0,013472	75,3	   0,0134859	75,4
     29,9633	   0,0134776	76,0	   0,0135757	74,6
     29,9653	   0,0134683	74,5	   0,0135252	75,8
     29,9673	   0,0135369	75,5	   0,0135515	75,2
     29,9692	   0,0134796	75,6	   0,0136063	75,7
     29,9712	   0,0135277	74,9	   0,0135343	75,6
     29,9731	   0,0135844	75,1	   0,0136569	74,8
     29,9751	   0,0136493	74,2	   0,0136321	75,0
      29,977	   0,0135877	76,3	   0,0136552	74,9
      29,979	   0,0136487	75,8	   0,0137343	74,6
     29,9809	   0,0136855	75,1	   0,0137306	74,5
     29,9829	   0,0136919	75,5	   0,0137625	76,0
     29,9848	   0,0137386	75,3	   0,0136986	75,2
     29,9868	   0,0137269	76,0	   0,0138649	74,8
     29,9888	   0,0137989	74,7	   0,0137287	75,0
     29,9907	   0,0137962	75,6	   0,0138765	76,0
     29,9927	   0,0137685	74,7	   0,0138148	74,9
     29,9946	    0,013822	75,9	   0,0139274	75,6
     29,9966	   0,0138717	75,7	   0,0138802	75,7
     29,9985	   0,0138463	75,9	   0,0139699	74,3
     30,0005	   0,0139424	74,9	   0,0139377	75,4
     30,0024	   0,0139014	74,8	   0,0139693	74,4
     30,0044	   0,0139994	75,8	   0,0140366	75,4
     30,0064	   0,0139384	75,8	   0,0140096	75,5
     30,0083	   0,0140251	76,2	   0,0140717	75,9
     30,0103	   0,0140117	74,9	   0,0140512	76,6
     30,0122	   0,0140939	75,1	   0,0141019	76,0
     30,0142	   0,0140347	75,0	   0,0141048	76,1
     30,0161	   0,0141493	76,4	   0,0140999	75,2
     30,0181	   0,0140859	74,6	   0,0142525	75,8
       30,02	   0,0142059	76,1	   0,0141436	74,9
      30,022	   0,0141259	74,8	   0,0143029	76,4
     30,0239	   0,0142671	76,0	   0,0142065	76,2
     30,0259	   0,0142424	74,9	   0,0143142	75,6
     30,0279	   0,0142761	75,3	   0,0142709	75,5
     30,0298	   0,0142953	75,3	   0,0144206	75,4
     30,0318	    0,014272	76,0	   0,0143279	75,6
     30,0337	   0,0143152	75,5	   0,0143618	75,9
     30,0357	   0,0144111	75,4	   0,0145127	76,0
     30,0376	   0,0143807	76,2	    0,014361	75,7
     30,0396	   0,0144598	74,5	    0,014513	74,7
     30,0415	   0,0143516	75,8	   0,0144565	75,7
     30,0435	   0,0144998	75,2	   0,0144708	74,6
     30,0455	    0,014486	75,5	   0,0145725	75,8
     30,0474	   0,0145317	75,6	   0,0145525	74,7
     30,0494	   0,0145374	76,7	   0,0146135	76,0
     30,0513	   0,0145047	76,2	   0,0146029	75,4
     30,0533	   0,0146645	75,3	   0,0147033	76,0
     30,0552	   0,0145704	74,7	   0,0145518	75,6
     30,0572	   0,0146572	75,3	   0,0147698	76,4
     30,0591	   0,0146857	75,5	   0,0146654	74,9
     30,0611	   0,0147001	76,5	    0,014916	75,0
      30,063	   0,0147419	75,8	   0,0147975	74,9
      30,065	   0,0147691	76,1	   0,0148098	75,5
      30,067	   0,0148262	75,9	   0,0148465	74,8
     30,0689	   0,0148768	75,0	   0,0148101	76,1
     30,0709	   0,0148182	75,1	   0,0149349	75,8
     30,0728	   0,0149438	74,7	   0,0149064	75,8
     30,0748	   0,0149285	75,1	   0,0150102	74,9
     30,0767	   0,0148569	76,0	   0,0150356	75,6
     30,0787	    0,014991	76,1	   0,0150049	74,9
     30,0806	    0,015004	74,8	   0,0151718	76,2
     30,0826	   0,0149996	75,2	   0,0150638	75,2
     30,0846	   0,0150799	74,6	   0,0151436	76,1
     30,0865	   0,0150088	75,6	     0,01517	75,1
     30,0885	   0,0152012	75,3	   0,0151878	75,9
     30,0904	   0,0151577	75,9	   0,0152424	75,5
     30,0924	   0,0152219	75,4	   0,0151741	75,3
     30,0943	   0,0151951	76,6	   0,0152811	75,3
     30,0963	   0,0152867	75,1	   0,0153081	77,2
     30,0982	   0,0153061	76,1	   0,0153067	75,2
     30,1002	   0,0153043	75,4	   0,0153644	76,0
     30,1021	   0,0153621	76,3	   0,0153774	75,2
     30,1041	   0,0153941	74,5	    0,015505	75,6
     30,1061	   0,0153624	76,4	   0,0154049	75,0
      30,108	   0,0154453	75,4	   0,0155557	75,2
       30,11	   0,0154804	75,8	     0,01556	75,2
     30,1119	   0,0154823	76,0	   0,0155361	75,7
     30,1139	   0,0155595	76,1	   0,0156544	75,8
     30,1158	   0,0156017	75,0	   0,0156413	75,4
     30,1178	   0,0156153	75,9	   0,0156661	74,2
     30,1197	    0,015639	75,3	   0,0156502	75,3
     30,1217	   0,0156206	76,0	   0,0157561	74,7
     30,1237	    0,015769	75,6	   0,0157909	76,1
     30,1256	   0,0157131	76,0	   0,0157555	75,5
     30,1276	   0,0156795	77,0	   0,0159032	76,3
     30,1295	   0,0159248	76,0	   0,0158678	75,7
     30,1315	   0,0158184	75,4	   0,0158659	74,7
     30,1334	   0,0158262	76,2	   0,0159782	75,5
     30,1354	   0,0159736	75,7	   0,0157845	76,4
     30,1373	   0,0158979	74,5	   0,0161184	75,3
     30,1393	   0,0160124	76,1	   0,0160467	77,3
     30,1413	   0,0160683	75,5	   0,0158343	75,2
     30,1432	   0,0160047	76,4	   0,0165556	78,4
     30,1452	     0,01614	75,9	   0,0161596	75,8
     30,1471	   0,0161427	76,8	   0,0161683	76,5
     30,1491	   0,0161332	76,4	   0,0162262	75,3
      30,151	   0,0162294	76,6	   0,0162747	76,4
      30,153	   0,0162782	75,2	   0,0163296	76,3
     30,1549	   0,0162327	76,3	   0,0163098	76,2
     30,1569	   0,0163319	75,7	   0,0163412	76,0
     30,1588	   0,0163526	74,8	   0,0164335	75,3
     30,1608	   0,0163788	75,4	    0,016465	74,7
     30,1628	    0,016449	75,7	   0,0165219	75,7
     30,1647	   0,0164303	76,4	   0,0165512	77,2
     30,1667	   0,0165423	76,8	   0,0165261	76,0
     30,1686	    0,016455	76,4	   0,0166464	76,0
     30,1706	   0,0165135	75,9	   0,0166292	75,4
     30,1725	    0,016669	76,6	   0,0166537	76,2
     30,1745	   0,0166175	75,4	   0,0167584	75,4
     30,1764	   0,0166624	75,6	   0,0167715	76,6
     30,1784	   0,0167038	76,0	   0,0167604	75,6
     30,1804	   0,0168068	75,1	   0,0168513	76,7
     30,1823	   0,0167144	75,7	   0,0169056	77,0
     30,1843	   0,0168569	76,3	    0,016912	75,2
     30,1862	   0,0170036	76,1	   0,0169512	76,5
     30,1882	   0,0169019	75,2	    0,017004	75,7
     30,1901	   0,0169692	76,5	   0,0170414	76,2
     30,1921	   0,0170337	76,1	   0,0171046	76,8
      30,194	   0,0170447	76,8	   0,0171851	76,9
      30,196	   0,0170832	75,8	   0,0171103	76,4
     30,1979	   0,0171128	75,5	   0,0172461	75,8
     30,1999	   0,0171881	75,2	   0,0172626	76,3
     30,2019	   0,0172652	75,3	   0,0172506	74,8
     30,2038	   0,0172279	76,7	   0,0174007	77,0
     30,2058	   0,0173543	76,3	   0,0174171	75,6
     30,2077	   0,0173627	76,8	   0,0174798	76,6
     30,2097	   0,0173348	75,4	   0,0174938	75,9
     30,2116	   0,0174554	77,3	   0,0175437	77,0
     30,2136	   0,0175495	75,9	   0,0175865	76,8
     30,2155	   0,0174478	75,9	   0,0176758	75,7
     30,2175	   0,0176101	75,8	   0,0176647	76,2
     30,2195	   0,0176526	76,7	   0,0176998	75,8
     30,2214	   0,0176216	77,2	   0,0177106	76,4
     30,2234	   0,0176688	76,2	   0,0178489	77,4
     30,2253	   0,0177939	76,8	   0,0178475	75,8
     30,2273	   0,0178419	76,1	   0,0178674	76,4
     30,2292	   0,0178968	76,4	   0,0180076	76,6
     30,2312	   0,0179557	75,8	   0,0180385	76,6
     30,2331	    0,017911	75,5	   0,0181117	76,0
     30,2351	   0,0180031	77,1	   0,0181595	75,9
      30,237	   0,0180553	75,7	   0,0181584	75,6
      30,239	   0,0181203	76,2	   0,0182287	75,8
      30,241	   0,0181525	75,8	   0,0182994	76,9
     30,2429	    0,018256	76,4	   0,0183218	76,2
     30,2449	   0,0182272	76,2	   0,0183504	77,5
     30,2468	   0,0183014	76,6	    0,018433	77,4
     30,2488	   0,0184212	76,9	   0,0184899	76,3
     30,2507	   0,0183706	76,0	   0,0185466	76,8
     30,2527	   0,0183817	77,6	   0,0185378	76,4
     30,2546	   0,0185457	77,5	   0,0187382	77,4
     30,2566	   0,0185685	76,9	   0,0187165	77,7
     30,2586	   0,0185518	77,1	   0,0187553	76,6
     30,2605	   0,0186966	76,4	   0,0187831	77,0
     30,2625	   0,0186967	76,5	   0,0188337	75,7
     30,2644	   0,0187155	76,5	   0,0189631	77,5
     30,2664	   0,0189073	77,5	   0,0189409	76,3
     30,2683	   0,0188605	76,4	   0,0190515	75,7
     30,2703	     0,01877	76,2	    0,019079	77,5
     30,2722	   0,0189732	77,9	   0,0191489	75,8
     30,2742	   0,0192425	76,3	   0,0192745	76,8
     30,2761	   0,0191442	75,8	   0,0192523	75,8
     30,2781	   0,0190547	76,7	   0,0192969	75,4
     30,2801	   0,0192127	76,2	   0,0194162	77,0
      30,282	   0,0193261	77,1	    0,019462	76,6
      30,284	   0,0193055	75,9	   0,0194996	76,7
     30,2859	   0,0192758	75,9	   0,0195174	76,2
     30,2879	   0,0194819	77,1	   0,0197111	76,3
     30,2898	   0,0196695	76,3	   0,0196746	77,3
     30,2918	   0,0195941	77,7	   0,0197155	76,6
     30,2937	   0,0196111	75,9	   0,0198479	76,3
     30,2957	   0,0197487	76,8	   0,0199649	76,6
     30,2977	   0,0198778	76,3	   0,0199095	76,7
     30,2996	   0,0197893	76,0	   0,0199751	78,0
     30,3016	   0,0198571	77,5	   0,0200424	76,7
     30,3035	    0,020045	77,5	   0,0199806	77,8
     30,3055	     0,02005	76,9	   0,0202024	76,5
     30,3074	   0,0200353	77,7	   0,0202212	75,1
     30,3094	   0,0201825	76,5	   0,0203499	77,2
     30,3113	   0,0201714	76,7	   0,0203571	78,2
     30,3133	   0,0203432	77,4	   0,0202965	76,3
     30,3152	   0,0203976	76,1	   0,0204258	77,4
     30,3172	   0,0203452	75,8	   0,0205526	76,4
     30,3192	   0,0204551	77,2	   0,0205753	78,2
     30,3211	   0,0205883	76,9	   0,0204698	78,6
     30,3231	   0,0206767	76,6	   0,0208327	77,0
      30,325	   0,0207222	76,2	   0,0209742	77,9
      30,327	   0,0207617	76,2	    0,020666	76,2
     30,3289	   0,0208498	76,7	   0,0209336	76,4
     30,3309	   0,0208652	77,4	   0,0209199	76,9
     30,3328	   0,0209168	77,1	   0,0209548	79,6
     30,3348	   0,0210824	77,9	    0,020883	78,7
     30,3368	   0,0211358	77,4	   0,0211845	79,6
     30,3387	   0,0211754	76,7	   0,0211857	75,0
     30,3407	    0,021213	78,4	   0,0210908	76,0
     30,3426	   0,0213476	77,9	   0,0214552	79,9
     30,3446	   0,0213761	77,4	   0,0216571	78,0
     30,3465	   0,0214051	75,5	   0,0214882	78,2
     30,3485	   0,0215246	75,9	   0,0214952	75,9
     30,3504	   0,0216759	76,7	   0,0214083	78,5
     30,3524	   0,0217228	76,9	   0,0217295	77,5
     30,3543	   0,0216462	77,4	   0,0215829	76,3
     30,3563	   0,0217088	77,8	   0,0217377	75,7
     30,3583	   0,0218348	76,4	   0,0221888	77,5
     30,3602	   0,0219276	77,6	   0,0219203	76,4
     30,3622	   0,0219535	77,4	   0,0221046	78,5
     30,3641	   0,0221967	77,5	   0,0219821	77,9
     30,3661	   0,0222236	76,6	   0,0219504	78,1
      30,368	   0,0222995	79,4	   0,0225256	75,8
       30,37	   0,0220816	77,7	   0,0223721	79,3
     30,3719	   0,0219712	77,6	   0,0225243	78,4
     30,3739	    0,022372	77,6	   0,0224035	79,1
     30,3759	   0,0227504	77,9	   0,0230829	77,9
     30,3778	   0,0225689	76,9	   0,0230283	77,8
     30,3798	   0,0225256	78,0	   0,0230888	76,7
     30,3817	   0,0229145	77,5	    0,023217	78,1
     30,3837	   0,0227652	76,9	   0,0231836	77,3
     30,3856	   0,0230247	78,4	   0,0236378	78,0
     30,3876	   0,0233159	77,3	   0,0234176	74,5
     30,3895	   0,0233037	76,5	   0,0236668	78,6
     30,3915	   0,0234672	78,7	   0,0238403	81,0
     30,3934	   0,0233781	79,2	   0,0234114	79,9
     30,3954	   0,0235515	79,2	   0,0236073	76,9
     30,3974	   0,0232836	78,0	   0,0235419	79,2
     30,3993	   0,0234671	76,7	   0,0237236	78,3
     30,4013	   0,0239185	77,3	   0,0240977	78,7
     30,4032	   0,0237266	79,8	   0,0240911	77,0
     30,4052	   0,0236279	79,5	    0,024382	78,8
     30,4071	   0,0237347	77,9	   0,0241462	80,3
     30,4091	   0,0239438	78,2	   0,0243787	78,5
      30,411	   0,0240274	78,6	   0,0246109	77,8
      30,413	    0,024228	79,6	   0,0245695	77,3
      30,415	   0,0240361	78,4	   0,0247367	78,3
     30,4169	   0,0241718	79,3	   0,0246793	77,8
     30,4189	   0,0245424	78,2	   0,0248183	78,7
     30,4208	   0,0248663	80,0	   0,0249608	78,0
     30,4228	   0,0248396	79,2	   0,0253638	78,4
     30,4247	   0,0253048	78,4	   0,0252727	77,1
     30,4267	   0,0247115	79,6	   0,0251995	78,9
     30,4286	   0,0250146	78,9	   0,0252455	78,5
     30,4306	   0,0255558	78,3	   0,0260013	78,1
     30,4326	   0,0254486	79,5	   0,0260062	78,4
     30,4345	    0,025502	79,6	   0,0261559	79,3
     30,4365	   0,0253335	78,9	   0,0259683	79,7
     30,4384	   0,0251802	78,3	   0,0259047	81,4
     30,4404	   0,0260849	79,1	   0,0266116	80,5
     30,4423	   0,0261737	80,0	    0,026839	78,9
     30,4443	   0,0263963	78,9	   0,0267823	79,6
     30,4462	    0,026142	80,2	   0,0265876	78,7
     30,4482	    0,026046	79,6	    0,027548	79,3
     30,4501	   0,0262186	79,4	   0,0272724	79,5
     30,4521	   0,0264329	80,8	   0,0270151	79,5
     30,4541	    0,026979	81,1	   0,0271649	79,3
      30,456	    0,027134	79,5	    0,027735	80,2
      30,458	   0,0268702	79,9	   0,0278052	79,6
     30,4599	    0,026577	79,5	   0,0284812	80,0
     30,4619	   0,0270829	79,7	   0,0282771	79,4
     30,4638	   0,0276488	79,4	   0,0285231	80,4
     30,4658	   0,0278118	80,7	   0,0283971	80,3
     30,4677	   0,0274542	80,1	   0,0287948	80,1
     30,4697	   0,0281894	81,7	   0,0285199	79,8
     30,4717	   0,0282217	80,6	   0,0294519	81,9
     30,4736	   0,0283152	81,6	   0,0294369	82,8
     30,4756	   0,0283125	81,0	   0,0297608	80,2
     30,4775	   0,0282134	79,7	   0,0297645	80,6
     30,4795	   0,0283299	80,6	   0,0300321	81,0
     30,4814	   0,0286089	80,3	   0,0300444	79,6
     30,4834	   0,0291459	81,6	    0,030324	79,0
     30,4853	   0,0291718	81,1	   0,0307516	81,9
     30,4873	   0,0296349	81,0	   0,0308683	82,6
     30,4892	    0,029356	81,5	   0,0311974	81,6
     30,4912	   0,0293088	80,7	   0,0312825	81,9
     30,4932	   0,0295412	81,0	   0,0311862	81,4
     30,4951	   0,0299779	81,3	   0,0312917	82,7
     30,4971	   0,0303446	82,1	   0,0309964	81,1
      30,499	   0,0306971	82,1	   0,0318879	81,4
      30,501	    0,030788	80,8	   0,0320503	80,9
     30,5029	   0,0313974	82,3	   0,0322371	82,2
     30,5049	   0,0311324	81,5	   0,0328141	82,1
     30,5068	   0,0312531	81,0	   0,0332752	82,6
     30,5088	   0,0316227	82,3	   0,0333483	82,6
     30,5108	   0,0315271	82,2	    0,033734	83,7
     30,5127	   0,0318029	82,4	   0,0339526	82,5
     30,5147	   0,0320092	81,4	   0,0342691	82,8
     30,5166	   0,0325064	81,8	   0,0346623	82,5
     30,5186	   0,0330012	83,0	   0,0346409	85,0
     30,5205	   0,0335092	83,2	   0,0347153	84,1
     30,5225	   0,0334352	82,8	    0,034696	83,7
     30,5244	   0,0338654	82,7	   0,0356197	84,4
     30,5264	   0,0338184	83,6	    0,035864	85,4
     30,5283	    0,034036	84,0	   0,0362819	84,2
     30,5303	   0,0342768	83,3	   0,0370773	85,0
     30,5323	   0,0343449	83,1	   0,0369611	85,5
     30,5342	   0,0344392	83,3	   0,0377328	86,4
     30,5362	   0,0345912	83,4	   0,0383494	86,3
     30,5381	   0,0350204	83,8	   0,0387204	86,8
     30,5401	   0,0352867	83,4	   0,0389005	86,1
      30,542	   0,0357011	85,7	     0,03929	86,4
      30,544	   0,0364291	85,2	   0,0394854	86,9
     30,5459	   0,0363612	84,6	   0,0399624	86,9
     30,5479	   0,0368752	85,4	   0,0409548	87,6
     30,5499	   0,0365052	87,4	   0,0410687	89,1
     30,5518	   0,0378607	87,2	   0,0410362	89,0
     30,5538	   0,0383347	85,7	   0,0426179	89,9
     30,5557	   0,0385532	86,1	   0,0433474	89,6
     30,5577	   0,0389717	86,4	   0,0439652	90,5
     30,5596	   0,0390796	85,5	   0,0444231	91,0
     30,5616	   0,0395349	85,7	   0,0453781	91,7
     30,5635	   0,0398298	86,4	   0,0462932	91,5
     30,5655	   0,0407281	88,0	   0,0467124	92,5
     30,5674	   0,0408553	87,4	   0,0473816	93,9
     30,5694	   0,0417221	88,5	   0,0488327	93,8
     30,5714	   0,0419171	88,1	   0,0495787	94,7
     30,5733	   0,0423937	88,7	   0,0507583	95,8
     30,5753	   0,0431165	90,8	   0,0520209	98,0
     30,5772	   0,0435613	90,4	   0,0518654	100,2
     30,5792	   0,0441733	90,9	   0,0541869	99,2
     30,5811	     0,04474	91,9	   0,0546421	101,6
     30,5831	   0,0450227	92,5	   0,0558699	102,8
      30,585	   0,0458138	92,0	   0,0571367	104,2
      30,587	   0,0462387	92,5	    0,058309	105,8
      30,589	   0,0467657	93,2	   0,0597431	106,2
     30,5909	   0,0476511	94,7	   0,0607868	109,0
     30,5929	   0,0482096	95,0	    0,061865	111,4
     30,5948	   0,0489028	96,0	   0,0618362	113,1
     30,5968	   0,0496434	96,1	   0,0636209	113,1
     30,5987	   0,0503003	96,9	   0,0640978	114,2
     30,6007	   0,0507204	97,8	   0,0656349	115,9
     30,6026	   0,0516141	98,7	   0,0663518	118,4
     30,6046	   0,0525264	100,6	   0,0663914	119,6
     30,6066	   0,0522382	99,7	   0,0670528	120,8
     30,6085	   0,0533391	101,5	   0,0686251	122,2
     30,6105	   0,0547004	103,5	   0,0691889	123,6
     30,6124	   0,0557495	103,2	   0,0694901	124,9
     30,6144	   0,0567295	104,6	   0,0701817	126,1
     30,6163	   0,0572137	105,8	   0,0709102	127,3
     30,6183	   0,0579964	108,7	   0,0716263	129,4
     30,6202	   0,0583536	110,0	   0,0722232	130,3
     30,6222	   0,0601449	111,3	   0,0725997	131,1
     30,6241	   0,0598266	111,4	   0,0735835	132,2
     30,6261	   0,0615273	112,8	   0,0737973	133,0
     30,6281	   0,0623411	115,9	   0,0744031	136,3
       30,63	   0,0629795	117,5	   0,0748497	136,8
      30,632	   0,0635201	118,7	   0,0752634	137,7
     30,6339	   0,0649154	120,3	   0,0755407	137,8
     30,6359	   0,0663327	123,4	   0,0762235	139,7
     30,6378	   0,0674199	124,1	   0,0762675	140,8
     30,6398	    0,068016	126,2	   0,0765964	143,2
     30,6417	   0,0687132	128,6	   0,0767455	143,9
     30,6437	   0,0701714	130,3	   0,0767989	144,3
     30,6457	   0,0706543	133,1	     0,07709	146,9
     30,6476	   0,0718503	135,2	   0,0774794	147,9
     30,6496	   0,0719577	134,8	   0,0774545	148,4
     30,6515	   0,0727957	137,6	   0,0778203	149,8
     30,6535	   0,0731692	140,3	   0,0779743	150,4
     30,6554	   0,0740085	142,2	   0,0779167	150,5
     30,6574	   0,0741124	143,9	   0,0779931	154,2
     30,6593	   0,0745934	144,9	   0,0775799	154,6
     30,6613	   0,0750515	146,3	   0,0777971	155,6
     30,6632	   0,0761676	148,3	   0,0777321	155,5
     30,6652	   0,0758673	151,3	   0,0779159	157,6
     30,6672	   0,0762778	152,5	   0,0776899	159,1
     30,6691	   0,0763853	154,7	   0,0778808	158,7
     30,6711	   0,0769503	153,1	   0,0774131	160,0
      30,673	   0,0767733	155,6	   0,0777874	161,5
      30,675	   0,0767909	157,0	   0,0772557	161,8
     30,6769	   0,0771139	159,9	   0,0774511	164,2
     30,6789	   0,0766941	161,9	    0,077344	165,3
     30,6808	   0,0763846	161,5	    0,077292	163,8
     30,6828	   0,0770668	162,5	    0,076485	165,0
     30,6848	   0,0771272	163,1	   0,0767288	166,3
     30,6867	    0,077252	165,4	   0,0766712	167,6
     30,6887	   0,0766284	166,2	   0,0765641	167,7
     30,6906	   0,0763346	167,0	   0,0762007	168,6
     30,6926	   0,0761891	168,8	    0,076649	170,3
     30,6945	   0,0755027	170,0	   0,0765119	171,3
     30,6965	   0,0752523	170,3	   0,0753288	171,4
     30,6984	   0,0747892	170,4	   0,0758101	172,0
     30,7004	   0,0757238	172,2	   0,0752541	172,7
     30,7023	   0,0745909	172,4	    0,074666	174,0
     30,7043	   0,0751319	174,1	   0,0740191	175,1
     30,7063	   0,0749893	176,5	   0,0739709	176,5
     30,7082	   0,0744108	176,8	   0,0740578	177,2
     30,7102	   0,0732633	178,1	    0,074029	178,2
     30,7121	   0,0734608	177,9	   0,0740428	178,2
     30,7141	   0,0728513	179,5	   0,0737795	179,7
      30,716	   0,0730703	179,5	    0,072877	178,9
      30,718	   0,0730945	180,5	    0,072383	179,7
     30,7199	   0,0725395	181,8	    0,072128	181,0
     30,7219	   0,0716965	180,8	   0,0721979	182,9
     30,7239	   0,0716793	183,5	   0,0720911	183,3
     30,7258	   0,0709508	184,3	   0,0720458	183,4
     30,7278	   0,0706436	184,3	   0,0716807	184,5
     30,7297	   0,0699584	185,2	    0,070837	184,9
     30,7317	   0,0702978	185,7	   0,0705022	184,5
     30,7336	   0,0699296	186,6	   0,0700436	184,6
     30,7356	   0,0687377	187,2	   0,0699131	185,8
     30,7375	    0,069023	188,0	   0,0700517	187,7
     30,7395	   0,0692245	188,3	    0,069386	187,9
     30,7414	   0,0689525	190,3	   0,0690975	188,2
     30,7434	   0,0680626	190,3	   0,0687106	190,1
     30,7454	   0,0675985	189,6	   0,0683028	190,5
     30,7473	   0,0671053	191,3	   0,0682004	190,6
     30,7493	   0,0670999	191,5	   0,0676274	190,8
     30,7512	   0,0667854	191,6	    0,067292	191,5
     30,7532	    0,066617	192,6	   0,0669999	192,4
     30,7551	    0,066306	193,5	   0,0669628	192,6
     30,7571	   0,0656414	193,5	   0,0658719	193,2
      30,759	   0,0649953	194,9	   0,0664206	194,6
      30,761	   0,0651817	197,0	   0,0654644	194,9
      30,763	   0,0650098	197,4	   0,0650644	195,8
     30,7649	   0,0636905	196,8	   0,0654741	196,6
     30,7669	   0,0640898	198,4	    0,065079	197,5
     30,7688	   0,0627138	198,4	   0,0642993	195,9
     30,7708	   0,0629839	197,8	   0,0636648	197,2
     30,7727	   0,0621132	198,5	   0,0637944	197,9
     30,7747	   0,0622105	-159,7	   0,0637194	199,0
     30,7766	   0,0615589	-160,7	   0,0626653	198,4
     30,7786	   0,0620842	-159,6	   0,0625163	198,4
     30,7805	   0,0616933	-158,8	   0,0622963	-159,0
     30,7825	    0,061049	-158,0	   0,0620061	-159,6
     30,7845	   0,0596377	-156,2	   0,0620298	-158,5
     30,7864	    0,060579	-156,8	   0,0614575	-157,5
     30,7884	   0,0602102	-156,0	   0,0613836	-156,8
     30,7903	   0,0589496	-156,3	   0,0610558	-157,9
     30,7923	    0,058298	-156,4	     0,06011	-156,1
     30,7942	   0,0585354	-156,1	   0,0603583	-156,7
     30,7962	   0,0589389	-154,5	   0,0599679	-156,0
     30,7981	    0,058371	-154,1	   0,0595004	-156,4
     30,8001	   0,0574475	-154,0	   0,0594323	-155,4
     30,8021	   0,0576867	-153,8	   0,0587675	-153,0
      30,804	   0,0572264	-152,2	   0,0583368	-153,6
      30,806	   0,0556715	-151,5	   0,0582107	-152,9
     30,8079	   0,0567649	-151,6	   0,0574258	-152,4
     30,8099	   0,0554749	-150,6	   0,0578265	-151,1
     30,8118	   0,0559528	-151,2	   0,0572135	-152,0
     30,8138	    0,054845	-150,6	   0,0563591	-151,6
     30,8157	   0,0552883	-151,1	   0,0564992	-151,0
     30,8177	     0,05505	-149,8	   0,0563414	-151,1
     30,8196	   0,0542831	-149,6	   0,0551028	-151,0
     30,8216	   0,0539389	-149,5	   0,0556946	-151,0
     30,8236	   0,0536617	-149,7	   0,0552127	-149,1
     30,8255	    0,053903	-148,9	   0,0551918	-148,6
     30,8275	    0,053366	-148,1	   0,0546069	-147,9
     30,8294	   0,0522775	-146,8	   0,0540737	-147,6
     30,8314	   0,0526408	-147,4	   0,0539948	-146,7
     30,8333	   0,0525601	-146,3	   0,0538703	-146,3
     30,8353	    0,051872	-145,3	   0,0535614	-147,0
     30,8372	   0,0512126	-144,3	   0,0532655	-145,9
     30,8392	   0,0511062	-144,5	   0,0524596	-146,5
     30,8412	   0,0503896	-145,3	   0,0525512	-146,1
     30,8431	   0,0495232	-144,0	   0,0520306	-146,7
     30,8451	    0,049019	-143,7	    0,051429	-144,9
      30,847	   0,0498446	-143,0	   0,0515009	-144,8
      30,849	   0,0493673	-142,8	   0,0513535	-144,7
     30,8509	   0,0488203	-142,7	   0,0504763	-144,8
     30,8529	   0,0481189	-142,6	   0,0491763	-142,6
     30,8548	   0,0482674	-141,9	   0,0504427	-143,4
     30,8568	   0,0475118	-141,0	    0,050067	-143,3
     30,8587	   0,0470916	-140,6	   0,0496641	-141,5
     30,8607	   0,0473504	-140,4	    0,049125	-141,8
     30,8627	   0,0472841	-140,6	   0,0477872	-140,5
     30,8646	   0,0460171	-140,5	   0,0483018	-140,4
     30,8666	   0,0462977	-140,9	    0,048606	-139,9
     30,8685	   0,0464894	-140,0	   0,0478744	-140,7
     30,8705	   0,0458239	-139,8	   0,0471817	-140,9
     30,8724	   0,0459696	-139,6	   0,0472942	-139,5
     30,8744	   0,0453738	-139,1	   0,0469678	-139,8
     30,8763	   0,0458393	-139,0	   0,0458027	-137,8
     30,8783	   0,0447337	-139,0	   0,0466332	-138,6
     30,8803	   0,0443925	-137,5	     0,04589	-138,5
     30,8822	   0,0443853	-138,1	   0,0445146	-138,5
     30,8842	    0,043925	-136,9	    0,045304	-138,5
     30,8861	   0,0439987	-137,1	   0,0445293	-137,6
     30,8881	   0,0437773	-137,4	   0,0441587	-136,6
       30,89	   0,0431237	-136,3	   0,0442809	-137,8
      30,892	    0,043164	-136,5	   0,0439467	-136,9
     30,8939	   0,0433047	-135,7	   0,0435663	-136,9
     30,8959	   0,0423988	-134,2	   0,0433638	-136,9
     30,8979	   0,0414769	-134,1	   0,0433138	-136,4
     30,8998	   0,0414541	-134,6	   0,0430736	-136,1
     30,9018	   0,0416195	-132,3	   0,0426225	-135,3
     30,9037	   0,0409857	-133,9	   0,0426288	-135,3
     30,9057	   0,0407373	-133,3	   0,0422324	-134,6
     30,9076	   0,0403864	-133,4	   0,0416203	-135,5
     30,9096	   0,0400299	-132,5	   0,0418412	-134,2
     30,9115	   0,0400643	-131,7	   0,0415571	-134,5
     30,9135	   0,0391627	-131,4	   0,0405072	-133,8
     30,9154	    0,039698	-131,5	   0,0408809	-132,4
     30,9174	    0,038975	-131,7	   0,0401778	-133,7
     30,9194	   0,0389738	-132,6	   0,0404345	-133,0
     30,9213	   0,0386982	-131,6	   0,0401625	-132,6
     30,9233	   0,0391225	-130,5	   0,0400813	-132,2
     30,9252	   0,0387262	-131,7	   0,0393281	-131,8
     30,9272	   0,0376146	-131,2	   0,0391353	-130,5
     30,9291	   0,0377335	-131,4	   0,0388626	-131,6
     30,9311	   0,0372584	-130,0	   0,0385174	-131,5
      30,933	   0,0370051	-130,6	   0,0386341	-131,2
      30,935	   0,0374944	-130,3	   0,0386508	-130,5
      30,937	    0,036215	-129,8	   0,0370697	-129,6
     30,9389	   0,0366473	-129,0	   0,0378323	-130,6
     30,9409	   0,0355097	-129,1	   0,0375869	-130,8
     30,9428	   0,0358063	-128,4	   0,0372672	-130,5
     30,9448	   0,0354901	-129,3	   0,0367076	-128,8
     30,9467	   0,0356193	-127,9	   0,0368415	-129,4
     30,9487	   0,0358784	-128,8	   0,0369726	-129,0
     30,9506	   0,0349801	-128,6	   0,0358947	-127,4
     30,9526	   0,0347097	-127,4	   0,0361989	-129,5
     30,9545	   0,0345731	-128,0	   0,0353681	-127,4
     30,9565	   0,0343254	-128,2	   0,0350971	-128,4
     30,9585	   0,0343966	-127,0	   0,0350832	-127,7
     30,9604	   0,0335672	-127,1	    0,034827	-126,9
     30,9624	   0,0335573	-125,3	   0,0345114	-125,9
     30,9643	   0,0331912	-127,1	   0,0349079	-126,7
     30,9663	   0,0330903	-126,6	   0,0346281	-126,1
     30,9682	    0,032833	-126,2	   0,0341754	-125,5
     30,9702	   0,0324103	-125,5	   0,0339047	-126,6
     30,9721	   0,0329205	-126,4	   0,0333936	-124,7
     30,9741	   0,0320883	-126,6	   0,0334613	-126,2
     30,9761	   0,0322762	-124,9	   0,0329449	-124,2
      30,978	   0,0316772	-124,8	   0,0327182	-124,8
       30,98	   0,0317948	-124,7	   0,0328884	-124,6
     30,9819	   0,0314671	-124,9	   0,0325864	-124,7
     30,9839	     0,03125	-122,9	   0,0320119	-126,9
     30,9858	   0,0308405	-122,6	   0,0316323	-125,0
     30,9878	   0,0308834	-123,8	   0,0315473	-124,6
     30,9897	   0,0305743	-123,0	   0,0319696	-124,6
     30,9917	   0,0298519	-123,2	   0,0315277	-124,0
     30,9936	    0,030315	-124,1	   0,0308531	-124,2
     30,9956	   0,0298366	-121,9	   0,0308379	-124,3
     30,9976	   0,0298151	-123,0	   0,0310789	-124,9
     30,9995	   0,0300996	-122,1	   0,0303047	-122,8
     31,0015	   0,0293437	-121,5	   0,0306483	-123,6
     31,0034	   0,0290188	-122,2	   0,0296497	-123,1
     31,0054	   0,0285236	-120,8	     0,03007	-121,7
     31,0073	   0,0287502	-121,7	   0,0291858	-122,2
     31,0093	   0,0287494	-122,2	   0,0296007	-121,6
     31,0112	    0,028499	-122,1	   0,0288708	-121,5
     31,0132	   0,0287141	-122,4	   0,0292569	-122,2
     31,0152	   0,0276657	-120,4	    0,028479	-121,2
     31,0171	   0,0281738	-122,5	   0,0287529	-120,4
     31,0191	   0,0277436	-122,0	   0,0285656	-120,6
      31,021	   0,0272537	-121,7	   0,0281955	-120,8
      31,023	   0,0269479	-120,5	   0,0283195	-122,0
     31,0249	     0,02695	-121,3	   0,0279785	-121,2
     31,0269	   0,0264873	-121,0	   0,0272086	-120,1
     31,0288	    0,026764	-120,7	   0,0274973	-119,8
     31,0308	   0,0261728	-120,4	   0,0272763	-119,9
     31,0327	   0,0267564	-120,7	   0,0271948	-121,4
     31,0347	    0,025748	-119,2	   0,0265502	-119,7
     31,0367	   0,0254427	-119,7	   0,0267637	-120,4
     31,0386	     0,02551	-119,2	   0,0269074	-122,1
     31,0406	   0,0255462	-119,1	   0,0259999	-118,4
     31,0425	   0,0251806	-120,0	   0,0261643	-120,7
     31,0445	   0,0253127	-120,5	   0,0256866	-120,4
     31,0464	   0,0247014	-120,1	   0,0258383	-120,8
     31,0484	   0,0252964	-121,0	   0,0258688	-120,9
     31,0503	   0,0245888	-120,4	   0,0254243	-121,0
     31,0523	   0,0241517	-117,7	    0,025459	-120,1
     31,0543	    0,024151	-118,7	   0,0248351	-119,4
     31,0562	   0,0237881	-118,6	   0,0253431	-119,7
     31,0582	   0,0239242	-117,5	   0,0243635	-120,0
     31,0601	   0,0243555	-120,1	   0,0248333	-118,5
     31,0621	   0,0236757	-117,8	   0,0243229	-117,7
      31,064	   0,0232529	-117,9	   0,0242919	-117,6
      31,066	   0,0238937	-119,6	   0,0237574	-118,3
     31,0679	   0,0232295	-118,0	   0,0240835	-118,3
     31,0699	   0,0231279	-120,1	   0,0238137	-118,6
     31,0718	   0,0229135	-119,3	   0,0235436	-120,3
     31,0738	   0,0229914	-118,7	   0,0233836	-118,2
     31,0758	   0,0229877	-118,6	   0,0232128	-119,1
     31,0777	   0,0226202	-119,3	   0,0229035	-117,9
     31,0797	   0,0225347	-116,7	   0,0233274	-119,7
     31,0816	   0,0220997	-116,3	   0,0228023	-118,6
     31,0836	   0,0218124	-115,9	   0,0225868	-116,8
     31,0855	   0,0223917	-118,2	   0,0222135	-117,0
     31,0875	   0,0216869	-117,4	   0,0224803	-117,7
     31,0894	   0,0216585	-117,0	   0,0222837	-117,1
     31,0914	   0,0219703	-118,2	   0,0224511	-117,0
     31,0934	   0,0218587	-117,8	    0,021987	-117,5
     31,0953	   0,0215114	-118,2	   0,0217858	-118,9
     31,0973	   0,0214448	-117,3	   0,0218091	-118,3
     31,0992	   0,0209524	-117,0	    0,021115	-116,8
     31,1012	   0,0208811	-117,2	   0,0216711	-118,9
     31,1031	   0,0207185	-116,1	   0,0212494	-116,3
     31,1051	   0,0204977	-117,0	   0,0214216	-116,4
      31,107	   0,0205822	-116,1	   0,0209534	-115,3
      31,109	   0,0204948	-116,4	    0,020884	-117,5
     31,1109	   0,0202412	-117,8	   0,0206533	-116,1
     31,1129	   0,0201984	-116,2	   0,0201129	-115,3
     31,1149	   0,0196548	-116,1	   0,0204201	-117,8
     31,1168	   0,0198728	-114,9	   0,0204717	-118,7
     31,1188	   0,0197381	-116,6	   0,0198596	-116,3
     31,1207	   0,0200059	-115,8	   0,0202394	-117,3
     31,1227	   0,0194275	-117,0	   0,0202617	-117,8
     31,1246	   0,0194324	-116,1	   0,0200061	-116,8
     31,1266	   0,0193921	-118,7	   0,0197924	-117,5
     31,1285	   0,0195273	-118,7	   0,0195573	-114,4
     31,1305	   0,0192659	-116,7	   0,0193586	-115,6
     31,1325	   0,0189368	-117,5	   0,0194121	-115,9
     31,1344	   0,0189102	-117,2	   0,0193284	-116,6
     31,1364	   0,0189873	-115,8	   0,0194199	-117,8
     31,1383	   0,0189157	-116,3	   0,0190016	-117,7
     31,1403	   0,0185572	-116,3	   0,0190381	-116,9
     31,1422	   0,0185505	-116,1	   0,0187602	-117,2
     31,1442	   0,0183732	-114,3	   0,0189597	-116,8
     31,1461	    0,018306	-116,5	    0,018638	-114,5
     31,1481	   0,0181253	-114,8	   0,0183755	-116,3
       31,15	   0,0181398	-116,6	   0,0185569	-115,7
      31,152	   0,0178872	-114,8	   0,0181761	-116,8
      31,154	   0,0178235	-116,6	   0,0181868	-116,4
     31,1559	   0,0175617	-116,2	   0,0181799	-117,2
     31,1579	   0,0176254	-113,8	    0,017644	-116,7
     31,1598	   0,0175122	-115,8	    0,018063	-115,6
     31,1618	   0,0171649	-114,1	   0,0176896	-113,5
     31,1637	   0,0169501	-115,4	   0,0173439	-114,7
     31,1657	   0,0172433	-114,9	   0,0170943	-113,7
     31,1676	   0,0172489	-116,9	   0,0175292	-115,9
     31,1696	   0,0171493	-114,2	    0,016942	-114,5
     31,1716	   0,0169878	-115,1	   0,0173472	-116,6
     31,1735	   0,0167847	-113,5	   0,0171643	-114,9
     31,1755	   0,0168408	-115,0	   0,0170447	-116,2
     31,1774	   0,0169415	-116,7	   0,0166712	-115,1
     31,1794	    0,016439	-116,8	   0,0169981	-116,3
     31,1813	   0,0161072	-113,8	   0,0169367	-115,6
     31,1833	   0,0162831	-114,0	   0,0161927	-113,8
     31,1852	   0,0164571	-114,9	   0,0164024	-114,0
     31,1872	    0,016378	-114,4	   0,0163544	-114,5
     31,1891	   0,0158579	-112,6	   0,0165657	-114,3
     31,1911	    0,015932	-116,5	   0,0160753	-115,4
     31,1931	   0,0158384	-114,6	   0,0159626	-113,6
      31,195	   0,0155295	-114,2	   0,0159276	-114,8
      31,197	   0,0156887	-114,6	   0,0159673	-115,9
     31,1989	   0,0154688	-115,3	   0,0157195	-116,3
     31,2009	   0,0153587	-114,2	    0,015784	-115,9
     31,2028	    0,015416	-114,6	    0,015923	-116,5
     31,2048	   0,0153379	-115,4	   0,0151955	-112,9
     31,2067	   0,0150994	-114,9	   0,0154477	-113,6
     31,2087	   0,0148999	-111,1	    0,015375	-112,6
     31,2107	   0,0150466	-111,3	   0,0152981	-115,5
     31,2126	   0,0147826	-116,0	   0,0150281	-113,5
     31,2146	   0,0150115	-114,5	   0,0146472	-115,5
     31,2165	    0,015115	-115,6	   0,0148598	-112,6
     31,2185	   0,0147098	-112,9	   0,0151474	-115,2
     31,2204	   0,0144525	-111,0	   0,0144863	-111,3
     31,2224	   0,0144606	-113,1	   0,0147767	-117,3
     31,2243	   0,0143999	-114,8	   0,0147528	-114,7
     31,2263	   0,0140851	-111,1	   0,0146323	-114,5
     31,2283	    0,014535	-115,1	   0,0144092	-112,3
     31,2302	   0,0140739	-111,7	   0,0142391	-112,5
     31,2322	   0,0143466	-113,4	   0,0145064	-115,7
     31,2341	   0,0142678	-115,1	   0,0142166	-111,8
     31,2361	   0,0140265	-114,8	   0,0144039	-114,5
      31,238	   0,0137176	-113,2	   0,0142738	-115,8
       31,24	   0,0140883	-115,8	   0,0141308	-113,3
     31,2419	   0,0140663	-113,2	   0,0136932	-112,2
     31,2439	   0,0137706	-111,2	   0,0140252	-115,3
     31,2458	     0,01349	-115,9	   0,0140672	-116,0
     31,2478	   0,0133524	-112,0	   0,0134386	-112,7
     31,2498	   0,0135393	-112,1	   0,0134702	-111,7
     31,2517	    0,013492	-113,6	   0,0136147	-112,1
     31,2537	   0,0132361	-112,8	   0,0137365	-114,8
     31,2556	   0,0133125	-111,6	   0,0131697	-111,6
     31,2576	   0,0131075	-112,3	   0,0133447	-112,6
     31,2595	   0,0131587	-112,4	   0,0131247	-111,9
     31,2615	   0,0128144	-111,7	   0,0133295	-114,0
     31,2634	   0,0130612	-111,4	   0,0132135	-110,5
     31,2654	   0,0129098	-110,5	   0,0129147	-111,9
     31,2674	   0,0128284	-112,9	   0,0128881	-113,1
     31,2693	   0,0127491	-113,1	   0,0126204	-113,4
     31,2713	   0,0126367	-114,4	   0,0128257	-111,0
     31,2732	   0,0128559	-115,2	   0,0128882	-113,4
     31,2752	   0,0127626	-111,3	   0,0126058	-111,9
     31,2771	   0,0126858	-113,4	   0,0126595	-112,1
     31,2791	   0,0124607	-115,0	   0,0126515	-114,5
      31,281	   0,0126547	-115,1	   0,0124019	-113,2
      31,283	   0,0122504	-114,5	   0,0124289	-116,4
     31,2849	   0,0122174	-109,3	   0,0126012	-114,7
     31,2869	   0,0122693	-109,1	   0,0125573	-116,7
     31,2889	   0,0123686	-114,6	   0,0122411	-110,8
     31,2908	   0,0121082	-114,0	   0,0121061	-112,3
     31,2928	    0,012261	-115,7	   0,0120456	-113,1
     31,2947	   0,0123876	-112,8	   0,0121612	-114,4
     31,2967	   0,0120755	-113,6	   0,0121716	-115,5
     31,2986	   0,0120442	-115,2	   0,0119832	-108,5
     31,3006	   0,0119996	-116,3	   0,0120615	-116,0
     31,3025	   0,0116894	-111,7	   0,0118133	-116,5
     31,3045	   0,0117061	-110,9	   0,0118489	-114,6
     31,3065	   0,0115104	-113,3	   0,0121935	-114,2
     31,3084	   0,0116527	-113,1	   0,0118993	-113,5
     31,3104	   0,0116722	-113,2	   0,0117372	-111,8
     31,3123	    0,011612	-112,4	   0,0117889	-115,7
     31,3143	   0,0114919	-112,5	   0,0116806	-113,9
     31,3162	    0,011403	-114,7	   0,0115826	-109,0
     31,3182	    0,011243	-114,6	   0,0114307	-109,7
     31,3201	   0,0114519	-111,0	   0,0115056	-114,4
     31,3221	   0,0111672	-110,6	   0,0112914	-115,0
      31,324	   0,0113529	-113,5	   0,0111096	-112,0
      31,326	   0,0112806	-115,3	   0,0113252	-112,5
      31,328	   0,0111734	-114,7	   0,0112217	-112,9
     31,3299	   0,0112222	-112,9	   0,0113074	-114,6
     31,3319	   0,0110873	-111,6	   0,0112007	-110,1
     31,3338	   0,0110234	-114,4	   0,0110473	-113,0
     31,3358	   0,0110489	-112,9	   0,0109918	-114,5
     31,3377	   0,0108172	-112,1	   0,0108939	-113,8
     31,3397	   0,0108784	-115,7	   0,0110483	-115,0
     31,3416	   0,0108749	-112,2	     0,01092	-110,5
     31,3436	   0,0108633	-112,9	   0,0108231	-110,3
     31,3456	   0,0106396	-112,6	   0,0107979	-112,2
     31,3475	    0,010722	-109,2	   0,0106039	-111,6
     31,3495	   0,0109638	-114,5	   0,0106301	-115,9
     31,3514	   0,0106151	-112,9	   0,0105144	-109,6
     31,3534	   0,0104253	-114,1	   0,0105472	-116,4
     31,3553	   0,0106892	-113,3	   0,0106221	-114,0
     31,3573	   0,0102435	-109,5	   0,0104502	-110,7
     31,3592	   0,0103817	-114,8	    0,010556	-112,6
     31,3612	   0,0105589	-112,5	   0,0104054	-109,7
     31,3631	   0,0102581	-112,0	   0,0102997	-109,7
     31,3651	   0,0102462	-114,2	   0,0104058	-111,6
     31,3671	   0,0103279	-112,5	   0,0102522	-111,8
      31,369	   0,0100398	-113,6	   0,0103052	-114,1
      31,371	   0,0101139	-113,4	   0,0102093	-111,7
     31,3729	   0,0101914	-113,6	   0,0100862	-111,3
     31,3749	  0,00997782	-113,7	   0,0101308	-112,4
     31,3768	  0,00988022	-113,4	   0,0100252	-112,6
     31,3788	  0,00994598	-109,7	  0,00995472	-113,7
     31,3807	   0,0098896	-114,5	  0,00994194	-111,3
     31,3827	  0,00989922	-110,6	  0,00986706	-109,9
     31,3847	  0,00984011	-112,2	   0,0098707	-113,2
     31,3866	  0,00982778	-112,1	  0,00981706	-113,9
     31,3886	  0,00981293	-111,9	  0,00981098	-113,6
     31,3905	  0,00968522	-114,5	  0,00982037	-113,0
     31,3925	  0,00970541	-112,3	  0,00955789	-111,2
     31,3944	  0,00962348	-112,6	  0,00968671	-112,7
     31,3964	  0,00957056	-113,5	  0,00968411	-114,0
     31,3983	  0,00960777	-113,7	  0,00957005	-112,5
     31,4003	  0,00952864	-113,1	  0,00951059	-112,4
     31,4022	  0,00940595	-112,5	  0,00956987	-113,1
     31,4042	  0,00942754	-113,9	  0,00944334	-111,7
     31,4062	  0,00937217	-113,3	  0,00942167	-113,8
     31,4081	  0,00928696	-112,2	  0,00940874	-112,9
     31,4101	  0,00927088	-114,9	  0,00937995	-113,2
      31,412	   0,0092971	-114,4	  0,00929233	-112,9
      31,414	  0,00917748	-111,8	  0,00927625	-113,5
     31,4159	  0,00914396	-113,1	  0,00922933	-113,2
     31,4179	  0,00917311	-113,3	  0,00922537	-113,4
     31,4198	  0,00904285	-113,5	  0,00915906	-113,5
     31,4218	   0,0090585	-112,6	  0,00911259	-113,6
     31,4238	    0,009091	-112,8	  0,00905755	-111,6
     31,4257	  0,00891115	-111,9	  0,00905799	-112,2
     31,4277	  0,00895227	-112,8	  0,00900708	-114,3
     31,4296	  0,00895723	-112,8	  0,00891693	-112,8
     31,4316	  0,00883848	-113,6	  0,00893862	-112,8
     31,4335	  0,00884455	-112,1	  0,00883399	-113,8
     31,4355	   0,0087563	-113,3	  0,00892254	-114,6
     31,4374	  0,00877135	-113,9	   0,0087489	-112,1
     31,4394	  0,00869094	-113,7	  0,00865729	-113,1
     31,4413	  0,00868273	-111,9	  0,00878714	-113,1
     31,4433	  0,00861864	-112,1	  0,00863949	-112,3
     31,4453	  0,00864663	-113,5	  0,00861747	-113,4
     31,4472	  0,00854428	-111,9	  0,00861434	-112,1
     31,4492	  0,00851743	-112,5	  0,00852663	-113,1
     31,4511	  0,00851059	-113,7	  0,00850794	-113,4
     31,4531	  0,00842891	-112,0	  0,00851624	-113,9
      31,455	  0,00840025	-111,7	  0,00840698	-112,0
      31,457	  0,00842974	-113,6	  0,00842014	-113,3
     31,4589	  0,00829642	-112,6	  0,00837719	-112,9
     31,4609	  0,00832938	-113,0	  0,00831898	-112,5
     31,4629	  0,00831584	-112,9	  0,00831491	-113,5
     31,4648	  0,00819112	-114,7	  0,00819889	-114,0
     31,4668	   0,0082564	-111,7	  0,00826636	-113,3
     31,4687	   0,0081313	-113,3	   0,0082388	-113,1
     31,4707	  0,00817656	-113,7	  0,00816952	-112,7
     31,4726	   0,0081314	-112,3	  0,00817394	-112,8
     31,4746	   0,0080223	-114,3	  0,00807143	-113,0
     31,4765	  0,00804798	-114,2	  0,00807172	-113,3
     31,4785	   0,0080194	-112,1	  0,00801804	-112,3
     31,4804	  0,00792088	-112,6	  0,00798709	-113,0
     31,4824	  0,00791428	-113,3	  0,00797991	-113,0
     31,4844	  0,00792344	-111,7	   0,0079507	-113,4
     31,4863	  0,00782578	-110,6	  0,00789678	-112,3
     31,4883	  0,00784375	-113,8	  0,00785251	-114,1
     31,4902	  0,00771729	-112,3	  0,00781627	-112,0
     31,4922	  0,00779476	-113,1	  0,00785759	-113,4
     31,4941	  0,00767601	-112,8	  0,00772561	-113,1
     31,4961	  0,00770568	-111,4	  0,00778759	-112,7
      31,498	  0,00767077	-111,4	  0,00761238	-112,6
        31,5	  0,00765974	-111,5	  0,00767596	-113,4

