X-Data [Hz]	Laser (M - Filtered) [m/s]	Phase [Deg]	Laser (M - Filtered) [m/s]	Phase [Deg]	
	002: [06-29-24 14:28]		003: [06-29-24 14:34]	
         134	   0,0241089	59,4	   0,0255324	61,9
     134,016	   0,0253068	60,6	   0,0256119	60,2
     134,031	   0,0254732	59,0	   0,0260904	58,5
     134,047	   0,0260785	58,6	   0,0260074	57,4
     134,063	   0,0259721	60,9	    0,025864	59,6
     134,078	   0,0261482	60,8	   0,0265456	60,6
     134,094	   0,0262346	59,4	   0,0258055	62,1
     134,109	   0,0264901	60,2	    0,025935	62,0
     134,125	   0,0263691	60,4	   0,0260981	60,6
     134,141	   0,0267313	61,2	   0,0262718	62,6
     134,156	   0,0266229	60,1	   0,0261114	60,3
     134,172	   0,0264845	62,3	   0,0270725	59,6
     134,188	   0,0266544	60,8	   0,0266052	62,9
     134,203	   0,0266161	61,7	   0,0266283	61,6
     134,219	   0,0264615	61,0	   0,0265226	61,0
     134,235	   0,0268359	60,0	   0,0267672	60,6
      134,25	   0,0264634	60,7	   0,0271584	59,8
     134,266	    0,027185	60,3	   0,0271654	59,5
     134,282	   0,0269769	59,8	   0,0270535	62,5
     134,297	   0,0272269	58,8	   0,0270456	60,6
     134,313	   0,0270438	59,9	    0,026763	60,5
     134,328	   0,0269849	59,2	   0,0271269	61,6
     134,344	   0,0271382	61,3	   0,0269997	60,3
      134,36	   0,0272498	60,9	    0,027473	59,2
     134,375	   0,0272287	60,5	   0,0275427	61,3
     134,391	   0,0274606	59,4	   0,0275551	60,3
     134,407	    0,027311	58,5	   0,0272683	61,6
     134,422	    0,027466	59,7	   0,0277511	60,8
     134,438	   0,0279162	61,9	   0,0276227	61,5
     134,454	    0,027785	60,1	   0,0274998	59,7
     134,469	   0,0277116	58,8	   0,0274858	57,9
     134,485	   0,0277405	61,8	   0,0280323	59,0
       134,5	   0,0275116	62,4	   0,0277663	62,0
     134,516	   0,0281541	58,8	   0,0275839	61,3
     134,532	   0,0285527	59,7	   0,0281536	60,4
     134,547	   0,0282559	58,9	   0,0282533	59,9
     134,563	   0,0279161	61,9	   0,0278224	61,7
     134,579	   0,0278725	60,0	   0,0279815	59,9
     134,594	   0,0280498	61,5	   0,0287732	60,9
      134,61	    0,028859	60,2	   0,0281691	62,6
     134,626	   0,0289562	59,4	   0,0286293	59,4
     134,641	   0,0286731	59,9	   0,0284768	59,5
     134,657	   0,0285008	59,3	    0,028617	60,7
     134,673	   0,0286193	60,8	   0,0285525	60,9
     134,688	   0,0288186	59,3	   0,0288477	60,0
     134,704	   0,0290157	60,4	   0,0284808	61,5
     134,719	    0,029032	59,2	    0,028765	61,9
     134,735	   0,0289469	59,3	   0,0287168	60,4
     134,751	    0,029207	59,0	   0,0293027	59,8
     134,766	   0,0290268	62,8	   0,0287949	61,2
     134,782	   0,0296025	61,5	   0,0294188	62,8
     134,798	   0,0293591	60,5	   0,0292242	59,4
     134,813	   0,0296451	59,4	   0,0293543	59,4
     134,829	   0,0294294	60,1	   0,0298291	63,6
     134,845	    0,029115	61,4	    0,029835	60,7
      134,86	   0,0298579	61,4	   0,0291366	60,5
     134,876	   0,0300683	59,9	   0,0293158	62,5
     134,891	   0,0299229	63,0	   0,0292372	60,9
     134,907	   0,0300622	60,2	   0,0300777	59,5
     134,923	   0,0302802	59,7	   0,0298203	60,8
     134,938	   0,0300053	56,9	   0,0298386	60,4
     134,954	   0,0299605	62,3	   0,0303552	60,5
      134,97	   0,0306739	61,0	   0,0299699	60,3
     134,985	    0,030161	57,5	   0,0301657	60,8
     135,001	   0,0298997	63,5	   0,0306442	60,7
     135,017	   0,0307668	62,9	   0,0301075	62,8
     135,032	   0,0303138	60,6	   0,0302418	59,6
     135,048	   0,0304856	60,8	   0,0310536	59,3
     135,064	   0,0302797	60,3	   0,0306492	61,2
     135,079	   0,0305615	60,7	   0,0307479	60,7
     135,095	   0,0308239	62,5	   0,0303497	62,4
      135,11	   0,0308142	62,8	   0,0308201	62,2
     135,126	   0,0310574	60,7	   0,0309523	60,3
     135,142	   0,0311605	62,3	    0,030877	61,0
     135,157	   0,0314737	59,7	   0,0309187	61,2
     135,173	   0,0312051	59,3	   0,0313175	60,3
     135,189	   0,0316002	60,8	    0,031396	61,4
     135,204	   0,0316538	60,2	   0,0316047	59,8
      135,22	   0,0320408	61,0	   0,0314736	61,4
     135,236	    0,031869	59,6	   0,0316084	62,2
     135,251	    0,031512	59,4	   0,0316976	61,8
     135,267	   0,0318032	61,8	   0,0320002	61,1
     135,283	   0,0321433	59,5	   0,0321578	60,9
     135,298	   0,0318912	62,6	   0,0319224	62,1
     135,314	   0,0323051	63,1	   0,0322611	59,6
     135,329	   0,0322498	60,2	   0,0318196	62,1
     135,345	   0,0321021	62,3	   0,0323337	60,1
     135,361	   0,0322882	60,2	    0,032038	64,1
     135,376	   0,0322251	61,6	   0,0328056	60,1
     135,392	   0,0322422	61,4	   0,0330485	61,0
     135,408	   0,0323678	59,8	   0,0327645	59,0
     135,423	   0,0320779	64,6	   0,0325647	61,3
     135,439	   0,0333195	60,8	   0,0332232	59,2
     135,455	   0,0330562	61,5	   0,0325218	60,9
      135,47	   0,0330816	60,3	   0,0332581	61,6
     135,486	   0,0332076	62,4	   0,0330252	60,5
     135,501	   0,0329481	60,0	   0,0330844	62,7
     135,517	    0,033094	62,4	     0,03311	59,9
     135,533	   0,0340693	60,1	   0,0335418	60,8
     135,548	   0,0333237	62,4	   0,0336025	60,8
     135,564	   0,0336714	61,2	   0,0341117	60,3
      135,58	   0,0333827	63,1	   0,0334364	60,8
     135,595	   0,0339301	62,2	   0,0338573	60,3
     135,611	   0,0332792	62,2	   0,0336409	63,7
     135,627	   0,0342486	60,7	   0,0341693	60,8
     135,642	   0,0339714	61,3	   0,0339909	63,4
     135,658	   0,0346318	60,5	   0,0345456	60,3
     135,674	   0,0339406	63,6	   0,0339387	63,2
     135,689	   0,0345545	61,8	   0,0346608	59,5
     135,705	   0,0345382	64,7	   0,0348838	60,7
      135,72	   0,0341939	63,4	   0,0344946	61,8
     135,736	   0,0347756	62,0	   0,0347824	60,7
     135,752	   0,0350457	61,6	   0,0351823	64,1
     135,767	   0,0354076	59,6	   0,0353359	58,8
     135,783	   0,0348646	62,6	   0,0350809	63,5
     135,799	   0,0353419	59,9	   0,0351116	61,7
     135,814	   0,0353284	60,4	   0,0352985	61,0
      135,83	   0,0354194	63,4	   0,0352911	62,3
     135,846	   0,0355873	61,7	   0,0352302	62,2
     135,861	   0,0357628	61,4	    0,035504	63,8
     135,877	     0,03645	60,1	   0,0361371	63,0
     135,892	   0,0356597	63,6	   0,0358716	62,0
     135,908	   0,0358089	63,1	   0,0359559	62,6
     135,924	   0,0368173	61,3	   0,0362417	63,3
     135,939	   0,0363611	63,0	   0,0365146	61,4
     135,955	   0,0365092	62,4	   0,0359662	62,7
     135,971	   0,0371185	62,3	   0,0365115	62,5
     135,986	   0,0369835	62,5	   0,0369002	60,3
     136,002	   0,0368125	62,5	   0,0371469	62,7
     136,018	   0,0368111	62,9	   0,0370532	60,8
     136,033	   0,0370564	62,8	   0,0368146	61,3
     136,049	    0,037141	63,2	   0,0370254	62,9
     136,065	   0,0368708	62,0	   0,0367663	62,8
      136,08	   0,0370578	64,5	   0,0372108	61,5
     136,096	   0,0377776	60,9	   0,0373982	63,1
     136,111	   0,0378374	62,0	   0,0378287	61,9
     136,127	   0,0375756	63,6	   0,0378006	61,1
     136,143	   0,0383544	61,7	   0,0381396	61,2
     136,158	   0,0380326	61,8	   0,0379333	62,0
     136,174	   0,0378189	62,5	   0,0376469	62,5
      136,19	   0,0383962	61,9	   0,0385426	62,1
     136,205	    0,039001	61,8	   0,0386317	62,6
     136,221	    0,038298	61,6	   0,0382065	63,6
     136,237	   0,0392335	61,7	   0,0382996	61,7
     136,252	   0,0393061	61,9	   0,0383428	61,6
     136,268	    0,039105	63,0	   0,0383513	63,2
     136,283	   0,0389204	64,8	   0,0387836	65,1
     136,299	   0,0389812	63,2	    0,039168	60,8
     136,315	   0,0394033	62,0	   0,0387728	61,5
      136,33	   0,0394469	62,7	   0,0395429	61,4
     136,346	   0,0393405	63,2	    0,039882	62,9
     136,362	   0,0396645	62,2	   0,0400301	60,7
     136,377	   0,0400739	62,6	   0,0399741	60,0
     136,393	   0,0400898	62,0	    0,039573	63,4
     136,409	   0,0401177	64,5	   0,0398967	63,6
     136,424	   0,0402218	60,9	   0,0399542	63,5
      136,44	   0,0402714	61,6	   0,0404007	62,9
     136,456	    0,040948	61,2	   0,0409774	61,4
     136,471	   0,0411192	61,1	   0,0401624	63,1
     136,487	   0,0411073	62,6	   0,0406101	63,6
     136,502	   0,0413716	61,3	   0,0406778	64,0
     136,518	   0,0412173	61,2	   0,0413241	61,5
     136,534	   0,0410904	62,0	   0,0415191	61,9
     136,549	   0,0414507	63,7	   0,0418965	63,1
     136,565	   0,0414429	64,6	   0,0414437	62,9
     136,581	     0,04131	63,0	   0,0415878	63,1
     136,596	   0,0420066	63,2	   0,0414855	64,0
     136,612	   0,0420059	61,0	    0,041726	63,0
     136,628	   0,0422813	63,1	   0,0419232	62,6
     136,643	   0,0419114	63,5	   0,0425102	61,7
     136,659	   0,0425461	63,0	    0,042757	62,4
     136,674	   0,0430403	62,8	   0,0422005	63,9
      136,69	   0,0429769	61,1	   0,0421009	65,4
     136,706	   0,0432456	60,6	   0,0428235	64,8
     136,721	   0,0431966	62,7	    0,043046	61,5
     136,737	   0,0433061	63,8	   0,0428457	61,1
     136,753	    0,043064	64,6	   0,0434624	61,1
     136,768	   0,0427673	64,1	   0,0436168	62,8
     136,784	   0,0440533	60,6	   0,0431014	65,6
       136,8	   0,0440988	63,2	   0,0439166	64,6
     136,815	   0,0444625	61,8	    0,043728	62,9
     136,831	    0,044381	62,2	   0,0436988	64,5
     136,847	   0,0442236	63,1	   0,0435439	62,4
     136,862	   0,0448146	63,0	   0,0435955	65,1
     136,878	   0,0446647	63,2	   0,0441531	64,2
     136,893	   0,0451327	63,4	   0,0443345	65,1
     136,909	   0,0452973	63,1	   0,0447011	62,9
     136,925	   0,0454642	63,4	   0,0452552	61,6
      136,94	   0,0453639	63,7	   0,0452449	62,6
     136,956	   0,0460771	62,9	   0,0459168	60,5
     136,972	   0,0458824	62,9	   0,0454153	63,4
     136,987	   0,0457523	62,3	   0,0461088	60,6
     137,003	   0,0456782	64,9	   0,0461689	62,3
     137,019	   0,0459207	62,4	   0,0463961	62,5
     137,034	   0,0461566	61,3	    0,046262	61,6
      137,05	   0,0463211	62,5	   0,0463883	63,5
     137,065	   0,0465453	63,0	   0,0460837	63,2
     137,081	   0,0469262	63,2	   0,0467973	63,0
     137,097	   0,0469962	62,8	   0,0469454	64,8
     137,112	   0,0472874	63,9	   0,0471909	62,6
     137,128	   0,0476024	62,5	   0,0473644	62,8
     137,144	   0,0475983	62,9	   0,0475082	63,3
     137,159	   0,0477936	64,2	   0,0481833	62,0
     137,175	   0,0486811	62,2	   0,0481598	62,7
     137,191	   0,0481929	63,2	   0,0489015	62,0
     137,206	   0,0481453	62,6	   0,0488124	61,4
     137,222	   0,0480845	63,5	   0,0488153	61,7
     137,238	   0,0487472	63,9	   0,0485451	63,3
     137,253	   0,0489594	64,4	     0,04918	62,5
     137,269	   0,0486847	63,4	   0,0491735	64,1
     137,284	   0,0493679	63,9	   0,0491115	63,8
       137,3	    0,049301	64,7	   0,0498639	62,6
     137,316	    0,049945	62,7	    0,049851	63,1
     137,331	   0,0502575	63,8	   0,0503467	62,2
     137,347	   0,0497728	65,8	   0,0501883	64,0
     137,363	   0,0497133	64,7	   0,0502131	65,5
     137,378	   0,0505987	64,2	   0,0504841	65,1
     137,394	   0,0509331	65,0	    0,050367	65,4
      137,41	   0,0502341	63,8	   0,0509381	62,8
     137,425	   0,0507996	64,5	   0,0516706	61,0
     137,441	    0,050934	62,9	   0,0506702	64,5
     137,456	   0,0515279	63,1	   0,0514629	63,8
     137,472	     0,05231	63,5	   0,0513564	65,6
     137,488	    0,051843	63,5	   0,0521346	64,6
     137,503	    0,052098	64,0	    0,052875	64,9
     137,519	   0,0518817	64,2	   0,0528444	63,9
     137,535	   0,0521592	67,4	   0,0533227	63,0
      137,55	    0,053164	64,5	    0,053307	63,4
     137,566	   0,0535458	63,4	   0,0533928	63,4
     137,582	   0,0528019	64,8	   0,0531574	64,9
     137,597	   0,0537895	63,9	   0,0531238	65,9
     137,613	   0,0542024	63,2	   0,0535389	67,2
     137,629	   0,0538023	65,5	   0,0538831	64,8
     137,644	   0,0543497	66,8	   0,0543724	64,0
      137,66	   0,0543845	64,1	   0,0549071	64,6
     137,675	   0,0541565	65,7	   0,0542053	66,8
     137,691	   0,0555462	64,3	   0,0553882	64,0
     137,707	   0,0557507	63,9	   0,0554458	65,9
     137,722	   0,0558773	65,6	   0,0553921	64,3
     137,738	   0,0552144	64,4	   0,0562556	63,5
     137,754	   0,0567236	64,3	   0,0564577	64,8
     137,769	   0,0563583	65,4	   0,0565362	65,9
     137,785	     0,05689	64,2	   0,0564291	64,9
     137,801	   0,0570778	64,5	   0,0558634	64,7
     137,816	    0,057488	65,3	     0,05625	67,9
     137,832	   0,0574325	64,0	   0,0580263	65,1
     137,848	   0,0573478	64,9	   0,0568139	67,2
     137,863	   0,0571407	66,9	   0,0573637	64,1
     137,879	   0,0573939	66,4	   0,0576797	64,1
     137,894	   0,0588604	63,9	   0,0574506	65,8
      137,91	   0,0583069	66,0	   0,0577518	66,6
     137,926	   0,0596211	64,8	   0,0586391	64,1
     137,941	   0,0592579	66,2	   0,0594048	64,8
     137,957	   0,0585655	65,5	   0,0589177	65,8
     137,973	   0,0595561	65,1	   0,0599787	65,2
     137,988	   0,0604114	66,6	   0,0596634	63,8
     138,004	   0,0600154	67,4	   0,0594137	66,4
      138,02	   0,0609253	66,2	   0,0601509	67,9
     138,035	   0,0616276	64,8	   0,0608603	64,0
     138,051	   0,0611662	66,9	     0,06126	65,3
     138,066	   0,0611445	65,8	   0,0609067	66,6
     138,082	   0,0617289	65,2	   0,0620971	63,2
     138,098	   0,0626032	66,1	   0,0613952	65,8
     138,113	   0,0629263	66,5	   0,0627785	66,5
     138,129	   0,0626406	66,0	   0,0630588	65,6
     138,145	   0,0634745	64,6	   0,0633171	64,3
      138,16	   0,0638712	66,8	   0,0633676	68,1
     138,176	   0,0631954	65,5	    0,064002	64,8
     138,192	   0,0638663	65,5	   0,0638484	66,6
     138,207	   0,0640293	67,2	    0,064687	66,8
     138,223	   0,0644373	66,0	   0,0654779	66,0
     138,239	   0,0657248	64,3	    0,064673	67,2
     138,254	   0,0653076	67,1	   0,0654471	65,3
      138,27	   0,0660641	65,4	   0,0654106	66,9
     138,285	   0,0657561	66,5	   0,0664528	66,0
     138,301	   0,0671631	66,4	   0,0660177	66,9
     138,317	    0,067007	65,6	   0,0674524	64,8
     138,332	   0,0668859	66,6	   0,0674962	67,3
     138,348	   0,0680797	66,9	   0,0686352	64,8
     138,364	   0,0684419	65,2	   0,0672225	69,1
     138,379	   0,0683539	66,6	   0,0689624	66,3
     138,395	   0,0689884	67,2	   0,0683665	66,4
     138,411	   0,0690815	68,0	   0,0697592	66,4
     138,426	   0,0693519	67,9	   0,0699675	65,3
     138,442	   0,0701086	67,2	   0,0691941	68,4
     138,457	   0,0712938	67,2	   0,0709101	65,8
     138,473	   0,0709168	66,0	   0,0713713	66,3
     138,489	   0,0705402	67,5	   0,0712185	66,9
     138,504	   0,0717201	66,6	   0,0719888	66,5
      138,52	   0,0714593	67,4	   0,0723919	67,9
     138,536	   0,0724205	68,1	   0,0725541	66,8
     138,551	   0,0732798	65,9	   0,0733689	67,9
     138,567	   0,0725065	67,5	   0,0736616	67,2
     138,583	   0,0726322	68,7	   0,0747314	66,2
     138,598	   0,0745353	67,1	   0,0748004	67,4
     138,614	   0,0736027	68,9	   0,0757322	67,6
      138,63	   0,0752283	68,3	    0,075157	69,0
     138,645	   0,0743323	68,8	   0,0763199	66,7
     138,661	   0,0762836	66,3	   0,0761582	67,6
     138,676	   0,0754262	69,5	   0,0763043	66,7
     138,692	   0,0771384	66,5	   0,0774067	66,6
     138,708	   0,0762843	69,4	   0,0781226	68,2
     138,723	   0,0782483	67,1	   0,0789888	68,5
     138,739	   0,0780305	67,3	   0,0780639	70,4
     138,755	   0,0778172	68,2	     0,07861	67,2
      138,77	   0,0791546	68,2	   0,0792919	68,7
     138,786	   0,0793769	68,8	   0,0795715	69,1
     138,802	   0,0804486	69,0	   0,0813233	67,5
     138,817	    0,081822	68,8	   0,0805212	69,1
     138,833	   0,0809123	69,9	   0,0824201	69,7
     138,848	   0,0818895	67,9	   0,0813814	69,9
     138,864	   0,0817351	67,4	    0,083553	69,1
      138,88	   0,0828269	68,2	   0,0827311	68,9
     138,895	   0,0831249	67,8	   0,0845581	68,9
     138,911	   0,0841465	68,0	   0,0836365	70,2
     138,927	   0,0839178	67,8	   0,0854694	68,6
     138,942	   0,0842961	71,0	   0,0858409	70,2
     138,958	   0,0865278	68,8	   0,0854216	69,6
     138,974	   0,0858419	68,9	   0,0861776	69,1
     138,989	   0,0861779	69,6	   0,0867334	68,4
     139,005	   0,0874706	69,6	   0,0888864	68,5
     139,021	   0,0885208	71,3	   0,0877919	73,1
     139,036	   0,0886903	68,2	   0,0889688	70,5
     139,052	   0,0877207	70,1	   0,0902823	70,1
     139,067	   0,0907455	69,8	   0,0896331	70,4
     139,083	   0,0909697	69,6	   0,0923227	69,0
     139,099	   0,0920005	70,6	   0,0921993	70,4
     139,114	   0,0907742	71,3	   0,0915608	71,0
      139,13	   0,0922932	71,7	    0,092491	72,0
     139,146	   0,0930174	70,5	   0,0928262	71,8
     139,161	   0,0943023	70,0	    0,094542	68,9
     139,177	   0,0945265	70,0	   0,0953843	70,3
     139,193	   0,0934698	69,9	   0,0958126	71,7
     139,208	   0,0933464	71,5	    0,096445	70,0
     139,224	   0,0959777	70,4	   0,0980901	69,7
     139,239	    0,096707	70,2	    0,098123	72,9
     139,255	   0,0954325	73,7	   0,0983539	71,3
     139,271	   0,0972579	72,8	    0,100386	70,0
     139,286	   0,0989663	71,9	   0,0997443	72,1
     139,302	   0,0996601	70,3	    0,101036	72,4
     139,318	   0,0994978	72,0	    0,101909	71,8
     139,333	   0,0990225	72,1	    0,101545	72,9
     139,349	    0,100263	71,8	    0,103805	72,4
     139,365	    0,100892	72,6	    0,104461	71,9
      139,38	    0,101647	73,3	    0,104095	74,1
     139,396	     0,10366	68,2	    0,106156	72,5
     139,412	    0,102027	72,8	    0,106683	71,5
     139,427	    0,102918	72,8	    0,107937	69,7
     139,443	    0,103972	72,2	    0,108505	73,1
     139,458	    0,105943	70,5	    0,109123	72,6
     139,474	    0,106742	73,1	    0,109662	73,6
      139,49	    0,107404	71,7	    0,110162	72,1
     139,505	    0,106792	70,2	    0,109688	74,0
     139,521	    0,107535	72,6	    0,109938	74,2
     139,537	     0,10807	75,3	    0,111847	71,9
     139,552	    0,109513	74,2	    0,114029	71,6
     139,568	    0,111338	72,8	    0,113143	75,4
     139,584	    0,112657	72,4	    0,113577	74,6
     139,599	    0,113537	74,6	    0,115009	74,1
     139,615	     0,11372	74,0	    0,116882	74,6
      139,63	     0,11412	73,2	    0,117334	75,2
     139,646	    0,113998	73,3	    0,118273	76,5
     139,662	    0,114279	74,7	    0,118127	76,1
     139,677	     0,11649	74,3	    0,117973	75,7
     139,693	    0,117592	76,1	    0,119706	74,5
     139,709	    0,119046	73,9	    0,121712	73,4
     139,724	    0,118046	73,7	     0,12206	74,5
      139,74	     0,11823	74,6	    0,124051	74,9
     139,756	    0,120222	77,3	    0,124585	75,8
     139,771	    0,121697	74,8	    0,123834	76,3
     139,787	    0,123769	74,2	    0,124171	76,8
     139,803	    0,123896	73,8	    0,127691	75,0
     139,818	    0,122971	74,7	    0,128811	76,0
     139,834	    0,124213	77,2	    0,128168	76,6
     139,849	    0,125975	77,5	    0,127444	79,1
     139,865	     0,12731	76,3	    0,128486	77,5
     139,881	    0,129241	75,3	    0,131534	76,7
     139,896	    0,129864	76,3	     0,13231	76,3
     139,912	    0,130981	76,2	    0,133174	77,2
     139,928	    0,130555	75,5	     0,13394	76,7
     139,943	    0,130244	77,6	    0,133698	75,3
     139,959	    0,131677	79,1	    0,134044	78,4
     139,975	     0,13441	80,1	    0,134978	77,2
      139,99	    0,135535	77,2	    0,136962	80,0
     140,006	    0,136122	77,3	    0,137205	80,9
     140,021	    0,137218	78,0	    0,137506	79,5
     140,037	    0,136194	78,8	    0,139082	79,5
     140,053	    0,138683	78,8	     0,14011	78,8
     140,068	     0,14043	77,3	    0,141342	76,8
     140,084	    0,140975	78,1	    0,143331	77,6
       140,1	    0,141975	76,5	    0,145036	77,4
     140,115	    0,140921	77,6	    0,146081	80,0
     140,131	    0,142495	78,7	    0,146917	78,4
     140,147	      0,1443	78,3	    0,147396	79,3
     140,162	    0,145196	79,8	    0,147014	78,8
     140,178	     0,14695	79,7	     0,14859	78,5
     140,194	    0,148203	79,5	    0,149552	79,7
     140,209	    0,149005	79,1	    0,151282	80,6
     140,225	    0,149293	80,3	    0,152514	79,6
      140,24	    0,149657	80,1	     0,15313	81,9
     140,256	    0,150946	80,6	    0,154163	81,9
     140,272	    0,152593	81,8	    0,154793	81,0
     140,287	    0,153635	82,2	    0,154952	80,6
     140,303	    0,154806	81,3	     0,15553	81,0
     140,319	    0,155819	80,9	    0,155967	82,0
     140,334	    0,157088	80,3	     0,15698	83,1
      140,35	    0,157189	81,2	    0,158289	82,1
     140,366	    0,158184	80,9	    0,159706	82,3
     140,381	    0,157442	82,0	    0,160831	83,3
     140,397	    0,159395	82,5	    0,162103	82,6
     140,413	     0,16016	82,0	    0,162359	82,8
     140,428	      0,1602	80,4	    0,164166	83,1
     140,444	    0,162317	81,6	    0,166092	84,3
     140,459	    0,163128	81,4	     0,16717	85,2
     140,475	    0,165103	83,8	    0,168105	83,3
     140,491	    0,165347	84,3	    0,168809	83,4
     140,506	    0,166114	82,0	    0,169206	82,1
     140,522	    0,166398	82,2	    0,171617	82,7
     140,538	    0,168266	82,6	    0,171779	81,7
     140,553	    0,169897	82,1	    0,174034	84,8
     140,569	    0,171114	83,4	    0,175037	83,9
     140,585	    0,172989	82,8	    0,175554	84,6
       140,6	    0,174351	84,9	    0,175874	84,6
     140,616	    0,175627	85,8	    0,177689	85,8
     140,631	    0,175366	84,9	    0,177072	85,1
     140,647	    0,175643	85,6	     0,17867	84,8
     140,663	    0,177124	84,5	    0,181411	87,1
     140,678	    0,179054	85,3	     0,18249	84,6
     140,694	    0,179638	86,0	    0,182744	85,0
      140,71	    0,181915	85,5	    0,182051	84,5
     140,725	    0,181892	86,0	    0,183613	86,6
     140,741	    0,181946	86,2	    0,183989	86,3
     140,757	    0,183124	86,4	      0,1868	87,5
     140,772	    0,183142	87,2	    0,187913	86,7
     140,788	    0,185107	86,9	    0,188069	86,9
     140,804	    0,186845	85,6	    0,188717	86,6
     140,819	    0,187677	86,3	    0,188222	88,0
     140,835	    0,188761	86,2	      0,1894	87,9
      140,85	    0,190486	87,5	    0,192168	90,3
     140,866	     0,19193	88,4	    0,193875	89,9
     140,882	    0,192548	87,4	    0,194367	89,1
     140,897	    0,193713	87,7	    0,193654	88,0
     140,913	    0,194164	88,2	    0,194257	88,0
     140,929	    0,194071	89,3	    0,196241	90,5
     140,944	    0,194976	88,8	    0,197352	91,4
      140,96	    0,196686	88,4	    0,198573	90,8
     140,976	    0,197662	88,5	    0,199835	88,8
     140,991	    0,200115	88,5	    0,199828	90,2
     141,007	    0,200255	89,8	    0,198781	89,5
     141,022	     0,20024	89,9	    0,200351	90,6
     141,038	    0,201759	89,9	    0,201809	90,9
     141,054	     0,20345	90,6	    0,203136	90,5
     141,069	    0,204791	90,2	    0,204488	90,3
     141,085	    0,204569	91,2	    0,204669	89,9
     141,101	    0,206675	91,6	    0,206895	91,5
     141,116	    0,207693	91,3	    0,205935	89,9
     141,132	    0,209572	90,3	    0,207205	93,2
     141,148	    0,209092	92,5	    0,209471	92,9
     141,163	    0,208618	91,5	    0,209127	91,1
     141,179	    0,209993	90,4	    0,208904	91,3
     141,195	    0,212407	91,1	    0,210571	94,3
      141,21	    0,213706	91,7	    0,211663	90,8
     141,226	    0,213494	92,3	    0,213615	91,7
     141,241	    0,213383	91,0	    0,213567	92,9
     141,257	    0,215353	93,2	    0,213842	92,8
     141,273	     0,21622	93,8	    0,215684	93,2
     141,288	    0,216036	90,8	    0,215377	92,7
     141,304	    0,218071	93,3	    0,217484	94,2
      141,32	    0,217835	93,6	    0,217442	93,2
     141,335	    0,219524	93,7	    0,219398	93,4
     141,351	    0,221304	94,6	    0,218683	93,8
     141,367	    0,221704	94,8	     0,22143	94,2
     141,382	    0,221421	93,3	    0,220201	93,5
     141,398	    0,223785	93,8	    0,221835	96,5
     141,413	    0,222448	94,8	     0,22301	94,5
     141,429	    0,225146	95,4	    0,223115	93,5
     141,445	    0,225843	95,5	      0,2252	96,9
      141,46	    0,225132	94,7	    0,225685	94,4
     141,476	    0,226642	92,8	    0,225217	95,9
     141,492	    0,228763	95,4	    0,226757	96,9
     141,507	    0,228277	96,7	    0,228953	96,4
     141,523	    0,229921	95,0	    0,227896	94,8
     141,539	    0,231415	96,1	    0,229795	96,8
     141,554	    0,231553	96,0	     0,23095	94,9
      141,57	    0,231503	96,6	    0,231328	95,5
     141,586	    0,233033	97,4	    0,232216	96,9
     141,601	    0,233362	95,6	     0,23237	97,6
     141,617	    0,234955	97,9	    0,233958	97,9
     141,632	     0,23443	95,1	    0,234876	96,1
     141,648	    0,236949	98,0	     0,23567	97,5
     141,664	    0,236693	96,9	    0,235107	96,3
     141,679	    0,238393	98,1	    0,236263	98,4
     141,695	    0,237581	99,8	     0,23837	98,4
     141,711	    0,238495	96,2	    0,237629	97,7
     141,726	    0,239405	99,5	    0,239776	100,0
     141,742	     0,24139	96,8	    0,238874	96,9
     141,758	    0,241686	100,7	    0,240882	100,0
     141,773	    0,241398	97,6	    0,240565	98,4
     141,789	      0,2433	100,5	    0,242271	99,8
     141,804	    0,242726	97,9	    0,241948	98,8
      141,82	    0,244896	98,4	    0,243918	100,5
     141,836	    0,244234	98,6	    0,244226	98,9
     141,851	    0,246728	99,6	    0,245601	101,9
     141,867	    0,246225	100,2	    0,245592	98,4
     141,883	     0,24765	100,6	      0,2464	100,5
     141,898	    0,247481	101,5	    0,247913	101,0
     141,914	    0,249928	100,4	    0,248237	101,6
      141,93	    0,250034	100,7	    0,248887	100,3
     141,945	    0,250301	99,6	    0,249947	102,0
     141,961	    0,251974	100,1	    0,249879	99,0
     141,977	    0,251795	98,5	    0,250012	103,0
     141,992	    0,253001	100,6	    0,252464	102,1
     142,008	    0,254304	101,7	     0,25216	100,9
     142,023	    0,253911	99,9	    0,252857	102,6
     142,039	    0,256068	100,9	    0,254836	103,3
     142,055	    0,255873	102,6	    0,253926	102,6
      142,07	    0,256619	102,2	     0,25496	103,4
     142,086	    0,257982	100,3	     0,25609	102,8
     142,102	    0,257765	103,1	    0,256488	102,2
     142,117	    0,259027	102,2	    0,256679	103,3
     142,133	    0,258978	102,3	    0,258241	103,0
     142,149	    0,260439	102,2	    0,258767	103,1
     142,164	    0,260784	103,7	    0,260427	104,0
      142,18	    0,261914	103,5	     0,26072	103,2
     142,196	     0,26314	103,6	      0,2615	103,4
     142,211	    0,263401	104,0	    0,262533	103,9
     142,227	    0,264703	103,1	    0,262434	104,0
     142,242	    0,265086	105,7	    0,263478	104,6
     142,258	    0,266826	105,8	    0,264156	104,5
     142,274	    0,266354	103,7	    0,264644	105,1
     142,289	    0,267251	104,7	    0,265735	103,9
     142,305	    0,267796	102,8	    0,266004	105,4
     142,321	    0,269437	104,9	    0,266911	105,3
     142,336	    0,270524	105,8	    0,268137	103,3
     142,352	     0,27072	104,6	    0,268197	105,5
     142,368	    0,270846	106,4	    0,269349	104,1
     142,383	    0,272609	105,5	    0,269827	103,7
     142,399	    0,271603	106,0	    0,269197	106,1
     142,414	    0,272639	105,1	    0,270124	105,8
      142,43	    0,274408	105,9	     0,27288	106,9
     142,446	    0,274519	107,2	    0,272458	105,1
     142,461	    0,276186	106,6	    0,271742	106,1
     142,477	    0,275324	105,0	    0,273439	107,6
     142,493	    0,277025	106,8	    0,274606	108,6
     142,508	     0,27713	107,6	    0,274508	106,1
     142,524	    0,278521	106,5	     0,27431	104,9
      142,54	    0,277958	107,9	     0,27624	108,9
     142,555	    0,278727	106,9	    0,276326	110,0
     142,571	    0,279636	105,7	    0,276414	107,1
     142,587	    0,280451	107,5	    0,274745	112,6
     142,602	    0,280595	107,9	    0,265069	140,8
     142,618	    0,282919	109,2	    0,241228	172,7
     142,633	    0,282126	107,4	    0,218743	190,0
     142,649	    0,282537	108,0	    0,200467	199,1
     142,665	    0,284333	108,8	    0,186548	-155,9
      142,68	    0,284945	108,8	    0,176778	-151,4
     142,696	    0,285144	108,6	    0,168628	-150,9
     142,712	    0,284976	111,0	    0,162803	-149,4
     142,727	    0,285961	109,7	    0,157657	-149,2
     142,743	    0,287462	109,8	    0,152549	-145,8
     142,759	    0,287392	110,5	    0,149324	-148,6
     142,774	    0,288158	111,2	    0,148057	-146,3
      142,79	    0,289479	111,1	    0,146506	-144,8
     142,805	     0,28903	110,1	    0,142653	-145,5
     142,821	    0,290212	108,7	    0,139339	-145,2
     142,837	     0,29053	111,6	    0,135836	-143,0
     142,852	    0,291342	110,6	    0,133817	-143,9
     142,868	    0,292579	110,6	    0,132872	-142,2
     142,884	     0,29375	111,6	    0,130701	-143,1
     142,899	    0,293273	110,1	     0,12806	-142,8
     142,915	    0,293355	110,9	    0,127119	-141,8
     142,931	    0,295786	112,4	     0,12548	-141,2
     142,946	    0,296043	112,0	    0,123998	-141,3
     142,962	     0,29646	113,4	    0,122338	-140,7
     142,978	    0,296464	113,0	    0,119846	-141,0
     142,993	    0,297006	111,9	    0,118607	-141,6
     143,009	    0,297694	112,3	    0,117849	-142,3
     143,024	    0,298919	112,5	    0,116564	-140,8
      143,04	    0,300468	114,2	    0,115436	-140,9
     143,056	    0,301356	114,3	     0,11402	-139,1
     143,071	    0,301729	111,8	     0,11338	-139,3
     143,087	     0,30201	112,8	     0,11176	-139,6
     143,103	    0,302044	111,6	    0,110003	-141,4
     143,118	    0,302063	113,1	    0,109582	-141,2
     143,134	    0,303437	113,6	    0,108679	-138,6
      143,15	    0,304233	113,6	    0,107424	-138,3
     143,165	    0,305517	114,2	    0,106628	-137,9
     143,181	    0,305559	114,8	    0,106293	-137,7
     143,196	    0,306689	114,0	       0,104	-138,4
     143,212	    0,306568	112,9	    0,104677	-138,0
     143,228	    0,307491	113,9	    0,103441	-139,0
     143,243	    0,307731	115,4	    0,101528	-137,6
     143,259	    0,307934	115,1	    0,101083	-137,6
     143,275	    0,308146	115,6	    0,099837	-137,6
      143,29	    0,308265	115,8	   0,0994012	-136,8
     143,306	    0,310217	116,0	   0,0989094	-136,8
     143,322	    0,311356	117,0	    0,097614	-138,2
     143,337	    0,311362	116,7	   0,0964995	-137,3
     143,353	    0,312206	117,3	   0,0968588	-136,4
     143,369	    0,313001	118,2	    0,095611	-136,6
     143,384	    0,314047	118,0	   0,0955014	-134,4
       143,4	    0,314206	117,6	   0,0945771	-135,7
     143,415	    0,314268	119,2	   0,0935072	-134,9
     143,431	    0,314613	119,8	   0,0932027	-135,7
     143,447	    0,315927	117,8	   0,0924086	-135,7
     143,462	    0,315834	118,2	    0,090983	-135,8
     143,478	    0,316304	118,1	   0,0916556	-135,8
     143,494	     0,31763	119,0	   0,0906781	-135,2
     143,509	    0,318001	118,6	   0,0906186	-135,4
     143,525	    0,318838	119,3	   0,0893727	-136,2
     143,541	    0,319831	119,1	   0,0884334	-135,0
     143,556	    0,319878	119,0	   0,0887492	-137,4
     143,572	     0,32084	119,3	    0,087784	-135,5
     143,587	    0,322197	117,6	   0,0869788	-135,7
     143,603	    0,321958	120,0	   0,0871278	-135,8
     143,619	    0,322243	122,7	   0,0859364	-135,8
     143,634	    0,322482	120,7	   0,0848686	-135,9
      143,65	    0,322534	119,8	   0,0843645	-136,2
     143,666	    0,323078	122,8	   0,0844019	-135,4
     143,681	    0,323607	122,7	   0,0834075	-135,7
     143,697	    0,324899	122,5	   0,0824217	-134,1
     143,713	    0,325566	121,0	    0,082506	-133,7
     143,728	    0,325923	120,7	   0,0821212	-135,7
     143,744	    0,325615	120,1	   0,0821832	-136,4
      143,76	     0,32649	122,0	    0,081888	-134,1
     143,775	    0,327248	123,5	   0,0810401	-133,0
     143,791	    0,328375	125,5	    0,080905	-135,6
     143,806	     0,32936	125,6	    0,081005	-133,6
     143,822	    0,330079	124,2	   0,0802135	-134,2
     143,838	    0,330466	126,0	   0,0790364	-136,0
     143,853	    0,330373	126,3	   0,0785077	-135,6
     143,869	    0,330814	123,8	   0,0784424	-135,1
     143,885	    0,330476	124,4	   0,0786139	-135,2
       143,9	    0,330929	125,2	   0,0769224	-135,6
     143,916	    0,332576	124,2	   0,0773356	-133,2
     143,932	    0,333954	125,8	   0,0773127	-133,8
     143,947	    0,334876	126,5	   0,0761989	-132,7
     143,963	    0,334609	126,3	    0,075523	-135,0
     143,979	    0,334701	126,3	   0,0751456	-133,2
     143,994	    0,334578	125,3	   0,0751155	-133,9
      144,01	    0,335878	125,6	   0,0745252	-133,1
     144,025	    0,336836	126,3	   0,0741241	-132,6
     144,041	    0,337825	126,7	   0,0736555	-132,7
     144,057	    0,337835	129,4	   0,0732742	-132,8
     144,072	    0,337453	128,1	   0,0726339	-135,6
     144,088	    0,338045	127,2	   0,0723758	-134,5
     144,104	    0,338202	125,8	   0,0725662	-132,5
     144,119	    0,339248	128,8	   0,0723897	-131,2
     144,135	    0,340949	127,6	    0,071608	-131,2
     144,151	    0,340321	129,4	   0,0711557	-134,7
     144,166	    0,340655	130,3	   0,0704411	-134,2
     144,182	    0,341191	128,1	   0,0702991	-132,8
     144,197	    0,342453	128,4	   0,0701748	-131,0
     144,213	    0,342549	132,2	   0,0696921	-132,7
     144,229	    0,342806	132,2	   0,0690719	-131,8
     144,244	    0,343061	131,4	   0,0689047	-133,3
      144,26	     0,34369	128,9	   0,0689248	-134,3
     144,276	     0,34481	131,6	   0,0686601	-132,7
     144,291	    0,345736	132,7	   0,0679415	-131,5
     144,307	    0,345151	130,9	   0,0673564	-132,3
     144,323	    0,345586	132,2	   0,0682675	-133,5
     144,338	    0,347287	133,5	   0,0676319	-132,7
     144,354	    0,347624	133,9	   0,0664928	-131,2
      144,37	    0,347198	132,1	    0,066727	-133,1
     144,385	    0,347485	133,5	   0,0662172	-132,9
     144,401	    0,348749	136,0	   0,0650909	-131,2
     144,416	    0,349419	136,4	   0,0658418	-133,3
     144,432	    0,348321	134,6	   0,0648543	-132,7
     144,448	    0,350181	135,9	   0,0649227	-130,7
     144,463	    0,350625	137,3	   0,0644605	-131,7
     144,479	    0,350142	138,1	   0,0640767	-133,6
     144,495	    0,351318	136,1	   0,0644252	-132,3
      144,51	    0,351828	138,4	   0,0629907	-130,8
     144,526	    0,351919	136,0	   0,0635575	-132,4
     144,542	    0,352579	136,4	   0,0634499	-131,9
     144,557	    0,353919	140,0	   0,0623501	-130,3
     144,573	    0,353148	137,3	   0,0627502	-132,1
     144,588	    0,353489	139,6	    0,062166	-133,5
     144,604	    0,354997	139,8	   0,0618167	-130,3
      144,62	    0,353571	140,4	   0,0612169	-131,5
     144,635	    0,354747	141,7	   0,0616718	-132,3
     144,651	     0,35534	143,1	   0,0612667	-131,1
     144,667	    0,354756	140,6	   0,0609291	-132,4
     144,682	    0,357104	141,3	   0,0606263	-131,7
     144,698	    0,356709	144,0	   0,0602881	-130,9
     144,714	    0,356025	144,1	    0,060558	-131,9
     144,729	    0,357729	146,2	   0,0595716	-131,7
     144,745	    0,356408	146,5	   0,0595464	-133,5
     144,761	    0,357042	145,7	   0,0595772	-130,9
     144,776	    0,358542	148,5	   0,0585132	-130,6
     144,792	    0,357017	149,5	   0,0592945	-131,1
     144,807	    0,359167	150,4	   0,0588163	-131,7
     144,823	    0,357331	151,9	   0,0584781	-130,7
     144,839	    0,357617	154,4	   0,0585296	-131,9
     144,854	    0,356843	155,4	   0,0577259	-130,5
      144,87	    0,355458	159,3	   0,0581333	-132,5
     144,886	    0,355198	165,3	   0,0570897	-131,8
     144,901	    0,350271	170,2	    0,056943	-129,7
     144,917	     0,34161	184,0	   0,0564993	-130,5
     144,933	    0,297413	-148,5	   0,0568562	-132,3
     144,948	   0,0462132	126,4	   0,0565225	-131,5
     144,964	   0,0267632	-149,9	   0,0563205	-132,2
     144,979	   0,0452464	-137,8	   0,0557391	-131,8
     144,995	   0,0502321	-131,9	   0,0555808	-129,1
     145,011	   0,0518942	-132,5	   0,0553719	-129,3
     145,026	   0,0519351	-130,6	   0,0549056	-131,9
     145,042	   0,0519463	-132,3	   0,0546072	-129,8
     145,058	   0,0522607	-130,6	   0,0549518	-131,2
     145,073	   0,0516448	-130,1	   0,0547889	-131,2
     145,089	   0,0519787	-132,2	   0,0541672	-130,8
     145,105	   0,0515697	-129,8	   0,0539984	-129,8
      145,12	   0,0513059	-129,3	   0,0538446	-130,3
     145,136	   0,0511961	-132,1	   0,0540574	-129,5
     145,152	   0,0513152	-131,3	   0,0539066	-131,0
     145,167	   0,0508263	-130,9	   0,0529218	-130,7
     145,183	   0,0502605	-129,3	   0,0536494	-131,2
     145,198	   0,0506959	-130,5	   0,0525194	-131,1
     145,214	   0,0498253	-130,8	   0,0529375	-129,3
      145,23	   0,0504756	-130,3	   0,0518769	-131,4
     145,245	   0,0495474	-129,3	   0,0524107	-130,4
     145,261	   0,0499092	-131,6	    0,052105	-131,7
     145,277	   0,0489131	-129,7	   0,0519857	-130,4
     145,292	   0,0496603	-131,7	   0,0518705	-128,9
     145,308	   0,0489194	-128,9	   0,0512249	-130,7
     145,324	   0,0488693	-130,9	   0,0513947	-129,2
     145,339	   0,0490956	-128,2	   0,0508711	-131,7
     145,355	    0,048822	-131,0	   0,0507908	-129,2
      145,37	    0,048772	-130,7	    0,050762	-131,2
     145,386	   0,0481602	-131,5	   0,0499497	-131,8
     145,402	   0,0481942	-130,8	   0,0511001	-131,8
     145,417	   0,0485903	-130,5	   0,0498993	-128,1
     145,433	   0,0476727	-128,2	   0,0500747	-129,9
     145,449	   0,0485092	-129,6	   0,0501116	-130,5
     145,464	   0,0476825	-129,7	   0,0490233	-130,5
      145,48	    0,047344	-131,4	   0,0499972	-130,1
     145,496	   0,0480081	-128,8	   0,0493702	-130,0
     145,511	   0,0472792	-130,5	   0,0485943	-129,0
     145,527	   0,0468639	-130,1	    0,049324	-131,6
     145,543	   0,0474482	-129,7	   0,0487351	-131,5
     145,558	   0,0462102	-128,5	   0,0475561	-130,1
     145,574	     0,04641	-130,9	   0,0482852	-128,5
     145,589	   0,0469414	-131,7	   0,0479268	-132,9
     145,605	   0,0463601	-127,9	    0,047996	-129,2
     145,621	   0,0458377	-130,4	    0,048106	-128,5
     145,636	   0,0463507	-128,9	   0,0478787	-132,6
     145,652	   0,0458156	-128,3	   0,0472021	-129,7
     145,668	   0,0460623	-131,2	   0,0478426	-130,8
     145,683	   0,0461753	-129,6	   0,0476988	-131,0
     145,699	   0,0456507	-127,6	   0,0466748	-128,6
     145,715	   0,0455003	-130,5	   0,0472994	-131,0
      145,73	   0,0457435	-129,6	   0,0474038	-130,4
     145,746	   0,0458051	-128,5	   0,0464295	-128,9
     145,761	   0,0444678	-131,1	   0,0459404	-127,8
     145,777	   0,0449082	-129,7	   0,0467607	-131,9
     145,793	   0,0454571	-130,2	   0,0465882	-130,9
     145,808	    0,044874	-128,0	   0,0455292	-129,4
     145,824	   0,0441897	-131,4	   0,0459416	-127,8
      145,84	   0,0443323	-129,7	   0,0463819	-130,0
     145,855	    0,044293	-128,3	    0,046101	-130,9
     145,871	   0,0441272	-129,4	   0,0451986	-127,9
     145,887	   0,0433093	-127,9	   0,0452501	-130,5
     145,902	   0,0437594	-131,0	   0,0457296	-127,7
     145,918	    0,044338	-129,7	   0,0456421	-129,5
     145,934	   0,0443227	-129,9	   0,0443809	-131,1
     145,949	   0,0430446	-128,6	   0,0446855	-127,6
     145,965	   0,0428027	-128,5	   0,0449325	-128,5
      145,98	   0,0438959	-128,6	   0,0444907	-130,3
     145,996	   0,0438549	-128,2	   0,0443657	-130,3
     146,012	   0,0427181	-127,2	   0,0436251	-129,8
     146,027	   0,0422634	-130,2	   0,0437823	-128,1
     146,043	   0,0423919	-130,6	   0,0444358	-128,7
     146,059	   0,0432366	-129,0	   0,0443137	-129,6
     146,074	   0,0430313	-130,1	   0,0435353	-131,2
      146,09	   0,0415849	-128,3	   0,0429439	-128,8
     146,106	   0,0417534	-130,1	   0,0434833	-128,8
     146,121	   0,0415582	-132,4	   0,0435851	-130,2
     146,137	   0,0424511	-127,5	   0,0440625	-128,7
     146,152	   0,0421208	-128,0	   0,0426727	-129,9
     146,168	   0,0418732	-128,8	   0,0424847	-129,2
     146,184	   0,0415978	-127,4	    0,042483	-128,3
     146,199	   0,0412143	-129,7	   0,0423517	-128,8
     146,215	   0,0406973	-128,8	   0,0433638	-129,7
     146,231	   0,0412922	-131,2	   0,0428662	-128,7
     146,246	   0,0416646	-129,2	   0,0426323	-130,8
     146,262	   0,0417791	-128,5	   0,0417373	-130,2
     146,278	   0,0411997	-128,1	    0,041355	-130,8
     146,293	   0,0409236	-127,7	   0,0416548	-129,8
     146,309	   0,0405107	-130,6	   0,0414996	-130,5
     146,325	   0,0397739	-128,9	   0,0415369	-128,3
      146,34	   0,0401121	-127,0	     0,04182	-130,0
     146,356	   0,0401093	-128,4	   0,0419686	-128,0
     146,371	   0,0402228	-127,5	    0,041821	-128,8
     146,387	   0,0405795	-132,0	   0,0410097	-130,9
     146,403	   0,0404311	-129,0	   0,0406254	-129,5
     146,418	   0,0404897	-128,4	   0,0406369	-128,5
     146,434	   0,0402252	-128,2	   0,0399302	-127,0
      146,45	   0,0399972	-126,6	    0,039953	-129,0
     146,465	    0,039295	-129,5	   0,0400328	-129,5
     146,481	   0,0389898	-130,1	   0,0406527	-127,6
     146,497	   0,0390465	-129,1	    0,040498	-127,7
     146,512	   0,0385751	-128,8	   0,0407453	-127,0
     146,528	   0,0384667	-129,2	   0,0401678	-128,1
     146,544	   0,0385974	-131,4	   0,0404953	-129,2
     146,559	   0,0387404	-129,9	   0,0405096	-128,3
     146,575	   0,0388975	-131,2	    0,040238	-128,7
      146,59	   0,0386835	-129,4	     0,04013	-128,6
     146,606	   0,0384247	-130,5	   0,0398042	-127,6
     146,622	   0,0384037	-130,4	   0,0394899	-130,5
     146,637	   0,0382883	-130,2	   0,0394419	-129,1
     146,653	   0,0384493	-129,1	   0,0395707	-128,0
     146,669	   0,0383316	-127,8	   0,0395403	-129,5
     146,684	   0,0384064	-129,0	   0,0387531	-129,2
       146,7	   0,0381492	-130,0	   0,0392312	-128,2
     146,716	   0,0377597	-128,7	   0,0393166	-129,5
     146,731	   0,0379514	-130,8	   0,0388844	-128,8
     146,747	   0,0378957	-129,2	   0,0390156	-128,6
     146,762	   0,0375826	-128,8	   0,0386802	-127,3
     146,778	   0,0375325	-128,4	   0,0390218	-128,1
     146,794	   0,0373342	-128,3	   0,0382573	-127,3
     146,809	   0,0368813	-130,9	   0,0381483	-127,1
     146,825	   0,0368759	-127,8	   0,0380114	-126,5
     146,841	   0,0369629	-127,4	   0,0382644	-127,8
     146,856	   0,0366081	-129,8	    0,037666	-126,7
     146,872	   0,0366514	-129,4	   0,0372518	-127,6
     146,888	   0,0360475	-128,6	   0,0372738	-128,6
     146,903	   0,0363017	-128,9	   0,0370572	-130,0
     146,919	   0,0360781	-128,1	   0,0368957	-128,2
     146,935	   0,0364118	-129,3	   0,0371928	-130,2
      146,95	   0,0359965	-127,9	   0,0371257	-129,4
     146,966	   0,0366525	-127,2	   0,0373789	-130,2
     146,981	   0,0363344	-128,2	   0,0371331	-128,5
     146,997	   0,0363504	-127,8	    0,037332	-127,3
     147,013	   0,0365158	-130,1	   0,0372797	-127,5
     147,028	   0,0363833	-129,0	   0,0367042	-127,1
     147,044	   0,0357179	-127,6	   0,0365056	-127,9
      147,06	   0,0355047	-130,1	   0,0360931	-127,6
     147,075	   0,0352741	-128,3	   0,0362642	-128,0
     147,091	   0,0349693	-130,9	   0,0368585	-128,7
     147,107	   0,0349728	-128,6	   0,0362147	-129,5
     147,122	   0,0355096	-127,6	   0,0366166	-130,4
     147,138	   0,0356291	-127,4	   0,0362625	-128,5
     147,153	   0,0356153	-129,5	   0,0356127	-129,0
     147,169	   0,0348782	-129,0	   0,0355755	-128,5
     147,185	   0,0348739	-129,3	   0,0357077	-130,3
       147,2	   0,0346917	-130,5	   0,0362288	-129,0
     147,216	   0,0346291	-127,0	   0,0356984	-127,4
     147,232	   0,0345873	-127,5	   0,0356074	-127,4
     147,247	   0,0353701	-129,0	   0,0353726	-127,6
     147,263	   0,0339618	-128,6	    0,035146	-128,8
     147,279	   0,0344803	-127,6	   0,0349948	-128,8
     147,294	   0,0342593	-127,7	   0,0356707	-128,3
      147,31	   0,0342057	-129,1	   0,0350931	-129,6
     147,326	   0,0348486	-127,8	   0,0347944	-128,0
     147,341	   0,0339662	-127,1	   0,0349248	-126,0
     147,357	   0,0340057	-127,9	   0,0348424	-130,0
     147,372	   0,0340339	-128,0	   0,0358736	-128,3
     147,388	   0,0345021	-127,7	   0,0344971	-126,7
     147,404	   0,0341834	-127,8	   0,0342853	-127,3
     147,419	   0,0338268	-130,0	   0,0343223	-129,3
     147,435	   0,0332614	-128,5	   0,0343404	-126,8
     147,451	   0,0337653	-128,2	   0,0343207	-127,4
     147,466	   0,0340706	-128,8	   0,0338429	-128,3
     147,482	    0,033488	-126,9	   0,0342428	-129,9
     147,498	   0,0333961	-127,7	     0,03449	-128,1
     147,513	   0,0332139	-127,9	   0,0341282	-128,5
     147,529	   0,0334599	-128,8	   0,0334563	-129,0
     147,544	   0,0330141	-128,4	   0,0340587	-128,5
      147,56	   0,0328913	-128,4	   0,0338876	-126,7
     147,576	   0,0333899	-128,0	   0,0333097	-127,8
     147,591	   0,0329096	-128,4	   0,0336273	-130,6
     147,607	   0,0323293	-128,8	    0,033899	-125,8
     147,623	   0,0330346	-126,9	   0,0332843	-128,2
     147,638	   0,0329563	-129,5	    0,032998	-127,9
     147,654	   0,0323725	-127,4	   0,0338812	-128,2
      147,67	   0,0324218	-129,1	   0,0329187	-128,4
     147,685	    0,033009	-126,6	   0,0329608	-127,4
     147,701	   0,0323586	-126,4	   0,0331273	-127,3
     147,717	   0,0321911	-128,3	    0,032733	-129,5
     147,732	   0,0329882	-127,8	   0,0327267	-127,3
     147,748	   0,0323736	-130,6	    0,033215	-127,5
     147,763	   0,0321806	-128,4	   0,0325466	-129,0
     147,779	   0,0323633	-126,5	   0,0326412	-126,5
     147,795	   0,0320317	-127,9	   0,0329166	-126,8
      147,81	   0,0320282	-128,6	   0,0321325	-129,4
     147,826	   0,0324612	-128,6	   0,0324292	-128,7
     147,842	   0,0312338	-128,9	   0,0326296	-125,6
     147,857	   0,0316837	-128,6	   0,0324247	-128,8
     147,873	   0,0322799	-129,0	   0,0325032	-129,6
     147,889	   0,0314861	-126,3	   0,0319569	-129,5
     147,904	    0,031877	-129,1	   0,0319197	-127,6
      147,92	   0,0312821	-127,0	    0,032576	-129,5
     147,935	   0,0315124	-128,7	   0,0313183	-129,4
     147,951	   0,0317291	-129,9	   0,0321295	-129,3
     147,967	   0,0307732	-127,1	   0,0315472	-127,6
     147,982	   0,0314695	-126,5	   0,0312914	-128,0
     147,998	    0,030909	-128,1	   0,0318852	-128,4
     148,014	   0,0312284	-126,0	   0,0312425	-127,6
     148,029	   0,0309779	-128,2	   0,0319711	-127,6
     148,045	   0,0308944	-128,2	   0,0312982	-126,7
     148,061	   0,0312661	-129,8	   0,0314241	-127,4
     148,076	   0,0303166	-126,4	   0,0314255	-126,2
     148,092	    0,031333	-127,5	   0,0308652	-126,6
     148,108	   0,0305399	-126,9	   0,0310586	-131,0
     148,123	   0,0309371	-129,9	   0,0309572	-129,3
     148,139	   0,0306734	-125,9	   0,0313046	-128,5
     148,154	   0,0308173	-128,7	   0,0310666	-127,9
      148,17	   0,0304967	-126,7	   0,0311769	-129,4
     148,186	   0,0307174	-129,3	   0,0305086	-127,8
     148,201	    0,030196	-128,3	   0,0308549	-127,9
     148,217	   0,0306066	-128,5	   0,0307335	-127,1
     148,233	    0,029997	-128,3	   0,0309419	-128,8
     148,248	   0,0304211	-126,6	   0,0302171	-128,0
     148,264	    0,030634	-129,0	   0,0306821	-127,8
      148,28	   0,0300457	-126,8	   0,0302061	-128,4
     148,295	   0,0304768	-128,9	   0,0305263	-128,1
     148,311	   0,0301925	-128,1	   0,0298295	-127,6
     148,326	   0,0296665	-127,7	   0,0304678	-128,6
     148,342	   0,0299452	-126,0	   0,0297382	-127,4
     148,358	    0,029724	-128,2	   0,0300687	-126,6
     148,373	   0,0300127	-129,8	   0,0300675	-126,8
     148,389	   0,0293497	-126,3	   0,0298947	-130,3
     148,405	   0,0299196	-128,1	   0,0294925	-130,6
      148,42	   0,0294054	-127,7	   0,0294338	-127,9
     148,436	   0,0298579	-126,4	   0,0301281	-125,8
     148,452	   0,0289182	-126,8	   0,0293466	-130,4
     148,467	   0,0295809	-127,3	   0,0300628	-127,9
     148,483	    0,029043	-129,8	   0,0290958	-127,0
     148,499	   0,0291789	-127,8	   0,0295334	-127,5
     148,514	   0,0293787	-125,3	   0,0297825	-127,0
      148,53	   0,0287176	-129,8	   0,0292323	-129,5
     148,545	   0,0292478	-128,2	   0,0298446	-127,2
     148,561	   0,0287683	-126,7	    0,029174	-128,7
     148,577	    0,029087	-129,9	   0,0291713	-126,6
     148,592	   0,0287204	-127,9	   0,0289411	-127,3
     148,608	    0,028323	-128,3	    0,029071	-126,7
     148,624	   0,0289393	-127,8	   0,0292279	-128,6
     148,639	   0,0285329	-127,1	   0,0285528	-127,9
     148,655	   0,0286206	-125,7	   0,0289481	-129,0
     148,671	     0,02873	-126,3	   0,0293693	-127,2
     148,686	   0,0282587	-128,9	   0,0283484	-127,4
     148,702	    0,028506	-128,2	   0,0286843	-126,9
     148,717	   0,0281008	-127,8	   0,0284414	-128,5
     148,733	   0,0285919	-127,1	   0,0284699	-127,2
     148,749	   0,0287015	-128,4	    0,028555	-127,3
     148,764	   0,0280301	-126,5	   0,0288186	-125,6
      148,78	   0,0280798	-126,9	   0,0282158	-126,1
     148,796	   0,0283478	-126,6	   0,0285516	-128,8
     148,811	   0,0278569	-128,8	   0,0287075	-126,9
     148,827	   0,0277032	-130,1	   0,0282362	-129,7
     148,843	   0,0282881	-126,7	   0,0282848	-125,9
     148,858	   0,0274575	-127,3	   0,0283794	-127,6
     148,874	   0,0278009	-129,1	   0,0276772	-128,9
      148,89	   0,0281375	-128,3	    0,027825	-126,9
     148,905	   0,0279877	-126,9	   0,0283942	-127,3
     148,921	    0,027273	-126,2	   0,0280457	-127,7
     148,936	   0,0280526	-129,4	   0,0277712	-127,6
     148,952	   0,0276518	-126,8	   0,0280072	-126,2
     148,968	   0,0271449	-126,2	   0,0278024	-128,2
     148,983	   0,0275219	-125,1	   0,0278163	-128,4
     148,999	   0,0277102	-127,8	   0,0275716	-126,7
     149,015	   0,0272975	-128,1	   0,0277032	-127,3
      149,03	   0,0267713	-126,9	   0,0280088	-129,0
     149,046	   0,0272581	-129,2	    0,027557	-129,6
     149,062	    0,027096	-127,6	   0,0270289	-128,1
     149,077	   0,0272571	-130,4	   0,0273343	-126,6
     149,093	   0,0270342	-128,4	   0,0279322	-128,7
     149,109	   0,0274036	-125,6	   0,0275173	-126,5
     149,124	   0,0274384	-127,4	   0,0273124	-127,1
      149,14	   0,0269266	-129,5	   0,0269285	-129,3
     149,155	   0,0268407	-127,8	   0,0272881	-127,0
     149,171	   0,0269256	-128,9	   0,0272019	-129,5
     149,187	   0,0271541	-127,0	   0,0271149	-127,6
     149,202	   0,0269439	-126,3	   0,0269717	-126,7
     149,218	   0,0264671	-125,5	   0,0267179	-126,7
     149,234	   0,0268943	-128,2	   0,0270129	-127,8
     149,249	   0,0268845	-128,4	   0,0272492	-127,9
     149,265	   0,0266408	-126,7	   0,0270558	-127,9
     149,281	   0,0266897	-126,1	   0,0266746	-129,5
     149,296	   0,0265301	-128,1	   0,0266043	-127,3
     149,312	   0,0263193	-128,5	   0,0263303	-127,4
     149,327	   0,0263887	-128,7	   0,0267597	-127,1
     149,343	   0,0264311	-125,6	   0,0266517	-127,6
     149,359	   0,0262215	-126,0	   0,0270061	-126,4
     149,374	   0,0266113	-126,0	   0,0267238	-127,7
      149,39	   0,0262246	-125,7	   0,0266503	-127,1
     149,406	    0,026051	-125,6	   0,0261344	-126,7
     149,421	   0,0257943	-128,2	   0,0262985	-128,4
     149,437	   0,0265144	-125,7	   0,0263542	-125,7
     149,453	    0,026375	-126,6	   0,0265054	-125,5
     149,468	   0,0264125	-127,2	   0,0257957	-128,2
     149,484	   0,0264349	-127,7	   0,0261792	-128,2
       149,5	   0,0261693	-127,3	   0,0261818	-129,4
     149,515	   0,0257692	-126,1	   0,0260234	-128,2
     149,531	   0,0258693	-127,2	    0,025994	-127,1
     149,546	   0,0258979	-128,4	   0,0259755	-128,5
     149,562	   0,0257578	-126,9	   0,0260267	-127,8
     149,578	   0,0257841	-129,4	   0,0256542	-127,5
     149,593	   0,0258624	-126,7	   0,0256484	-126,8
     149,609	   0,0253229	-128,5	   0,0258589	-127,9
     149,625	   0,0259024	-127,5	   0,0257831	-129,1
      149,64	   0,0256989	-126,8	   0,0262348	-127,8
     149,656	   0,0255835	-126,2	   0,0255443	-128,0
     149,672	   0,0256698	-126,1	   0,0256452	-126,6
     149,687	   0,0251389	-126,4	   0,0258891	-127,8
     149,703	   0,0259185	-128,8	    0,025243	-127,7
     149,718	   0,0251509	-127,1	    0,025436	-126,4
     149,734	   0,0252997	-126,3	   0,0255256	-128,4
      149,75	   0,0254104	-126,4	   0,0251092	-128,7
     149,765	   0,0252656	-128,2	   0,0253539	-126,8
     149,781	   0,0249047	-129,4	    0,025529	-126,8
     149,797	   0,0252765	-128,2	   0,0254187	-128,7
     149,812	   0,0249451	-126,9	   0,0251702	-128,5
     149,828	   0,0248586	-128,2	   0,0250204	-128,8
     149,844	   0,0251476	-128,4	    0,025191	-127,1
     149,859	   0,0250139	-126,7	   0,0250843	-126,7
     149,875	    0,025152	-127,0	   0,0249949	-125,9
     149,891	   0,0249444	-126,6	   0,0248991	-128,0
     149,906	   0,0247162	-125,2	   0,0249161	-127,9
     149,922	   0,0249961	-126,1	   0,0248376	-126,1
     149,937	   0,0250521	-127,2	   0,0247879	-126,9
     149,953	   0,0245211	-127,6	    0,024636	-126,7
     149,969	   0,0243813	-127,6	   0,0246087	-128,0
     149,984	   0,0247893	-126,5	   0,0249006	-126,4
         150	   0,0246071	-125,6	   0,0247474	-126,3

