X-Data [Hz]	Laser (M - Filtered) [m/s]	Phase [Deg]	Laser (M - Filtered) [m/s]	Phase [Deg]	
	003: [06-29-24 14:44]		004: [06-29-24 14:50]	
         134	   0,0275936	62,8	    0,030591	60,4
     134,016	   0,0304173	61,6	   0,0312832	59,6
     134,031	   0,0307756	61,5	    0,031041	60,1
     134,047	   0,0311653	61,6	   0,0316184	59,3
     134,063	   0,0314405	60,3	   0,0318601	61,1
     134,078	   0,0311119	60,5	   0,0319326	59,3
     134,094	   0,0311824	60,4	   0,0319587	60,9
     134,109	   0,0316501	60,5	   0,0318726	60,8
     134,125	   0,0315782	61,0	   0,0317538	59,9
     134,141	   0,0317463	61,3	   0,0319385	59,5
     134,156	   0,0315864	61,8	   0,0318629	59,3
     134,172	   0,0321324	60,0	   0,0316334	60,2
     134,188	   0,0320247	58,7	   0,0320657	59,0
     134,203	   0,0314121	59,5	    0,031947	60,5
     134,219	   0,0322765	59,2	    0,032177	60,7
     134,235	   0,0318856	59,7	   0,0319082	60,5
      134,25	   0,0320243	61,5	   0,0324564	59,8
     134,266	   0,0318587	60,1	   0,0326041	60,9
     134,282	   0,0324461	60,9	   0,0322714	61,2
     134,297	   0,0324788	59,4	   0,0325038	62,0
     134,313	   0,0325694	58,8	   0,0331394	59,5
     134,328	   0,0322578	60,2	   0,0327485	58,5
     134,344	   0,0323998	61,0	   0,0332909	59,5
      134,36	   0,0331864	61,4	   0,0329386	60,8
     134,375	   0,0327122	60,5	   0,0326876	62,2
     134,391	   0,0326427	60,8	   0,0330909	61,6
     134,407	   0,0329927	60,9	   0,0333277	60,4
     134,422	   0,0333709	60,5	   0,0335633	61,6
     134,438	   0,0334897	59,6	   0,0337482	61,8
     134,454	   0,0332174	61,0	   0,0336767	59,6
     134,469	   0,0333833	62,2	   0,0336119	58,5
     134,485	   0,0332602	60,7	   0,0336978	61,9
       134,5	   0,0335131	60,5	   0,0342519	62,1
     134,516	   0,0336915	59,6	   0,0337848	62,4
     134,532	   0,0340665	59,6	   0,0342186	61,6
     134,547	   0,0334787	61,5	   0,0341006	59,0
     134,563	   0,0337286	61,6	   0,0346154	59,3
     134,579	   0,0337075	60,8	   0,0342632	60,6
     134,594	   0,0338121	60,7	   0,0341897	60,3
      134,61	   0,0344751	61,7	   0,0348404	61,8
     134,626	   0,0343816	61,7	   0,0349058	60,3
     134,641	   0,0343985	60,3	   0,0353122	60,0
     134,657	   0,0344799	59,5	   0,0347824	60,7
     134,673	   0,0344252	59,0	   0,0344923	61,3
     134,688	   0,0346295	60,1	   0,0352607	60,5
     134,704	   0,0348696	61,6	   0,0354838	61,6
     134,719	   0,0345441	60,7	   0,0352375	59,8
     134,735	   0,0348706	59,6	   0,0355505	61,5
     134,751	   0,0352098	59,7	   0,0355429	61,8
     134,766	    0,034748	60,7	   0,0355648	60,4
     134,782	   0,0349838	61,4	   0,0357266	60,5
     134,798	   0,0355829	61,1	   0,0352883	62,0
     134,813	   0,0352434	60,9	   0,0355785	62,6
     134,829	   0,0349606	62,1	   0,0354375	58,4
     134,845	   0,0357154	60,0	   0,0358833	59,2
      134,86	   0,0357485	60,4	   0,0362808	61,8
     134,876	   0,0356376	61,3	   0,0362315	60,9
     134,891	   0,0357868	60,2	   0,0367977	61,3
     134,907	    0,035873	60,6	   0,0364007	60,5
     134,923	   0,0361808	62,5	   0,0364217	61,3
     134,938	   0,0360603	61,8	   0,0363673	61,3
     134,954	   0,0362708	60,9	   0,0366916	59,5
      134,97	   0,0365699	60,5	   0,0367527	60,2
     134,985	   0,0362698	60,8	   0,0368175	63,3
     135,001	   0,0367055	60,9	   0,0373721	60,3
     135,017	   0,0364268	61,4	   0,0370738	60,3
     135,032	    0,036942	62,0	   0,0370481	63,4
     135,048	   0,0370338	58,9	   0,0369449	59,0
     135,064	   0,0368062	61,6	   0,0371467	61,1
     135,079	   0,0370486	59,0	   0,0372824	59,6
     135,095	   0,0368452	61,1	   0,0378151	60,8
      135,11	   0,0367087	61,2	   0,0377705	61,4
     135,126	   0,0373415	60,5	    0,038019	61,7
     135,142	   0,0375768	61,0	   0,0382586	60,1
     135,157	   0,0376548	59,5	   0,0376526	60,2
     135,173	   0,0375153	60,4	   0,0384565	61,9
     135,189	   0,0376226	61,2	   0,0384167	60,7
     135,204	   0,0377625	61,7	   0,0385652	61,6
      135,22	    0,037848	61,8	   0,0387456	62,2
     135,236	   0,0380778	61,4	   0,0383361	61,1
     135,251	   0,0386182	60,0	   0,0387619	62,0
     135,267	   0,0379093	62,9	   0,0390526	61,1
     135,283	   0,0386792	60,0	   0,0388738	62,1
     135,298	   0,0384831	62,7	   0,0392961	62,1
     135,314	   0,0390126	60,6	   0,0394478	61,6
     135,329	   0,0386742	60,0	     0,03939	62,1
     135,345	   0,0390084	59,8	   0,0394106	60,3
     135,361	   0,0387971	61,1	   0,0395559	62,9
     135,376	    0,039289	60,4	    0,039734	60,0
     135,392	    0,039427	59,7	   0,0396212	62,0
     135,408	   0,0394185	63,1	   0,0394818	60,9
     135,423	   0,0391906	60,4	   0,0400356	61,4
     135,439	    0,039278	63,5	   0,0397274	61,3
     135,455	   0,0396654	60,6	    0,040366	60,3
      135,47	    0,039519	61,6	   0,0405597	62,4
     135,486	   0,0405447	61,1	   0,0405666	60,5
     135,501	   0,0398926	62,1	   0,0404543	62,1
     135,517	   0,0405107	62,0	    0,041077	60,8
     135,533	   0,0399643	61,4	   0,0407081	63,3
     135,548	   0,0402229	60,5	   0,0417758	60,2
     135,564	   0,0407734	62,6	   0,0409924	61,9
      135,58	   0,0406343	61,6	   0,0411578	61,0
     135,595	   0,0409722	60,8	   0,0412195	61,3
     135,611	   0,0405722	60,3	   0,0413674	61,7
     135,627	   0,0410421	60,2	   0,0414074	61,8
     135,642	   0,0409316	62,4	   0,0420099	61,5
     135,658	   0,0410062	62,8	    0,041612	62,4
     135,674	   0,0412517	62,4	   0,0417039	61,0
     135,689	   0,0417019	60,3	   0,0419249	61,0
     135,705	    0,041167	62,7	   0,0419997	59,7
      135,72	   0,0417556	61,2	   0,0421778	62,6
     135,736	   0,0420892	62,9	   0,0423097	60,3
     135,752	   0,0423478	60,7	   0,0419085	64,1
     135,767	   0,0424696	61,9	    0,042825	61,9
     135,783	   0,0425924	62,6	   0,0430751	61,7
     135,799	    0,042256	61,5	   0,0430815	61,5
     135,814	   0,0424251	62,5	   0,0431564	61,5
      135,83	   0,0430265	61,3	   0,0432491	64,0
     135,846	   0,0428717	61,6	    0,043507	61,7
     135,861	   0,0428925	62,6	   0,0433616	62,6
     135,877	   0,0430099	60,8	   0,0437821	62,4
     135,892	   0,0429466	63,3	   0,0426075	63,4
     135,908	   0,0434634	61,9	   0,0432765	63,2
     135,924	   0,0432651	60,7	   0,0439133	60,6
     135,939	   0,0438233	63,7	    0,043806	63,2
     135,955	   0,0435174	60,8	   0,0443959	61,0
     135,971	   0,0440813	61,1	   0,0442249	61,4
     135,986	   0,0438961	62,9	   0,0439237	63,0
     136,002	   0,0442085	62,3	   0,0451069	61,5
     136,018	   0,0444444	61,4	   0,0451113	61,0
     136,033	   0,0443972	62,4	   0,0446694	62,4
     136,049	   0,0445881	61,4	   0,0450916	60,5
     136,065	   0,0447674	61,7	   0,0448325	62,9
      136,08	   0,0445179	62,9	   0,0450554	62,6
     136,096	   0,0446804	61,9	   0,0456882	60,4
     136,111	   0,0454175	61,2	   0,0452592	62,3
     136,127	   0,0445972	62,9	    0,045664	62,9
     136,143	   0,0452999	62,4	   0,0463108	61,1
     136,158	   0,0461256	60,7	   0,0462607	63,5
     136,174	   0,0453938	63,8	   0,0465105	60,6
      136,19	   0,0457137	62,6	     0,04608	61,3
     136,205	   0,0456329	62,6	   0,0467452	62,2
     136,221	   0,0460874	60,9	   0,0467421	61,4
     136,237	   0,0462749	62,8	   0,0464171	62,1
     136,252	   0,0464747	63,1	   0,0466356	63,6
     136,268	   0,0463594	62,4	   0,0465813	62,7
     136,283	    0,046798	61,8	    0,047348	62,2
     136,299	   0,0465104	63,1	   0,0472696	63,2
     136,315	   0,0466212	63,2	   0,0475629	63,1
      136,33	   0,0472941	61,5	   0,0477527	62,2
     136,346	   0,0469948	64,1	   0,0477309	61,4
     136,362	   0,0471182	64,1	   0,0479305	62,9
     136,377	    0,047788	62,2	   0,0481073	63,4
     136,393	    0,047764	63,3	   0,0486752	62,1
     136,409	   0,0479702	62,2	   0,0482636	62,3
     136,424	   0,0482076	62,1	   0,0485239	64,0
      136,44	   0,0487012	62,0	   0,0488406	63,6
     136,456	   0,0487945	63,3	   0,0487533	65,0
     136,471	   0,0488487	61,4	   0,0495287	62,3
     136,487	   0,0488023	62,1	   0,0499868	61,9
     136,502	   0,0487638	64,1	    0,050209	61,9
     136,518	   0,0488334	61,5	   0,0503193	62,9
     136,534	    0,049495	63,2	   0,0500673	62,4
     136,549	   0,0491745	62,0	   0,0505276	62,7
     136,565	   0,0494883	61,5	   0,0503863	62,7
     136,581	   0,0492427	62,3	   0,0503895	64,0
     136,596	   0,0499437	63,5	   0,0513034	62,7
     136,612	   0,0503171	62,0	   0,0508144	63,5
     136,628	   0,0502625	62,0	   0,0516023	63,1
     136,643	   0,0503803	61,3	   0,0518193	61,3
     136,659	   0,0512053	60,2	    0,051665	61,7
     136,674	   0,0508798	62,6	   0,0519139	64,1
      136,69	   0,0511075	62,9	   0,0513807	64,5
     136,706	   0,0511573	64,4	   0,0520598	63,8
     136,721	   0,0511245	64,0	   0,0521684	64,0
     136,737	   0,0515333	63,8	   0,0523807	62,9
     136,753	     0,05163	64,0	   0,0528215	62,7
     136,768	   0,0516398	63,3	    0,053331	63,7
     136,784	   0,0515488	62,8	   0,0530791	62,9
       136,8	   0,0519468	63,6	   0,0534189	63,7
     136,815	   0,0520224	63,3	   0,0535424	63,0
     136,831	   0,0524081	63,5	   0,0535641	63,3
     136,847	   0,0525401	64,9	   0,0536778	62,9
     136,862	   0,0523758	64,6	   0,0540959	63,1
     136,878	   0,0532449	64,7	   0,0540857	63,4
     136,893	    0,053909	63,3	   0,0544347	64,6
     136,909	    0,054028	61,8	   0,0554236	62,9
     136,925	   0,0538933	64,0	   0,0555881	63,6
      136,94	   0,0534248	63,5	     0,05531	64,4
     136,956	    0,053939	63,0	   0,0552946	64,3
     136,972	   0,0547897	61,6	   0,0560175	64,5
     136,987	   0,0547988	63,1	   0,0561033	63,4
     137,003	   0,0547122	62,4	   0,0561084	64,3
     137,019	   0,0553977	61,8	   0,0564855	63,2
     137,034	    0,055275	63,6	   0,0562225	63,4
      137,05	   0,0557922	63,2	    0,056789	63,2
     137,065	   0,0559824	62,7	   0,0566861	63,4
     137,081	    0,055823	62,5	   0,0568967	63,4
     137,097	   0,0562601	63,2	    0,057064	63,3
     137,112	   0,0562733	66,0	    0,057532	63,7
     137,128	   0,0561997	63,5	   0,0574744	62,9
     137,144	   0,0566672	63,7	   0,0581096	63,6
     137,159	   0,0571335	63,5	   0,0582314	63,6
     137,175	   0,0568495	64,3	   0,0585587	63,4
     137,191	   0,0570673	64,3	    0,058553	64,4
     137,206	   0,0572628	63,4	   0,0593069	63,7
     137,222	    0,057617	63,7	   0,0596507	63,9
     137,238	   0,0582483	63,9	   0,0597213	65,6
     137,253	   0,0586728	64,1	   0,0600905	64,2
     137,269	   0,0589219	63,0	   0,0600837	64,3
     137,284	    0,059015	63,2	   0,0605529	63,8
       137,3	   0,0594998	62,7	    0,060368	63,9
     137,316	   0,0596417	65,1	   0,0616602	63,6
     137,331	   0,0598193	64,3	    0,061379	63,2
     137,347	   0,0596684	65,0	   0,0610068	64,6
     137,363	   0,0611661	64,2	   0,0616714	66,6
     137,378	   0,0601052	64,8	   0,0618645	65,9
     137,394	   0,0602561	64,3	   0,0621212	67,3
      137,41	   0,0609228	64,9	   0,0629813	64,5
     137,425	   0,0607629	64,5	   0,0629762	64,9
     137,441	   0,0616074	65,3	   0,0631149	64,7
     137,456	   0,0621597	63,5	   0,0631325	65,1
     137,472	   0,0621821	63,9	   0,0635148	64,7
     137,488	   0,0623286	65,4	   0,0651363	63,0
     137,503	   0,0623936	64,7	   0,0645184	64,8
     137,519	   0,0631854	65,0	   0,0647602	64,4
     137,535	   0,0637875	65,2	   0,0644504	66,3
      137,55	   0,0631889	65,2	   0,0648826	66,4
     137,566	   0,0639668	65,4	   0,0653937	65,4
     137,582	   0,0635997	66,3	   0,0658712	64,5
     137,597	   0,0642005	65,1	   0,0666357	62,8
     137,613	   0,0645105	65,2	   0,0660907	64,5
     137,629	   0,0651585	64,0	   0,0667762	65,1
     137,644	   0,0649794	66,0	   0,0671169	65,6
      137,66	    0,064495	66,2	   0,0671999	65,4
     137,675	   0,0651805	64,3	   0,0678669	65,1
     137,691	   0,0662925	64,8	   0,0678633	66,2
     137,707	    0,066358	65,2	   0,0677548	65,8
     137,722	   0,0664829	65,3	   0,0683159	64,3
     137,738	   0,0672027	64,6	   0,0688353	64,8
     137,754	   0,0679156	63,9	    0,069015	64,8
     137,769	   0,0677599	63,2	   0,0694281	66,4
     137,785	   0,0676801	63,4	   0,0704094	63,7
     137,801	   0,0682153	66,2	   0,0707985	64,4
     137,816	    0,067761	65,7	   0,0701783	65,5
     137,832	   0,0692248	63,8	   0,0706956	65,8
     137,848	   0,0687494	65,5	   0,0711967	66,1
     137,863	   0,0690884	66,1	    0,071262	66,2
     137,879	   0,0699209	65,7	   0,0722115	65,6
     137,894	   0,0703795	64,6	   0,0725965	65,0
      137,91	   0,0700181	65,8	   0,0717653	67,1
     137,926	   0,0702505	66,4	   0,0729094	67,1
     137,941	   0,0707715	65,5	   0,0738403	65,6
     137,957	   0,0718613	64,5	   0,0731972	65,0
     137,973	   0,0723384	64,6	   0,0737059	65,5
     137,988	    0,071627	67,1	    0,074475	65,6
     138,004	   0,0721066	66,4	   0,0744909	66,8
      138,02	   0,0729704	65,9	   0,0753485	64,5
     138,035	   0,0737693	65,7	   0,0757202	65,9
     138,051	   0,0726882	65,2	   0,0749734	68,6
     138,066	    0,073715	65,7	   0,0762795	66,3
     138,082	   0,0749876	65,0	   0,0770181	65,6
     138,098	    0,073724	66,5	   0,0769487	67,1
     138,113	   0,0748765	65,7	   0,0775247	66,6
     138,129	   0,0760516	65,0	   0,0781007	64,8
     138,145	   0,0755224	66,5	   0,0772755	67,2
      138,16	   0,0757594	65,8	   0,0781768	66,9
     138,176	   0,0765933	65,4	   0,0792844	65,7
     138,192	   0,0765151	67,7	   0,0785923	67,5
     138,207	    0,077582	66,0	   0,0801361	66,1
     138,223	   0,0784815	66,2	    0,079902	66,1
     138,239	   0,0776454	68,3	    0,080465	67,4
     138,254	   0,0793262	65,9	   0,0810908	67,1
      138,27	   0,0792242	67,4	   0,0810714	66,4
     138,285	   0,0791679	67,0	   0,0820373	67,4
     138,301	   0,0808165	66,5	   0,0825351	67,9
     138,317	   0,0805335	66,6	   0,0829983	66,4
     138,332	   0,0798709	68,0	   0,0830232	67,6
     138,348	   0,0811013	66,8	   0,0833171	67,0
     138,364	    0,081315	68,0	   0,0844607	66,4
     138,379	   0,0817584	66,4	   0,0836596	67,6
     138,395	   0,0820398	67,8	   0,0858246	65,7
     138,411	   0,0837798	65,5	   0,0856486	68,0
     138,426	   0,0833259	66,3	   0,0863972	69,0
     138,442	   0,0840596	68,6	   0,0866158	66,8
     138,457	   0,0837853	68,6	   0,0864212	68,7
     138,473	   0,0856432	67,1	   0,0883277	66,8
     138,489	   0,0856999	66,5	   0,0870631	68,5
     138,504	   0,0849751	69,1	   0,0884737	68,9
      138,52	   0,0865218	65,9	   0,0889057	67,2
     138,536	   0,0861869	68,2	   0,0892382	69,5
     138,551	   0,0874221	67,6	   0,0893644	67,6
     138,567	   0,0870688	68,1	      0,0896	69,7
     138,583	   0,0883643	67,3	   0,0909697	68,3
     138,598	   0,0889859	67,8	   0,0899655	69,3
     138,614	   0,0893755	66,8	   0,0918872	67,9
      138,63	   0,0890905	67,8	   0,0914382	68,7
     138,645	   0,0909428	67,8	   0,0933142	68,8
     138,661	    0,089825	67,3	   0,0934464	67,9
     138,676	   0,0902092	69,7	   0,0930924	69,5
     138,692	   0,0917956	68,6	   0,0943685	68,6
     138,708	   0,0914892	69,1	   0,0946698	67,8
     138,723	   0,0917307	68,5	   0,0944488	69,0
     138,739	   0,0939819	68,0	   0,0959795	68,3
     138,755	   0,0946135	67,5	   0,0961966	68,2
      138,77	   0,0937079	70,0	   0,0974618	69,3
     138,786	   0,0943131	68,2	   0,0968444	68,6
     138,802	   0,0955777	69,6	   0,0976194	68,8
     138,817	   0,0970599	67,3	   0,0982586	68,8
     138,833	   0,0963838	71,0	   0,0993481	69,1
     138,848	   0,0979374	67,4	    0,100175	69,5
     138,864	   0,0969539	69,9	   0,0998258	69,7
      138,88	   0,0984972	69,6	    0,100543	69,7
     138,895	   0,0998267	70,1	    0,101456	69,4
     138,911	    0,100403	69,4	      0,1027	69,4
     138,927	   0,0992373	69,1	    0,102242	71,0
     138,942	    0,101029	68,9	    0,104423	69,2
     138,958	    0,101228	69,7	    0,103864	70,8
     138,974	    0,101073	69,6	    0,105048	69,6
     138,989	    0,101924	70,5	    0,106178	70,2
     139,005	    0,104183	68,2	    0,105627	71,5
     139,021	    0,103676	69,6	    0,107761	69,3
     139,036	    0,104019	70,3	    0,107418	70,8
     139,052	    0,104198	70,7	    0,109094	69,4
     139,067	    0,107065	71,1	     0,10925	71,5
     139,083	    0,106962	69,3	    0,109093	69,7
     139,099	    0,106749	71,7	    0,111192	69,8
     139,114	    0,107978	70,1	    0,109777	73,0
      139,13	     0,10907	72,1	    0,111331	71,1
     139,146	    0,110919	71,4	    0,113795	70,3
     139,161	    0,110529	70,1	    0,112802	70,9
     139,177	    0,110432	72,0	    0,114036	71,4
     139,193	    0,112177	70,8	    0,116203	70,3
     139,208	    0,112235	71,4	    0,115566	72,2
     139,224	    0,112462	72,3	    0,115789	72,8
     139,239	    0,114531	70,8	    0,117052	71,5
     139,255	    0,113856	70,4	    0,119485	69,9
     139,271	    0,115598	70,4	    0,119088	72,7
     139,286	    0,115901	73,0	    0,119293	72,9
     139,302	    0,117007	71,8	    0,121318	71,4
     139,318	    0,118962	72,1	    0,120982	72,2
     139,333	    0,119581	72,2	    0,120639	73,1
     139,349	    0,120889	71,5	    0,121434	72,6
     139,365	    0,121248	71,1	     0,12259	72,8
      139,38	    0,119649	71,1	     0,12243	72,2
     139,396	     0,12079	72,3	    0,123802	71,9
     139,412	    0,121654	72,6	    0,126614	71,8
     139,427	    0,123676	71,9	    0,125207	74,7
     139,443	    0,124085	72,5	    0,127196	73,6
     139,458	    0,124023	72,7	    0,128321	73,4
     139,474	    0,124666	72,0	    0,127809	75,2
      139,49	    0,124706	72,6	    0,128236	74,4
     139,505	     0,12724	74,0	    0,129515	72,6
     139,521	     0,12856	71,8	    0,131712	71,7
     139,537	    0,128111	74,2	    0,131941	74,1
     139,552	    0,129439	73,2	     0,13203	74,7
     139,568	    0,130433	72,3	    0,134139	71,8
     139,584	    0,132065	73,3	    0,134998	75,1
     139,599	    0,131287	73,7	    0,134305	76,1
     139,615	     0,13191	73,8	     0,13722	73,1
      139,63	    0,133811	73,9	    0,138285	72,9
     139,646	    0,134459	73,3	    0,137492	76,6
     139,662	     0,13525	74,6	    0,139123	75,6
     139,677	    0,136051	74,1	    0,140438	73,8
     139,693	    0,135577	74,3	    0,141871	74,0
     139,709	    0,138433	73,3	    0,142851	75,6
     139,724	    0,139128	74,0	    0,142456	76,5
      139,74	    0,138907	74,6	     0,14346	76,5
     139,756	    0,138929	74,8	    0,143368	76,2
     139,771	    0,140333	74,5	    0,144763	74,7
     139,787	    0,141818	75,4	    0,147313	74,9
     139,803	    0,143609	74,2	    0,147614	77,2
     139,818	     0,14424	75,4	    0,147102	78,5
     139,834	    0,144623	73,9	    0,147275	77,4
     139,849	    0,145443	74,4	    0,148704	77,0
     139,865	    0,145959	75,0	    0,149599	75,4
     139,881	    0,145954	74,5	    0,151251	76,9
     139,896	    0,147025	74,3	    0,151905	76,8
     139,912	    0,148023	76,9	    0,152614	76,5
     139,928	    0,149172	78,0	    0,153375	77,6
     139,943	    0,150596	76,7	    0,155517	76,7
     139,959	     0,15198	76,2	    0,157528	75,9
     139,975	    0,152923	75,2	    0,158946	76,9
      139,99	    0,152695	75,3	    0,158686	79,5
     140,006	    0,152915	77,7	    0,159166	80,0
     140,021	    0,154427	76,8	    0,159038	79,7
     140,037	    0,155349	76,8	    0,160304	77,4
     140,053	    0,156751	77,0	    0,162123	77,6
     140,068	    0,157578	76,9	    0,163545	77,1
     140,084	    0,159121	77,9	    0,164611	79,0
       140,1	    0,160174	77,3	    0,164506	78,7
     140,115	     0,16071	77,3	    0,165583	80,5
     140,131	    0,161004	78,2	    0,166553	79,9
     140,147	    0,163429	78,0	    0,167828	78,7
     140,162	    0,164718	79,2	    0,168503	79,7
     140,178	      0,1642	78,6	    0,169999	78,4
     140,194	    0,165698	78,6	    0,171663	79,7
     140,209	    0,167278	77,7	    0,172364	78,3
     140,225	    0,168125	77,3	    0,173025	81,1
      140,24	    0,169161	79,1	    0,173795	79,5
     140,256	    0,169729	79,1	    0,174418	79,6
     140,272	    0,169925	79,7	     0,17686	79,7
     140,287	    0,171352	79,2	    0,177417	79,8
     140,303	    0,171229	79,5	    0,178184	79,5
     140,319	    0,172339	79,8	     0,17893	80,7
     140,334	    0,173055	80,4	    0,180272	80,9
      140,35	    0,173998	79,8	    0,180772	80,2
     140,366	    0,174703	78,6	    0,182102	80,6
     140,381	    0,174964	79,5	    0,182892	80,5
     140,397	    0,177986	79,9	    0,183457	80,6
     140,413	    0,179293	79,2	    0,183271	81,3
     140,428	    0,180266	80,7	     0,18397	80,0
     140,444	    0,179902	81,7	    0,185832	81,9
     140,459	    0,180571	80,5	    0,186685	83,1
     140,475	    0,181287	79,2	    0,187519	83,2
     140,491	    0,182385	80,5	    0,188124	82,8
     140,506	    0,183199	81,7	     0,18976	82,4
     140,522	    0,183675	81,0	    0,189321	82,6
     140,538	     0,18407	82,3	    0,190849	83,9
     140,553	    0,185294	81,5	    0,191517	82,9
     140,569	    0,185771	83,0	    0,193011	83,7
     140,585	    0,186791	81,6	      0,1937	83,0
       140,6	    0,187889	81,8	    0,194415	84,2
     140,616	    0,188331	82,6	    0,195329	83,2
     140,631	    0,190087	81,9	    0,197631	84,3
     140,647	    0,190966	82,8	    0,198048	83,3
     140,663	    0,192665	83,0	     0,19849	83,9
     140,678	    0,193045	82,5	    0,200166	83,3
     140,694	    0,193486	82,6	    0,201544	84,0
      140,71	    0,195435	83,2	    0,201138	83,6
     140,725	    0,196941	84,1	    0,202879	83,9
     140,741	    0,197685	84,3	    0,202918	83,9
     140,757	    0,198078	82,3	    0,203322	83,8
     140,772	    0,198773	83,1	    0,205585	85,6
     140,788	    0,200469	83,8	    0,206988	85,7
     140,804	    0,201598	84,0	    0,207304	85,7
     140,819	    0,202087	86,0	    0,207809	85,5
     140,835	    0,202732	84,1	    0,209753	85,4
      140,85	    0,202393	83,8	     0,20977	85,9
     140,866	    0,204722	84,0	    0,210452	85,0
     140,882	    0,206594	85,1	    0,212117	86,2
     140,897	    0,206109	85,3	    0,213064	86,7
     140,913	    0,206344	83,3	    0,213809	88,0
     140,929	    0,208057	84,5	    0,213953	87,2
     140,944	    0,209542	84,8	    0,214845	86,7
      140,96	    0,210996	84,9	    0,216288	86,3
     140,976	    0,210873	85,6	    0,217619	87,4
     140,991	    0,212568	87,3	    0,217976	88,6
     141,007	     0,21351	85,2	    0,218231	87,2
     141,022	    0,213593	84,9	    0,219386	86,7
     141,038	     0,21535	84,8	    0,219816	87,3
     141,054	    0,215828	87,0	    0,221438	87,5
     141,069	    0,216365	86,8	    0,221863	87,4
     141,085	    0,217841	85,9	    0,222036	88,1
     141,101	    0,217835	85,1	    0,223584	87,1
     141,116	    0,219852	85,6	    0,223624	87,2
     141,132	    0,220742	87,7	    0,225163	89,1
     141,148	    0,220766	86,6	    0,225375	89,1
     141,163	    0,221579	85,8	    0,226731	88,4
     141,179	    0,222493	87,4	    0,226678	88,0
     141,195	    0,223277	88,0	     0,22743	88,2
      141,21	    0,223499	87,7	    0,228529	90,3
     141,226	    0,225149	88,0	     0,23016	90,2
     141,241	    0,225456	88,0	    0,229899	88,0
     141,257	    0,226775	86,8	    0,232089	90,1
     141,273	    0,228297	89,0	    0,231874	90,6
     141,288	    0,229007	88,5	    0,233063	88,7
     141,304	    0,229218	87,8	    0,234317	89,8
      141,32	    0,231003	87,0	    0,233548	89,7
     141,335	    0,231978	88,9	    0,235702	91,1
     141,351	    0,231601	89,3	    0,236573	90,7
     141,367	      0,2339	88,6	    0,236834	91,3
     141,382	    0,234661	89,2	    0,237706	90,3
     141,398	    0,234262	89,7	    0,238764	89,8
     141,413	    0,235149	88,3	    0,239396	91,3
     141,429	    0,236905	89,5	    0,240084	92,1
     141,445	    0,237642	89,2	    0,240965	90,1
      141,46	    0,239135	88,9	    0,240505	90,4
     141,476	    0,239761	91,5	     0,24189	92,2
     141,492	    0,239959	90,0	    0,243529	92,0
     141,507	    0,240683	90,1	    0,243261	91,7
     141,523	    0,241292	90,9	     0,24531	92,7
     141,539	    0,242083	88,7	    0,245414	90,6
     141,554	    0,242977	89,2	    0,245495	92,2
      141,57	    0,243691	91,3	     0,24763	92,3
     141,586	    0,245137	90,5	    0,246989	92,2
     141,601	    0,245543	91,4	    0,247955	94,0
     141,617	    0,245071	90,3	    0,249542	92,1
     141,632	    0,247577	91,8	    0,249825	92,9
     141,648	    0,246389	91,4	    0,250579	94,3
     141,664	    0,249321	91,4	    0,251257	93,5
     141,679	    0,249214	92,4	    0,251278	94,0
     141,695	    0,250404	90,1	    0,252709	92,8
     141,711	    0,251194	92,7	    0,253361	92,8
     141,726	    0,251135	92,2	    0,253803	92,8
     141,742	    0,253175	91,8	    0,255087	94,3
     141,758	     0,25364	93,2	    0,255609	93,9
     141,773	    0,253646	91,9	    0,256883	93,3
     141,789	    0,254473	92,4	     0,25685	95,1
     141,804	     0,25532	92,4	    0,257868	94,1
      141,82	     0,25617	93,8	    0,258874	93,3
     141,836	    0,257788	93,2	    0,260139	93,6
     141,851	    0,257761	93,2	    0,259245	93,7
     141,867	    0,259096	93,7	    0,261111	95,4
     141,883	    0,258786	94,1	    0,261008	95,6
     141,898	    0,260519	93,4	    0,262629	94,4
     141,914	    0,261205	94,0	    0,261938	94,7
      141,93	    0,261959	94,2	    0,263092	95,1
     141,945	    0,262397	94,8	    0,263293	94,9
     141,961	    0,263915	92,7	    0,265159	95,8
     141,977	    0,264144	95,4	    0,264857	95,1
     141,992	    0,265217	93,6	    0,266319	96,4
     142,008	    0,264812	95,1	    0,266493	94,5
     142,023	    0,266331	94,0	    0,268001	95,8
     142,039	    0,266968	93,9	    0,268358	96,2
     142,055	    0,268105	93,6	    0,268993	98,1
      142,07	    0,268889	95,4	    0,269938	96,7
     142,086	    0,269247	96,6	    0,270649	96,8
     142,102	    0,269977	95,0	     0,27055	96,0
     142,117	    0,270147	95,6	    0,273191	97,1
     142,133	    0,271008	94,1	    0,272086	95,9
     142,149	    0,272932	96,3	    0,273905	98,3
     142,164	    0,272615	94,4	    0,274246	97,6
      142,18	    0,273268	95,7	    0,274536	95,9
     142,196	    0,275161	96,1	    0,275133	97,2
     142,211	    0,274644	96,3	    0,275538	97,1
     142,227	    0,275243	97,3	    0,277427	97,9
     142,242	    0,276723	95,9	    0,277104	98,0
     142,258	     0,27748	96,8	    0,277824	97,4
     142,274	    0,278059	97,7	    0,278547	98,4
     142,289	    0,277807	96,2	    0,279853	97,1
     142,305	    0,279746	97,8	    0,279383	97,4
     142,321	    0,280167	96,5	    0,279931	98,1
     142,336	    0,280055	97,7	    0,281144	98,2
     142,352	    0,281798	99,2	    0,280871	97,8
     142,368	    0,281761	98,3	     0,28267	98,9
     142,383	    0,282583	98,1	    0,282776	98,8
     142,399	    0,283393	97,8	    0,282661	97,9
     142,414	    0,283334	96,7	    0,284704	99,3
      142,43	    0,284939	99,2	    0,283751	98,3
     142,446	     0,28526	99,2	    0,285454	97,8
     142,461	    0,285306	97,4	    0,286318	101,2
     142,477	    0,286256	97,9	    0,285969	98,8
     142,493	    0,287817	99,0	    0,287017	99,1
     142,508	    0,288225	98,1	    0,288226	99,1
     142,524	    0,288864	99,3	    0,287702	98,5
      142,54	    0,289852	99,2	    0,288388	98,7
     142,555	    0,290703	99,0	    0,289288	101,4
     142,571	    0,290333	99,2	    0,289978	99,6
     142,587	    0,292095	99,0	    0,290704	99,5
     142,602	    0,293575	99,0	    0,290874	99,7
     142,618	      0,2931	100,5	    0,291086	100,7
     142,633	    0,293132	99,2	    0,293025	99,4
     142,649	    0,294488	98,5	    0,292651	100,1
     142,665	    0,294381	97,7	    0,292572	100,6
      142,68	    0,295143	100,1	    0,294724	101,5
     142,696	    0,297026	100,7	    0,295151	101,4
     142,712	    0,297838	100,6	    0,295077	100,6
     142,727	    0,297281	101,5	    0,295125	99,9
     142,743	    0,298669	101,6	     0,29648	101,8
     142,759	    0,299412	101,7	    0,297143	102,4
     142,774	     0,29913	99,8	    0,297022	100,9
      142,79	    0,300128	101,6	    0,297679	100,3
     142,805	    0,299935	100,8	     0,29784	102,2
     142,821	    0,300658	101,8	    0,294259	113,1
     142,837	     0,30274	100,2	    0,269209	166,7
     142,852	     0,30325	101,8	    0,236256	193,1
     142,868	    0,302546	100,7	    0,209298	-154,4
     142,884	    0,302835	102,2	    0,192469	-149,6
     142,899	    0,304604	102,5	    0,181993	-147,7
     142,915	    0,305298	101,7	    0,173896	-145,8
     142,931	    0,305685	101,7	    0,167634	-145,5
     142,946	    0,306164	102,3	    0,162836	-143,7
     142,962	    0,306386	104,0	    0,157335	-143,3
     142,978	    0,306716	103,9	    0,154151	-144,6
     142,993	    0,307862	104,2	    0,149241	-142,9
     143,009	    0,309171	103,0	    0,144987	-141,4
     143,024	    0,308578	103,1	    0,143617	-141,0
      143,04	    0,309258	102,3	    0,141281	-141,8
     143,056	     0,30947	103,7	    0,138209	-142,3
     143,071	    0,310072	104,8	    0,136404	-139,8
     143,087	    0,311374	103,9	    0,136235	-138,6
     143,103	     0,31261	103,2	    0,134492	-139,2
     143,118	    0,313373	103,5	    0,132474	-138,7
     143,134	     0,31381	104,0	     0,13224	-140,7
      143,15	    0,313843	103,1	    0,129545	-140,4
     143,165	    0,314121	103,5	    0,127493	-138,7
     143,181	    0,315055	105,7	    0,126695	-140,3
     143,196	      0,3153	104,3	     0,12442	-139,2
     143,212	    0,316586	105,0	    0,123228	-138,4
     143,228	    0,316697	102,5	    0,121414	-137,6
     143,243	    0,317913	103,5	    0,121447	-138,6
     143,259	    0,318801	103,7	    0,120274	-138,0
     143,275	    0,319308	104,3	    0,118266	-137,8
      143,29	    0,319107	104,1	    0,118895	-139,1
     143,306	    0,320162	103,1	    0,117466	-138,4
     143,322	    0,320058	103,6	    0,115823	-138,8
     143,337	    0,321147	104,4	    0,114706	-137,3
     143,353	    0,321883	105,7	    0,113616	-136,8
     143,369	     0,32213	106,1	    0,112566	-136,0
     143,384	    0,322819	105,5	    0,112149	-136,1
       143,4	    0,323912	106,1	    0,110346	-135,8
     143,415	    0,325077	107,0	    0,110057	-135,2
     143,431	    0,325726	107,4	    0,108523	-135,6
     143,447	    0,326556	107,4	    0,108813	-136,7
     143,462	    0,326981	109,3	    0,107408	-135,4
     143,478	    0,327574	108,8	    0,106966	-135,6
     143,494	    0,327896	107,1	    0,105736	-136,7
     143,509	    0,328635	108,4	    0,105009	-135,6
     143,525	    0,329676	108,6	    0,104509	-135,3
     143,541	    0,330398	107,0	    0,103181	-135,9
     143,556	    0,330308	108,3	    0,103291	-135,1
     143,572	    0,331239	110,0	    0,101523	-136,2
     143,587	    0,332472	108,9	    0,102018	-134,9
     143,603	     0,33183	108,0	    0,100773	-136,4
     143,619	    0,333353	109,0	    0,100604	-136,1
     143,634	    0,333638	108,7	   0,0999703	-135,8
      143,65	    0,334206	107,6	   0,0988768	-135,7
     143,666	    0,334174	108,4	   0,0983539	-135,1
     143,681	    0,334828	107,7	   0,0973529	-134,7
     143,697	    0,334896	107,3	   0,0968614	-134,1
     143,713	    0,335566	107,5	   0,0958056	-135,3
     143,728	    0,336261	108,8	   0,0959417	-133,6
     143,744	     0,33756	108,3	   0,0953029	-133,2
      143,76	    0,338395	108,9	   0,0948332	-133,1
     143,775	    0,339659	107,8	   0,0940682	-134,3
     143,791	    0,340681	109,9	   0,0929936	-134,4
     143,806	    0,341288	110,0	   0,0931911	-135,3
     143,822	    0,342601	110,9	   0,0914773	-134,5
     143,838	    0,343162	110,6	   0,0911684	-135,3
     143,853	    0,342982	110,9	   0,0911633	-132,7
     143,869	    0,343343	111,0	   0,0896987	-132,4
     143,885	    0,344049	110,7	   0,0894598	-134,5
       143,9	     0,34429	110,1	   0,0887227	-133,0
     143,916	    0,344701	108,1	   0,0880619	-132,7
     143,932	    0,345685	109,3	   0,0884952	-133,1
     143,947	    0,347465	109,4	   0,0875865	-132,7
     143,963	    0,347853	111,7	   0,0865696	-132,6
     143,979	    0,348024	110,7	     0,08702	-131,8
     143,994	    0,348306	110,9	    0,085647	-133,0
      144,01	    0,348479	111,4	   0,0855653	-134,1
     144,025	    0,348816	111,3	    0,085115	-134,0
     144,041	    0,350808	111,5	   0,0838934	-132,3
     144,057	    0,352556	112,7	   0,0842985	-133,4
     144,072	    0,352585	113,1	   0,0837616	-132,8
     144,088	    0,352922	112,1	   0,0841817	-133,0
     144,104	    0,352355	110,5	   0,0826758	-133,2
     144,119	    0,353388	111,9	   0,0818304	-133,5
     144,135	    0,354881	113,0	   0,0817555	-132,5
     144,151	    0,356526	114,1	   0,0808743	-132,7
     144,166	    0,356798	113,4	   0,0814896	-134,1
     144,182	    0,356116	112,6	   0,0807288	-133,7
     144,197	    0,357178	111,4	   0,0803392	-132,6
     144,213	    0,358355	112,7	   0,0790875	-131,7
     144,229	    0,359973	114,0	   0,0791543	-132,6
     144,244	    0,359575	115,1	   0,0791416	-133,7
      144,26	    0,359522	112,3	   0,0786539	-132,8
     144,276	    0,360294	113,2	   0,0778215	-131,9
     144,291	     0,36147	114,6	   0,0769382	-132,4
     144,307	    0,361946	115,6	   0,0782562	-132,1
     144,323	    0,360914	115,2	   0,0775219	-132,6
     144,338	    0,362249	115,4	   0,0765833	-131,9
     144,354	    0,363959	115,5	   0,0755524	-133,4
      144,37	    0,363649	115,0	   0,0763258	-131,6
     144,385	    0,363078	113,9	   0,0752863	-131,4
     144,401	    0,364905	112,6	   0,0753132	-132,1
     144,416	    0,365239	116,7	   0,0749896	-133,1
     144,432	    0,365679	116,0	   0,0750054	-132,6
     144,448	    0,365496	116,1	   0,0750568	-131,6
     144,463	    0,367181	116,2	   0,0741161	-132,7
     144,479	    0,367551	116,9	   0,0736485	-132,8
     144,495	    0,366995	115,3	   0,0740701	-132,9
      144,51	     0,36812	116,1	   0,0737244	-131,2
     144,526	    0,369094	117,2	   0,0725485	-132,4
     144,542	    0,367744	116,5	   0,0723211	-130,3
     144,557	    0,369819	117,6	   0,0724855	-131,3
     144,573	    0,370812	116,5	    0,071389	-131,0
     144,588	    0,369507	117,1	   0,0714499	-131,8
     144,604	     0,37203	116,2	   0,0707449	-131,0
      144,62	     0,37212	117,5	   0,0705104	-132,3
     144,635	    0,370917	116,8	   0,0701528	-130,9
     144,651	    0,373347	116,7	   0,0700241	-132,8
     144,667	    0,373138	117,8	   0,0692753	-131,7
     144,682	    0,372574	118,1	   0,0695005	-132,4
     144,698	    0,375296	116,8	    0,068829	-132,2
     144,714	    0,374191	118,8	   0,0686813	-130,3
     144,729	     0,37459	117,9	   0,0688441	-131,4
     144,745	    0,376509	118,1	    0,068523	-131,4
     144,761	    0,374749	118,4	   0,0675265	-131,0
     144,776	    0,377428	117,9	    0,068014	-131,7
     144,792	    0,377217	121,0	   0,0671613	-129,8
     144,807	    0,377438	116,9	   0,0669611	-131,6
     144,823	     0,37868	120,3	   0,0668531	-130,8
     144,839	    0,377694	119,4	    0,066296	-130,4
     144,854	    0,379484	118,5	   0,0663352	-131,4
      144,87	    0,379972	120,9	   0,0659853	-130,5
     144,886	     0,38029	118,3	   0,0655658	-132,5
     144,901	    0,381201	122,7	   0,0655254	-130,4
     144,917	    0,380458	118,0	    0,065288	-131,5
     144,933	     0,38223	119,7	   0,0654374	-130,5
     144,948	    0,380592	120,9	   0,0648215	-130,8
     144,964	    0,383538	120,5	   0,0639718	-131,7
     144,979	    0,382818	119,8	   0,0643504	-130,3
     144,995	     0,38411	120,4	   0,0640973	-131,1
     145,011	    0,384494	120,9	   0,0631836	-130,6
     145,026	    0,384398	120,6	   0,0631394	-131,2
     145,042	    0,385549	122,6	   0,0635345	-129,6
     145,058	    0,385969	119,5	   0,0631241	-131,4
     145,073	    0,386498	123,0	   0,0627129	-129,8
     145,089	    0,386626	120,3	   0,0624917	-130,5
     145,105	    0,388165	123,3	   0,0624352	-130,4
      145,12	    0,387095	119,9	   0,0615773	-129,8
     145,136	    0,388665	123,1	   0,0613443	-130,7
     145,152	    0,388237	120,2	     0,06131	-128,6
     145,167	    0,389009	123,3	   0,0614018	-130,9
     145,183	    0,389819	121,7	   0,0602143	-129,4
     145,198	    0,390349	123,8	   0,0606291	-130,7
     145,214	    0,391112	121,9	   0,0601246	-131,5
      145,23	    0,390669	123,0	    0,060601	-130,4
     145,245	    0,393033	123,6	    0,059715	-130,8
     145,261	    0,390884	123,7	    0,060017	-129,8
     145,277	    0,394072	123,9	   0,0588781	-130,2
     145,292	    0,392366	122,4	   0,0593749	-130,6
     145,308	    0,394124	126,0	   0,0589199	-131,7
     145,324	    0,393851	123,1	   0,0592032	-130,4
     145,339	    0,394446	125,2	   0,0585127	-130,1
     145,355	    0,395409	124,5	   0,0586349	-129,7
      145,37	    0,394453	124,8	   0,0583063	-130,0
     145,386	    0,397309	124,3	   0,0578433	-130,7
     145,402	    0,394827	125,6	   0,0583832	-130,2
     145,417	    0,398005	125,2	   0,0574995	-129,3
     145,433	    0,396766	123,9	    0,057909	-130,5
     145,449	    0,397804	125,8	   0,0569944	-130,1
     145,464	    0,399145	126,7	    0,057266	-129,5
      145,48	    0,397055	124,4	   0,0564064	-129,0
     145,496	     0,40014	128,0	   0,0559406	-130,4
     145,511	    0,400271	125,0	   0,0569827	-128,4
     145,527	    0,398853	126,8	    0,056424	-131,0
     145,543	    0,401588	126,7	   0,0555943	-127,8
     145,558	    0,400793	124,6	   0,0560093	-131,5
     145,574	    0,400229	128,8	   0,0554736	-129,4
     145,589	     0,40297	126,9	   0,0555519	-128,5
     145,605	    0,400886	125,7	   0,0561111	-130,3
     145,621	    0,402434	129,2	    0,054641	-129,6
     145,636	    0,404495	127,0	   0,0547839	-129,5
     145,652	    0,402162	127,7	   0,0549403	-129,6
     145,668	    0,404028	127,8	   0,0539879	-130,7
     145,683	    0,405673	128,8	   0,0544172	-129,2
     145,699	    0,403976	126,6	   0,0542704	-128,7
     145,715	    0,405178	129,3	   0,0535105	-131,1
      145,73	    0,406956	129,5	   0,0537674	-128,8
     145,746	    0,405957	126,7	   0,0538531	-128,8
     145,761	    0,406209	129,6	   0,0536096	-128,8
     145,777	    0,408028	130,9	    0,052755	-128,7
     145,793	    0,407273	129,3	   0,0531109	-130,3
     145,808	    0,406213	129,6	   0,0528828	-129,8
     145,824	    0,408469	130,4	   0,0521377	-129,8
      145,84	    0,409906	133,0	   0,0520159	-129,0
     145,855	    0,408112	130,7	   0,0527131	-129,2
     145,871	    0,407662	132,3	   0,0525283	-129,9
     145,887	    0,410981	131,6	   0,0513817	-129,2
     145,902	    0,411753	129,9	   0,0513792	-127,3
     145,918	    0,409943	130,5	   0,0514963	-128,3
     145,934	    0,409202	131,1	    0,052286	-130,3
     145,949	    0,412573	131,9	   0,0513265	-129,9
     145,965	     0,41357	133,7	    0,050619	-129,5
      145,98	    0,411665	131,0	    0,050474	-128,8
     145,996	     0,41097	133,9	    0,051331	-129,2
     146,012	    0,413118	132,2	   0,0512764	-129,0
     146,027	    0,415185	133,8	   0,0500506	-128,9
     146,043	    0,414623	133,2	   0,0496862	-129,1
     146,059	    0,413053	131,8	   0,0499593	-129,1
     146,074	    0,413606	134,1	   0,0501976	-130,1
      146,09	    0,416083	134,5	   0,0501148	-130,1
     146,106	    0,417323	135,6	   0,0498222	-129,3
     146,121	     0,41743	133,1	   0,0493582	-130,9
     146,137	     0,41581	133,5	   0,0490084	-129,4
     146,152	    0,415418	134,9	   0,0492524	-127,7
     146,168	    0,417613	136,7	   0,0494045	-128,5
     146,184	    0,419631	135,9	   0,0495182	-130,5
     146,199	    0,419671	135,5	   0,0486197	-130,3
     146,215	    0,419077	136,6	   0,0484308	-129,7
     146,231	     0,41754	136,4	   0,0478489	-127,7
     146,246	    0,417309	138,2	   0,0475603	-129,4
     146,262	    0,418935	138,9	   0,0479582	-128,6
     146,278	    0,421383	137,9	   0,0484849	-131,2
     146,293	    0,421839	138,2	   0,0484434	-129,7
     146,309	    0,422256	138,2	   0,0477697	-130,0
     146,325	    0,421292	138,4	   0,0473921	-129,4
      146,34	    0,420741	138,5	   0,0469664	-129,9
     146,356	    0,421076	137,8	   0,0469198	-127,4
     146,371	    0,421786	138,7	   0,0467362	-127,8
     146,387	    0,422678	140,3	   0,0465047	-128,5
     146,403	    0,424242	140,7	   0,0471739	-129,1
     146,418	    0,424622	141,5	   0,0466068	-129,0
     146,434	    0,425922	140,5	   0,0469142	-128,9
      146,45	     0,42556	142,0	   0,0469676	-129,5
     146,465	    0,425168	141,3	   0,0472599	-129,2
     146,481	     0,42506	143,4	   0,0462234	-129,9
     146,497	    0,424544	144,1	   0,0465521	-128,6
     146,512	    0,423998	143,1	   0,0461492	-129,8
     146,528	    0,424368	144,2	   0,0456481	-129,1
     146,544	    0,424494	144,8	   0,0455049	-128,6
     146,559	     0,42449	147,8	   0,0451459	-129,4
     146,575	    0,425016	147,3	    0,045135	-130,2
      146,59	    0,424712	149,9	   0,0453532	-129,1
     146,606	    0,425995	149,9	   0,0447016	-129,9
     146,622	    0,425677	151,5	   0,0449205	-128,8
     146,637	     0,42593	153,3	   0,0449987	-129,3
     146,653	    0,425514	155,6	   0,0441149	-127,5
     146,669	      0,4256	157,9	    0,044677	-128,2
     146,684	    0,424215	160,2	   0,0444958	-128,5
       146,7	    0,421703	167,4	   0,0442716	-129,3
     146,716	    0,413819	180,7	   0,0442439	-129,4
     146,731	    0,371558	-150,2	   0,0440174	-129,7
     146,747	   0,0448167	-127,9	   0,0440758	-129,0
     146,762	   0,0451794	-128,9	   0,0438356	-128,0
     146,778	   0,0442251	-129,8	     0,04368	-127,6
     146,794	   0,0449229	-129,0	   0,0435124	-128,4
     146,809	    0,044514	-129,9	   0,0434262	-129,9
     146,825	   0,0446942	-128,5	   0,0434426	-127,1
     146,841	   0,0443226	-129,9	   0,0431243	-127,7
     146,856	   0,0440026	-128,6	    0,043486	-128,6
     146,872	   0,0446859	-128,7	   0,0432281	-130,1
     146,888	   0,0437016	-130,1	   0,0428778	-129,4
     146,903	   0,0439755	-129,0	   0,0432758	-127,7
     146,919	   0,0434668	-129,9	   0,0432107	-127,7
     146,935	   0,0436809	-128,8	   0,0432557	-128,1
      146,95	   0,0431057	-129,7	   0,0434296	-128,7
     146,966	   0,0432598	-128,0	   0,0431177	-127,0
     146,981	   0,0428758	-128,0	   0,0430957	-127,7
     146,997	   0,0424969	-128,8	   0,0438153	-126,6
     147,013	   0,0422568	-127,4	   0,0424924	-127,0
     147,028	    0,042707	-128,4	   0,0425604	-127,3
     147,044	   0,0427536	-128,0	    0,042019	-129,6
      147,06	   0,0427935	-127,8	   0,0419574	-128,5
     147,075	   0,0424988	-128,7	   0,0417642	-127,3
     147,091	   0,0424006	-128,6	   0,0418788	-127,6
     147,107	    0,042182	-128,3	   0,0419425	-126,8
     147,122	   0,0421344	-126,9	   0,0419764	-128,4
     147,138	   0,0418603	-128,6	   0,0423516	-129,3
     147,153	   0,0411628	-128,2	   0,0415422	-129,1
     147,169	   0,0412211	-128,8	   0,0414134	-127,6
     147,185	   0,0414857	-128,7	   0,0410085	-130,6
       147,2	   0,0416973	-127,3	   0,0410307	-127,8
     147,216	   0,0418308	-127,1	   0,0410731	-129,0
     147,232	   0,0414615	-128,7	   0,0413399	-128,2
     147,247	   0,0409064	-128,9	    0,041418	-126,4
     147,263	   0,0404377	-127,6	   0,0415094	-129,3
     147,279	   0,0405978	-128,9	   0,0405551	-129,2
     147,294	   0,0408562	-127,4	   0,0406452	-128,1
      147,31	   0,0414941	-127,8	   0,0406418	-127,2
     147,326	   0,0411147	-126,8	   0,0409054	-129,3
     147,341	   0,0399894	-129,7	   0,0406312	-128,6
     147,357	   0,0401391	-128,5	   0,0401361	-129,0
     147,372	   0,0403654	-128,1	   0,0403483	-127,1
     147,388	   0,0405268	-127,6	   0,0398485	-129,1
     147,404	   0,0405053	-128,5	   0,0401329	-127,5
     147,419	   0,0400152	-128,3	   0,0405497	-127,7
     147,435	   0,0398854	-128,3	   0,0399121	-127,1
     147,451	   0,0397066	-128,2	   0,0392232	-128,9
     147,466	   0,0401395	-128,0	   0,0394796	-129,7
     147,482	   0,0398603	-128,7	   0,0397667	-127,3
     147,498	   0,0393216	-129,5	   0,0396955	-127,9
     147,513	   0,0390018	-128,1	   0,0392109	-128,1
     147,529	   0,0390643	-127,6	    0,038901	-128,9
     147,544	   0,0396829	-128,0	   0,0393196	-127,4
      147,56	   0,0387434	-129,2	   0,0390444	-128,5
     147,576	    0,038788	-127,6	   0,0388273	-128,9
     147,591	   0,0386981	-126,3	   0,0391632	-127,4
     147,607	   0,0394274	-127,5	   0,0390634	-128,2
     147,623	   0,0384605	-128,3	   0,0387847	-127,0
     147,638	   0,0384275	-128,7	   0,0386526	-127,6
     147,654	   0,0388529	-128,7	   0,0388938	-129,3
      147,67	   0,0383722	-128,2	   0,0387493	-127,9
     147,685	   0,0379857	-128,1	   0,0382693	-129,1
     147,701	   0,0385167	-126,9	   0,0384542	-126,6
     147,717	   0,0384494	-127,8	   0,0388552	-127,6
     147,732	   0,0376923	-127,4	   0,0380328	-127,0
     147,748	   0,0381257	-128,0	   0,0378975	-129,3
     147,763	   0,0385683	-127,8	    0,038575	-125,9
     147,779	   0,0378083	-130,4	   0,0377268	-128,4
     147,795	   0,0376855	-127,2	   0,0377057	-127,9
      147,81	   0,0378579	-128,6	   0,0378756	-126,1
     147,826	   0,0377837	-128,2	   0,0371046	-128,5
     147,842	   0,0375621	-126,4	   0,0375218	-129,0
     147,857	   0,0378642	-127,7	   0,0375812	-129,2
     147,873	   0,0374621	-128,0	   0,0371129	-127,3
     147,889	   0,0375182	-126,8	   0,0375571	-129,3
     147,904	   0,0378439	-127,8	   0,0373514	-127,1
      147,92	   0,0371141	-127,4	   0,0368814	-130,1
     147,935	   0,0370642	-127,2	   0,0373875	-127,4
     147,951	   0,0374149	-127,9	   0,0369937	-127,1
     147,967	   0,0367794	-128,8	   0,0368495	-129,2
     147,982	   0,0373329	-128,1	   0,0366264	-127,4
     147,998	   0,0366749	-126,7	    0,036306	-127,2
     148,014	   0,0366854	-128,1	   0,0370637	-127,5
     148,029	   0,0370553	-126,1	   0,0361757	-127,0
     148,045	   0,0362407	-129,5	   0,0367573	-128,3
     148,061	   0,0368132	-128,5	    0,037063	-128,2
     148,076	   0,0362763	-127,7	   0,0365318	-128,3
     148,092	   0,0363302	-126,8	   0,0364521	-127,4
     148,108	   0,0364693	-128,5	    0,036306	-127,9
     148,123	   0,0357965	-127,5	   0,0367153	-129,1
     148,139	    0,036527	-129,7	   0,0357135	-128,6
     148,154	   0,0361362	-127,5	   0,0362019	-128,7
      148,17	   0,0363812	-126,6	   0,0356897	-128,3
     148,186	   0,0358071	-129,0	   0,0362088	-127,1
     148,201	   0,0359656	-128,3	   0,0356745	-129,7
     148,217	   0,0361492	-128,3	   0,0359351	-125,9
     148,233	   0,0358547	-127,3	   0,0357457	-128,0
     148,248	    0,036028	-126,3	   0,0355635	-126,1
     148,264	   0,0354164	-126,7	   0,0354762	-127,8
      148,28	   0,0358499	-128,8	   0,0356627	-128,0
     148,295	   0,0352509	-127,6	   0,0355496	-126,8
     148,311	   0,0355664	-128,4	    0,035019	-129,8
     148,326	   0,0348401	-127,5	   0,0350893	-126,9
     148,342	   0,0354674	-127,5	   0,0354088	-128,9
     148,358	   0,0347738	-126,8	   0,0353509	-128,0
     148,373	   0,0351169	-129,2	   0,0354479	-128,8
     148,389	   0,0346112	-127,7	   0,0348841	-128,0
     148,405	   0,0349441	-127,8	   0,0348249	-128,6
      148,42	   0,0345492	-127,1	   0,0345125	-126,8
     148,436	   0,0345233	-129,4	   0,0348512	-128,3
     148,452	   0,0345768	-128,6	   0,0345437	-126,2
     148,467	   0,0343147	-125,7	   0,0346695	-127,4
     148,483	   0,0345622	-129,0	    0,034042	-128,5
     148,499	   0,0337383	-127,6	    0,034745	-125,9
     148,514	   0,0349261	-129,0	   0,0342088	-128,8
      148,53	   0,0344577	-128,5	   0,0345672	-128,4
     148,545	   0,0347252	-129,2	   0,0346042	-127,3
     148,561	   0,0344312	-127,9	    0,034176	-127,1
     148,577	   0,0340548	-128,2	   0,0346541	-129,8
     148,592	    0,034231	-129,2	   0,0337392	-127,0
     148,608	   0,0339982	-128,2	   0,0346031	-128,7
     148,624	   0,0341713	-127,6	   0,0339418	-126,2
     148,639	   0,0339266	-125,8	   0,0336755	-127,3
     148,655	   0,0339956	-127,7	   0,0339671	-127,7
     148,671	   0,0338536	-126,1	   0,0338692	-127,5
     148,686	   0,0336801	-128,0	   0,0340554	-129,4
     148,702	   0,0338677	-126,8	   0,0332547	-126,1
     148,717	   0,0337652	-128,9	    0,033587	-128,4
     148,733	   0,0333346	-126,3	    0,033471	-129,5
     148,749	   0,0338393	-127,4	   0,0331587	-126,4
     148,764	   0,0329514	-126,8	   0,0335602	-128,5
      148,78	   0,0333354	-126,2	   0,0338023	-127,2
     148,796	   0,0336095	-127,3	   0,0329982	-127,9
     148,811	   0,0327068	-128,3	      0,0332	-129,3
     148,827	   0,0331435	-126,9	   0,0336594	-127,7
     148,843	   0,0333687	-127,7	   0,0329467	-126,3
     148,858	   0,0327926	-129,3	   0,0329462	-127,5
     148,874	   0,0328018	-128,3	   0,0331987	-127,6
      148,89	   0,0328758	-127,3	   0,0326558	-128,6
     148,905	   0,0328135	-125,9	   0,0328857	-126,0
     148,921	    0,032352	-128,2	   0,0330237	-127,6
     148,936	   0,0334749	-126,3	   0,0326828	-126,1
     148,952	   0,0327541	-128,4	   0,0324254	-127,1
     148,968	   0,0321342	-128,0	   0,0327188	-127,8
     148,983	   0,0325161	-128,8	   0,0324528	-126,9
     148,999	   0,0328144	-126,7	   0,0316271	-126,7
     149,015	   0,0320173	-127,0	   0,0324642	-128,9
      149,03	   0,0322882	-127,5	   0,0324229	-126,6
     149,046	     0,03256	-127,6	   0,0317561	-128,2
     149,062	   0,0323085	-128,5	   0,0321665	-127,9
     149,077	   0,0319343	-128,7	   0,0322806	-127,7
     149,093	   0,0318814	-127,7	   0,0323088	-126,9
     149,109	   0,0324838	-127,4	    0,031398	-127,2
     149,124	   0,0323443	-126,2	   0,0319486	-126,6
      149,14	   0,0316064	-127,5	   0,0322104	-127,3
     149,155	   0,0316747	-129,5	   0,0316537	-127,1
     149,171	   0,0320568	-128,3	   0,0314343	-127,3
     149,187	   0,0320143	-127,8	   0,0315796	-126,8
     149,202	   0,0317024	-128,5	   0,0316981	-126,8
     149,218	   0,0315668	-127,5	   0,0313333	-128,5
     149,234	    0,031569	-128,6	   0,0313757	-128,1
     149,249	   0,0317034	-125,7	   0,0314724	-125,7
     149,265	   0,0314222	-127,1	   0,0312064	-128,6
     149,281	   0,0311469	-126,9	    0,031652	-127,7
     149,296	    0,031272	-126,8	   0,0314884	-127,1
     149,312	   0,0311678	-128,1	    0,030877	-127,4
     149,327	   0,0314696	-127,0	   0,0312808	-128,5
     149,343	   0,0313427	-125,2	   0,0316991	-126,3
     149,359	    0,031125	-129,2	   0,0314162	-126,3
     149,374	   0,0304946	-129,0	   0,0313244	-126,6
      149,39	   0,0306676	-129,0	    0,030824	-126,6
     149,406	   0,0308929	-127,4	   0,0306692	-128,3
     149,421	   0,0308571	-127,5	   0,0309909	-126,7
     149,437	   0,0309128	-126,8	   0,0312314	-128,5
     149,453	   0,0306989	-126,9	   0,0310752	-127,2
     149,468	   0,0308947	-127,4	   0,0307529	-125,9
     149,484	   0,0301596	-128,4	   0,0305805	-128,4
       149,5	   0,0304939	-126,5	   0,0304469	-128,1
     149,515	   0,0305734	-126,9	   0,0305443	-128,0
     149,531	   0,0305121	-128,0	   0,0303272	-130,5
     149,546	   0,0304266	-125,7	   0,0308592	-127,9
     149,562	   0,0304938	-126,1	   0,0305646	-128,2
     149,578	   0,0304512	-126,1	   0,0307659	-124,8
     149,593	   0,0304401	-126,7	   0,0303457	-127,4
     149,609	    0,030093	-126,5	   0,0299589	-127,8
     149,625	   0,0298776	-126,9	   0,0301311	-127,0
      149,64	    0,030183	-126,8	   0,0303764	-126,2
     149,656	    0,029896	-126,1	   0,0297102	-128,3
     149,672	   0,0297032	-127,4	   0,0300494	-126,6
     149,687	   0,0300503	-126,1	   0,0300934	-128,6
     149,703	   0,0294705	-128,0	   0,0301526	-127,7
     149,718	   0,0301181	-127,2	   0,0296148	-128,3
     149,734	   0,0298804	-126,5	   0,0302154	-127,5
      149,75	   0,0300401	-127,1	   0,0298957	-128,3
     149,765	   0,0296234	-127,2	   0,0297362	-127,9
     149,781	   0,0297264	-126,3	    0,029759	-127,2
     149,797	   0,0292993	-128,4	   0,0296193	-127,4
     149,812	   0,0292078	-125,9	   0,0296597	-126,6
     149,828	   0,0293192	-125,9	   0,0296342	-127,0
     149,844	   0,0294339	-126,4	   0,0293945	-128,4
     149,859	   0,0296705	-125,6	   0,0293462	-127,5
     149,875	   0,0292513	-126,7	   0,0293832	-127,0
     149,891	   0,0297659	-125,4	   0,0292289	-127,2
     149,906	   0,0290932	-125,8	   0,0294931	-128,7
     149,922	   0,0291127	-129,2	   0,0288374	-128,9
     149,937	   0,0296851	-124,9	   0,0293147	-128,8
     149,953	   0,0290526	-126,5	   0,0294733	-127,8
     149,969	   0,0292459	-125,7	   0,0289561	-127,9
     149,984	   0,0289816	-127,0	   0,0292388	-126,1
         150	   0,0290655	-128,5	   0,0291189	-127,6

