X-Data [Hz]	Laser (M - Filtered) [m/s]	Phase [Deg]	Laser (M - Filtered) [m/s]	Phase [Deg]	
	002: [06-19-24 18:39]		003: [06-19-24 18:51]	
          29	  0,00741575	74,6	  0,00825964	75,1
     29,0034	   0,0079445	75,4	  0,00831702	75,2
     29,0068	  0,00815115	75,8	   0,0082595	75,5
     29,0103	  0,00831563	75,0	  0,00829415	74,8
     29,0137	  0,00826456	75,5	  0,00831916	75,2
     29,0171	  0,00837748	75,8	   0,0082495	75,9
     29,0205	  0,00840856	74,9	   0,0083384	75,1
     29,0239	  0,00833318	75,2	  0,00836974	75,1
     29,0274	  0,00835609	74,9	  0,00830185	75,0
     29,0308	  0,00833819	76,0	  0,00836015	74,9
     29,0342	  0,00832652	75,8	  0,00835122	75,4
     29,0376	  0,00841075	75,2	  0,00826231	74,9
     29,0411	  0,00832115	74,7	  0,00836139	74,5
     29,0445	  0,00833847	75,6	  0,00840278	75,8
     29,0479	  0,00840904	75,4	  0,00838834	75,8
     29,0513	  0,00840226	75,4	  0,00834389	75,2
     29,0547	  0,00838745	75,3	  0,00831997	74,9
     29,0582	  0,00839951	74,8	  0,00841865	75,4
     29,0616	  0,00848075	75,4	   0,0084633	75,3
      29,065	  0,00843227	75,4	  0,00845314	74,7
     29,0684	  0,00845742	74,5	  0,00839656	75,1
     29,0718	  0,00838161	75,1	  0,00843033	75,7
     29,0753	  0,00848383	75,5	   0,0084159	75,2
     29,0787	   0,0084968	74,8	  0,00840144	75,7
     29,0821	  0,00845217	74,8	  0,00840633	76,4
     29,0855	   0,0084164	74,7	   0,0084594	74,7
      29,089	  0,00855574	74,7	  0,00849893	74,8
     29,0924	  0,00854814	74,4	  0,00852062	75,6
     29,0958	  0,00849995	74,4	  0,00847546	75,3
     29,0992	  0,00848483	75,6	  0,00849612	75,0
     29,1026	  0,00847815	75,5	  0,00849616	75,3
     29,1061	  0,00856344	74,5	  0,00847783	75,5
     29,1095	   0,0085473	74,7	  0,00849122	75,6
     29,1129	  0,00844678	75,9	  0,00851825	74,9
     29,1163	  0,00852494	75,0	  0,00853749	74,9
     29,1197	  0,00850727	76,3	  0,00856624	75,2
     29,1232	  0,00858821	75,4	  0,00853561	74,7
     29,1266	  0,00855592	74,9	  0,00853896	75,2
       29,13	  0,00856281	75,0	   0,0085572	75,0
     29,1334	  0,00855427	75,1	  0,00856819	75,9
     29,1369	  0,00857105	75,3	  0,00852951	75,9
     29,1403	  0,00862372	75,1	  0,00856042	75,7
     29,1437	  0,00861792	74,9	  0,00858898	75,9
     29,1471	  0,00863136	75,2	  0,00860615	75,6
     29,1505	  0,00859337	74,8	  0,00861269	74,5
      29,154	  0,00862729	74,3	  0,00859654	74,9
     29,1574	  0,00862886	74,9	  0,00861584	74,6
     29,1608	  0,00868652	75,3	  0,00869355	74,8
     29,1642	   0,0085698	75,7	  0,00864587	75,4
     29,1676	  0,00862828	75,1	  0,00859551	75,3
     29,1711	  0,00869438	75,3	   0,0085854	74,8
     29,1745	  0,00865275	75,2	  0,00868768	74,8
     29,1779	  0,00870855	74,9	  0,00865408	75,1
     29,1813	  0,00865246	74,6	  0,00865354	75,3
     29,1848	  0,00862641	75,4	  0,00864436	75,6
     29,1882	  0,00865526	74,5	  0,00868947	74,1
     29,1916	  0,00865179	76,1	  0,00873262	75,4
      29,195	  0,00877939	74,7	  0,00864215	75,8
     29,1984	  0,00870129	74,9	   0,0086601	75,7
     29,2019	  0,00872686	74,2	  0,00878756	75,4
     29,2053	  0,00875564	75,3	  0,00881403	75,7
     29,2087	  0,00878198	75,1	  0,00876357	75,4
     29,2121	  0,00876167	75,4	  0,00876248	75,0
     29,2155	  0,00872538	75,5	  0,00873257	74,6
      29,219	  0,00882827	74,9	  0,00882069	74,4
     29,2224	  0,00882961	75,6	   0,0087797	75,5
     29,2258	  0,00889872	75,2	  0,00883849	74,9
     29,2292	  0,00888464	74,6	    0,008699	75,1
     29,2326	  0,00888632	75,1	  0,00870403	75,9
     29,2361	  0,00877006	75,1	  0,00871984	74,5
     29,2395	  0,00879202	74,3	  0,00876151	74,0
     29,2429	  0,00882231	75,8	  0,00882608	75,2
     29,2463	  0,00882457	74,8	  0,00892056	74,4
     29,2498	  0,00891399	74,9	  0,00882292	75,4
     29,2532	  0,00889101	75,3	  0,00878885	75,2
     29,2566	  0,00888326	74,5	  0,00886531	73,7
       29,26	  0,00890375	75,0	  0,00886811	75,4
     29,2634	  0,00893132	74,6	   0,0088798	74,7
     29,2669	  0,00887659	74,0	  0,00882689	75,6
     29,2703	  0,00888811	74,6	  0,00894512	74,3
     29,2737	  0,00889603	75,3	  0,00900045	74,8
     29,2771	   0,0089201	75,5	   0,0089767	75,3
     29,2805	   0,0089304	75,1	  0,00889909	76,1
      29,284	    0,008954	75,0	  0,00890864	75,7
     29,2874	  0,00893578	75,1	  0,00890514	75,9
     29,2908	   0,0090218	75,2	  0,00893664	74,1
     29,2942	  0,00897366	75,8	  0,00900348	74,3
     29,2977	  0,00898168	75,1	  0,00906999	75,0
     29,3011	  0,00895474	75,9	  0,00903502	74,1
     29,3045	  0,00895638	74,8	  0,00896627	74,8
     29,3079	   0,0090562	75,5	  0,00902244	74,8
     29,3113	  0,00907499	75,0	  0,00899681	74,7
     29,3148	  0,00909305	74,8	  0,00904982	75,1
     29,3182	  0,00908055	75,4	  0,00907109	74,4
     29,3216	  0,00911694	75,0	  0,00907627	75,0
      29,325	  0,00911693	75,1	  0,00907034	75,9
     29,3284	  0,00909766	74,6	  0,00897434	75,6
     29,3319	  0,00906604	75,0	  0,00904882	75,3
     29,3353	  0,00910159	75,0	  0,00908868	74,8
     29,3387	   0,0090663	75,0	  0,00917415	74,2
     29,3421	  0,00913382	75,1	  0,00914885	74,8
     29,3456	  0,00918842	74,9	  0,00910715	74,7
      29,349	  0,00918719	74,6	  0,00908318	75,2
     29,3524	  0,00905177	76,0	  0,00915243	74,5
     29,3558	  0,00906941	76,0	  0,00919474	75,0
     29,3592	  0,00920225	75,9	  0,00923182	75,3
     29,3627	  0,00926287	75,4	  0,00918394	75,5
     29,3661	  0,00928412	75,7	  0,00909914	75,6
     29,3695	  0,00930712	75,5	  0,00912569	75,5
     29,3729	  0,00923887	75,2	  0,00923168	75,1
     29,3763	  0,00925528	75,2	  0,00918911	75,5
     29,3798	  0,00923249	75,4	  0,00920151	74,9
     29,3832	  0,00919865	75,3	  0,00928358	75,3
     29,3866	  0,00919867	73,3	  0,00932374	75,7
       29,39	  0,00918949	75,2	  0,00934573	74,9
     29,3934	  0,00916843	74,7	  0,00932299	75,4
     29,3969	  0,00919291	75,6	  0,00923606	75,3
     29,4003	  0,00930768	76,0	  0,00924781	74,5
     29,4037	  0,00929326	75,4	  0,00925481	74,8
     29,4071	  0,00938258	74,8	  0,00931065	75,0
     29,4106	  0,00938067	74,5	  0,00934118	74,5
      29,414	  0,00941541	74,7	  0,00936001	74,3
     29,4174	   0,0093771	74,2	  0,00940144	75,2
     29,4208	  0,00939723	75,1	  0,00940582	74,5
     29,4242	  0,00943042	74,2	  0,00933862	75,1
     29,4277	  0,00947294	75,0	  0,00937844	74,5
     29,4311	  0,00944875	74,2	  0,00941013	74,4
     29,4345	  0,00950794	74,6	  0,00940296	74,5
     29,4379	  0,00949754	73,5	  0,00939288	75,1
     29,4413	  0,00950136	74,6	  0,00946331	74,6
     29,4448	  0,00951156	74,3	  0,00950309	74,8
     29,4482	  0,00947026	75,1	  0,00948305	74,8
     29,4516	  0,00945606	74,2	  0,00946109	75,4
      29,455	   0,0094953	74,4	  0,00946959	74,6
     29,4585	  0,00947089	74,9	  0,00949575	74,7
     29,4619	   0,0094735	75,5	  0,00948144	75,2
     29,4653	  0,00947368	74,3	  0,00951047	75,1
     29,4687	  0,00954242	74,7	  0,00954405	75,2
     29,4721	   0,0095686	74,4	  0,00955711	74,7
     29,4756	  0,00960133	74,7	  0,00949199	75,1
      29,479	  0,00958445	75,0	  0,00948868	75,1
     29,4824	  0,00963685	74,4	  0,00947543	75,3
     29,4858	  0,00963193	75,2	  0,00948693	75,3
     29,4892	   0,0096278	75,4	  0,00949885	75,9
     29,4927	  0,00963813	74,8	  0,00954957	75,2
     29,4961	  0,00966757	75,5	  0,00962697	75,2
     29,4995	  0,00968387	74,9	  0,00967153	74,2
     29,5029	  0,00970032	75,6	  0,00970777	74,0
     29,5064	  0,00972238	75,1	  0,00969811	74,2
     29,5098	  0,00969003	76,0	  0,00965809	74,9
     29,5132	   0,0097215	75,6	  0,00969873	75,2
     29,5166	  0,00979997	74,8	  0,00975151	74,7
       29,52	  0,00976871	74,0	  0,00977104	74,5
     29,5235	  0,00974884	74,5	  0,00977722	73,8
     29,5269	  0,00978471	74,5	  0,00982704	74,5
     29,5303	  0,00984409	74,4	  0,00979632	74,0
     29,5337	  0,00984326	74,4	  0,00983343	75,1
     29,5371	  0,00980476	74,8	  0,00987688	74,4
     29,5406	   0,0098116	74,8	   0,0098135	75,2
      29,544	  0,00978569	74,9	  0,00982869	74,9
     29,5474	  0,00984613	74,6	  0,00983937	74,9
     29,5508	  0,00981479	74,4	  0,00985923	74,7
     29,5543	  0,00988324	74,9	  0,00986759	75,0
     29,5577	  0,00991161	73,8	  0,00991179	74,6
     29,5611	  0,00995294	74,4	  0,00992167	74,2
     29,5645	  0,00996217	73,9	  0,00991886	75,2
     29,5679	  0,00992329	75,0	  0,00997349	74,5
     29,5714	  0,00995149	74,9	  0,00994806	75,2
     29,5748	  0,00998728	74,9	  0,00999518	74,7
     29,5782	   0,0100065	75,5	  0,00994566	74,7
     29,5816	   0,0100152	74,0	    0,010007	74,2
      29,585	  0,00997894	75,0	   0,0100017	74,5
     29,5885	   0,0099699	74,8	    0,010005	74,8
     29,5919	   0,0100477	75,3	  0,00998166	74,4
     29,5953	   0,0100648	74,8	   0,0100464	74,5
     29,5987	   0,0100675	73,9	   0,0100287	74,1
     29,6021	   0,0101587	74,5	   0,0100692	74,1
     29,6056	   0,0101549	74,1	    0,010073	74,9
      29,609	   0,0101885	74,7	   0,0100482	74,7
     29,6124	   0,0101605	74,6	   0,0101284	75,0
     29,6158	   0,0101409	75,1	   0,0101812	74,4
     29,6193	   0,0100892	74,8	   0,0100987	74,5
     29,6227	   0,0101257	75,2	   0,0101306	74,7
     29,6261	   0,0101763	74,8	   0,0102336	74,0
     29,6295	   0,0102622	74,4	   0,0101972	74,6
     29,6329	    0,010287	74,6	   0,0101955	75,2
     29,6364	   0,0102645	75,0	   0,0102225	73,8
     29,6398	     0,01022	75,0	   0,0102218	75,0
     29,6432	    0,010227	74,9	   0,0101702	75,7
     29,6466	   0,0102602	74,1	   0,0102347	74,7
       29,65	   0,0103179	75,2	   0,0103067	74,7
     29,6535	   0,0103463	74,9	   0,0102936	75,0
     29,6569	   0,0103727	74,2	   0,0103302	74,8
     29,6603	   0,0103301	75,0	   0,0103216	75,0
     29,6637	   0,0103614	75,3	   0,0103156	73,6
     29,6672	   0,0104142	75,3	   0,0103537	74,4
     29,6706	    0,010341	75,1	   0,0104102	75,2
      29,674	   0,0103266	74,3	   0,0104962	74,0
     29,6774	   0,0103983	74,4	   0,0104295	74,3
     29,6808	   0,0104533	74,5	   0,0103965	74,5
     29,6843	   0,0104819	74,6	   0,0103703	75,1
     29,6877	   0,0104685	75,0	   0,0104472	75,3
     29,6911	   0,0104842	74,8	   0,0104718	75,2
     29,6945	   0,0105015	74,4	   0,0105736	74,6
     29,6979	   0,0105494	74,3	    0,010487	74,3
     29,7014	   0,0105442	75,1	   0,0105257	74,2
     29,7048	   0,0105631	74,9	   0,0105211	75,2
     29,7082	   0,0106371	74,9	   0,0105762	75,2
     29,7116	   0,0106258	75,2	   0,0106292	73,7
     29,7151	   0,0106271	74,8	   0,0105856	74,1
     29,7185	   0,0106329	75,4	   0,0105226	75,4
     29,7219	   0,0106697	75,2	   0,0106356	74,7
     29,7253	   0,0106864	74,6	   0,0107221	74,1
     29,7287	   0,0106971	74,5	   0,0106783	75,1
     29,7322	   0,0107007	74,8	   0,0107029	74,3
     29,7356	   0,0107863	74,8	   0,0107059	74,7
      29,739	    0,010726	75,3	    0,010729	75,5
     29,7424	   0,0107438	74,6	   0,0107905	74,8
     29,7458	   0,0108287	74,6	   0,0107525	74,5
     29,7493	   0,0107842	75,3	   0,0108178	74,4
     29,7527	   0,0107895	75,0	   0,0108411	74,7
     29,7561	   0,0108147	74,4	   0,0108419	74,5
     29,7595	   0,0108671	74,9	   0,0107932	74,7
      29,763	   0,0109307	75,0	   0,0108527	74,7
     29,7664	   0,0109886	74,4	   0,0109302	74,2
     29,7698	   0,0109098	74,4	   0,0108711	74,9
     29,7732	   0,0109805	75,0	   0,0109219	74,7
     29,7766	   0,0109844	74,8	   0,0109924	74,0
     29,7801	   0,0109439	75,1	   0,0109891	75,3
     29,7835	   0,0109869	75,1	   0,0109731	75,3
     29,7869	   0,0110768	74,7	   0,0109844	74,2
     29,7903	   0,0110187	74,6	   0,0110581	73,9
     29,7937	    0,011025	74,3	   0,0110182	74,7
     29,7972	   0,0111465	74,7	   0,0110766	74,3
     29,8006	   0,0111334	74,1	    0,011127	73,7
      29,804	   0,0111391	74,8	   0,0110726	75,6
     29,8074	   0,0111891	74,5	   0,0111084	74,6
     29,8109	    0,011223	74,7	   0,0111542	74,1
     29,8143	   0,0112028	74,9	   0,0111506	74,4
     29,8177	   0,0112489	74,2	   0,0111928	75,3
     29,8211	   0,0111868	74,7	   0,0112842	74,6
     29,8245	   0,0113243	74,6	   0,0112317	73,7
      29,828	   0,0112428	75,0	   0,0112622	74,8
     29,8314	   0,0112519	75,0	   0,0112485	74,7
     29,8348	     0,01136	73,7	   0,0112722	75,1
     29,8382	   0,0113769	75,1	   0,0113283	74,9
     29,8416	   0,0113631	74,7	   0,0113447	75,1
     29,8451	   0,0113574	73,7	   0,0113657	74,3
     29,8485	   0,0114284	74,9	   0,0113938	74,7
     29,8519	   0,0114571	75,1	   0,0114312	74,9
     29,8553	    0,011419	74,9	   0,0115283	74,3
     29,8587	   0,0114687	74,4	   0,0114912	74,3
     29,8622	   0,0116201	74,2	   0,0113907	74,7
     29,8656	    0,011523	75,2	   0,0115468	74,8
      29,869	   0,0115673	74,9	   0,0115667	75,0
     29,8724	   0,0116197	74,6	   0,0115836	74,9
     29,8759	   0,0115951	75,1	   0,0115535	74,3
     29,8793	   0,0116027	75,1	   0,0115314	74,9
     29,8827	   0,0116488	74,8	   0,0116586	74,3
     29,8861	   0,0117143	74,7	   0,0117019	75,2
     29,8895	   0,0116768	74,4	   0,0116097	75,6
      29,893	   0,0116601	74,6	    0,011701	75,1
     29,8964	    0,011812	74,9	   0,0117052	75,4
     29,8998	   0,0117982	74,7	    0,011818	74,8
     29,9032	   0,0117531	74,9	    0,011804	74,7
     29,9066	   0,0118855	74,3	   0,0118379	75,0
     29,9101	   0,0118175	75,9	   0,0118288	74,7
     29,9135	   0,0118621	74,7	   0,0118625	74,6
     29,9169	   0,0119464	75,1	   0,0118065	74,9
     29,9203	   0,0118866	75,7	   0,0119282	75,2
     29,9238	   0,0119068	74,4	   0,0119791	74,1
     29,9272	   0,0119699	74,7	   0,0119268	74,3
     29,9306	   0,0120054	74,2	   0,0120183	75,4
      29,934	   0,0120639	75,0	    0,012036	74,3
     29,9374	   0,0120501	74,7	    0,011966	75,1
     29,9409	     0,01214	75,7	   0,0121202	74,7
     29,9443	   0,0120459	74,9	   0,0121042	75,4
     29,9477	   0,0121844	74,3	   0,0121242	75,5
     29,9511	   0,0121738	74,8	    0,012152	74,6
     29,9545	   0,0121835	74,4	    0,012149	76,0
      29,958	   0,0122535	75,2	   0,0122725	74,2
     29,9614	   0,0122168	74,6	   0,0121802	75,2
     29,9648	   0,0123226	74,4	   0,0122612	75,1
     29,9682	    0,012307	74,7	   0,0123007	75,4
     29,9717	   0,0123205	74,0	   0,0122706	75,0
     29,9751	   0,0123858	75,2	   0,0123667	74,8
     29,9785	   0,0124222	74,7	   0,0124054	74,8
     29,9819	   0,0124208	75,8	   0,0123405	74,6
     29,9853	   0,0124306	74,2	   0,0123742	75,0
     29,9888	   0,0124807	75,1	   0,0125245	75,0
     29,9922	   0,0125498	74,7	   0,0124819	74,8
     29,9956	   0,0125184	74,8	    0,012546	74,9
      29,999	   0,0126411	74,3	   0,0125192	74,5
     30,0024	   0,0126146	75,7	   0,0125901	74,6
     30,0059	   0,0125984	74,7	   0,0126075	74,1
     30,0093	   0,0127982	74,8	    0,012599	75,7
     30,0127	   0,0126233	75,1	   0,0127419	75,3
     30,0161	   0,0127506	74,8	   0,0126507	74,9
     30,0196	     0,01278	74,9	   0,0127904	75,1
      30,023	   0,0127924	74,4	   0,0127337	74,8
     30,0264	   0,0128132	75,5	   0,0128253	74,6
     30,0298	   0,0128388	75,4	   0,0128299	74,1
     30,0332	   0,0129052	74,6	   0,0128304	75,8
     30,0367	    0,012898	75,9	   0,0129535	74,3
     30,0401	   0,0129468	74,7	   0,0128774	75,4
     30,0435	   0,0130867	75,3	   0,0130084	75,4
     30,0469	   0,0129771	74,6	   0,0130345	74,6
     30,0503	   0,0131214	74,9	   0,0129797	74,4
     30,0538	    0,013081	74,7	    0,013099	75,8
     30,0572	   0,0131577	75,3	   0,0130767	74,6
     30,0606	   0,0131738	74,4	   0,0131451	74,5
      30,064	   0,0131601	75,0	   0,0131924	74,8
     30,0674	   0,0132345	74,9	   0,0131512	74,8
     30,0709	   0,0132688	75,6	    0,013337	75,1
     30,0743	   0,0132858	74,9	   0,0132595	75,0
     30,0777	   0,0133025	74,7	   0,0133433	75,3
     30,0811	   0,0134131	75,3	   0,0133389	74,6
     30,0846	   0,0133573	75,0	   0,0133874	75,6
      30,088	   0,0134727	75,2	   0,0134582	74,7
     30,0914	   0,0133925	74,6	   0,0134748	74,2
     30,0948	   0,0135962	75,2	   0,0134845	75,0
     30,0982	   0,0135505	75,1	   0,0135591	75,0
     30,1017	   0,0136168	74,6	   0,0136098	75,2
     30,1051	   0,0137103	74,7	   0,0136839	75,6
     30,1085	    0,013688	74,9	   0,0135954	74,7
     30,1119	   0,0137041	74,7	   0,0137124	75,9
     30,1153	   0,0137395	74,4	   0,0137957	75,6
     30,1188	   0,0138447	75,4	   0,0136875	75,6
     30,1222	   0,0138293	74,2	   0,0139188	75,2
     30,1256	   0,0139228	75,4	    0,013642	75,8
      30,129	   0,0139021	75,2	   0,0140553	74,1
     30,1325	   0,0139775	75,4	   0,0139752	72,4
     30,1359	   0,0140345	75,4	   0,0140961	75,5
     30,1393	   0,0140186	75,0	   0,0139386	75,0
     30,1427	   0,0141684	75,4	   0,0141387	75,4
     30,1461	   0,0141084	75,2	    0,014116	75,1
     30,1496	   0,0142317	74,9	   0,0141425	75,1
      30,153	   0,0142227	75,2	   0,0142027	75,5
     30,1564	   0,0142666	74,8	   0,0142259	74,6
     30,1598	   0,0143302	75,0	   0,0143288	74,8
     30,1632	   0,0143905	75,0	    0,014321	75,8
     30,1667	   0,0144217	74,8	   0,0144058	75,0
     30,1701	   0,0144142	75,2	    0,014407	75,2
     30,1735	   0,0145644	75,1	   0,0145255	74,3
     30,1769	   0,0145039	74,3	   0,0145523	74,4
     30,1804	   0,0146389	75,5	   0,0145757	76,1
     30,1838	   0,0146192	74,1	   0,0145826	74,6
     30,1872	   0,0147555	75,0	   0,0146881	75,0
     30,1906	   0,0147498	74,8	   0,0147074	74,5
      30,194	   0,0147648	75,2	   0,0147994	74,6
     30,1975	   0,0148477	75,1	   0,0147942	74,9
     30,2009	   0,0148983	75,4	   0,0149171	74,8
     30,2043	   0,0149824	74,8	   0,0148806	75,0
     30,2077	   0,0150238	75,0	   0,0149429	75,3
     30,2111	   0,0150581	74,6	   0,0150113	74,3
     30,2146	   0,0150958	75,6	   0,0150998	75,0
      30,218	   0,0151859	75,7	   0,0151107	75,4
     30,2214	   0,0151762	75,8	   0,0152261	75,0
     30,2248	   0,0152594	75,4	   0,0151879	74,8
     30,2283	   0,0153467	74,9	   0,0153581	75,0
     30,2317	   0,0153954	75,2	   0,0152924	75,0
     30,2351	   0,0153958	75,9	   0,0154672	74,9
     30,2385	   0,0155155	74,9	   0,0154218	74,7
     30,2419	   0,0154665	75,1	   0,0155162	75,2
     30,2454	   0,0156052	75,2	   0,0155512	75,1
     30,2488	   0,0156442	75,3	    0,015607	75,5
     30,2522	   0,0157128	75,2	   0,0156665	75,9
     30,2556	   0,0157741	75,4	   0,0157873	75,4
      30,259	   0,0158323	75,4	   0,0157876	76,0
     30,2625	   0,0158601	75,2	     0,01586	76,3
     30,2659	   0,0159769	75,1	    0,015934	75,4
     30,2693	   0,0159146	75,7	   0,0159566	75,6
     30,2727	   0,0161175	75,3	   0,0160805	75,4
     30,2761	   0,0161305	75,7	   0,0161434	74,9
     30,2796	   0,0162551	76,1	   0,0161812	75,0
      30,283	   0,0162372	75,7	   0,0162346	75,2
     30,2864	   0,0162508	75,6	   0,0162755	75,6
     30,2898	   0,0164788	75,8	    0,016382	75,5
     30,2933	   0,0164837	76,1	   0,0164782	75,6
     30,2967	   0,0165024	76,1	   0,0165348	75,7
     30,3001	   0,0165902	76,0	   0,0165818	75,7
     30,3035	   0,0166916	75,9	    0,016617	76,2
     30,3069	   0,0167054	76,6	   0,0167953	75,7
     30,3104	   0,0167854	75,4	   0,0167651	75,9
     30,3138	   0,0168732	75,5	   0,0169267	76,2
     30,3172	   0,0169484	75,6	     0,01687	75,4
     30,3206	   0,0170434	76,7	   0,0170101	75,6
      30,324	   0,0171047	75,5	   0,0170974	76,0
     30,3275	   0,0171495	76,6	   0,0170841	75,6
     30,3309	   0,0172701	76,1	    0,017237	75,8
     30,3343	   0,0172882	75,7	   0,0172828	76,7
     30,3377	   0,0174118	76,0	   0,0174041	76,7
     30,3412	   0,0174781	76,1	   0,0174861	76,5
     30,3446	   0,0175173	75,8	   0,0175573	75,1
      30,348	   0,0176533	76,1	   0,0175962	75,5
     30,3514	   0,0177481	76,2	   0,0177315	75,7
     30,3548	   0,0177676	76,1	   0,0178119	75,4
     30,3583	   0,0178681	76,1	   0,0178163	76,2
     30,3617	   0,0179364	76,1	   0,0179792	76,1
     30,3651	   0,0180591	77,1	   0,0180447	76,0
     30,3685	   0,0181788	76,1	    0,018121	76,5
     30,3719	   0,0181902	76,2	   0,0181881	76,1
     30,3754	   0,0181616	78,8	   0,0183551	76,3
     30,3788	   0,0184976	75,2	    0,018401	76,2
     30,3822	   0,0184797	75,8	   0,0184604	76,7
     30,3856	   0,0185711	75,3	   0,0186168	76,2
     30,3891	   0,0186808	76,9	   0,0186717	76,7
     30,3925	   0,0187564	76,1	   0,0187664	76,4
     30,3959	   0,0189086	76,7	   0,0188604	75,8
     30,3993	   0,0189711	76,5	   0,0189558	76,7
     30,4027	   0,0190029	77,1	   0,0191365	76,7
     30,4062	   0,0191364	76,4	   0,0191404	77,1
     30,4096	   0,0189467	76,3	   0,0192795	75,5
      30,413	   0,0189014	79,4	   0,0193788	77,1
     30,4164	   0,0194726	75,8	   0,0194519	76,1
     30,4198	   0,0193463	76,9	   0,0189711	77,6
     30,4233	   0,0196158	76,5	   0,0196371	76,4
     30,4267	   0,0197936	77,1	   0,0194694	75,8
     30,4301	   0,0198223	77,0	   0,0199661	76,2
     30,4335	    0,019772	76,6	   0,0200357	76,7
      30,437	   0,0199674	75,3	   0,0201357	75,7
     30,4404	   0,0202613	76,8	   0,0202505	77,3
     30,4438	    0,019982	81,0	   0,0203205	77,0
     30,4472	   0,0203073	79,9	   0,0206245	76,8
     30,4506	   0,0202843	75,2	   0,0206423	77,3
     30,4541	   0,0196347	73,4	   0,0206631	77,2
     30,4575	   0,0206215	77,2	   0,0209087	76,7
     30,4609	   0,0208319	76,8	   0,0210007	76,8
     30,4643	   0,0206677	81,0	   0,0211519	77,5
     30,4677	   0,0211799	78,0	   0,0212772	77,7
     30,4712	   0,0210217	78,1	   0,0213771	77,4
     30,4746	   0,0206761	74,3	   0,0216188	77,3
      30,478	   0,0209268	75,2	   0,0217424	77,1
     30,4814	   0,0212373	75,9	   0,0218565	77,0
     30,4848	   0,0214751	80,5	   0,0220143	76,8
     30,4883	   0,0220952	77,9	   0,0221297	76,7
     30,4917	    0,021856	80,8	   0,0223676	77,0
     30,4951	   0,0216176	79,7	   0,0224436	78,4
     30,4985	    0,022585	77,8	   0,0224602	77,9
      30,502	   0,0215858	76,8	   0,0223455	77,4
     30,5054	    0,022399	79,2	   0,0229022	77,9
     30,5088	    0,022759	77,5	   0,0229657	78,6
     30,5122	    0,022949	78,3	   0,0232997	78,7
     30,5156	   0,0224443	79,8	   0,0234543	78,1
     30,5191	   0,0225809	80,3	   0,0232396	80,0
     30,5225	   0,0230243	82,0	   0,0232379	80,3
     30,5259	   0,0237098	78,4	   0,0237591	78,6
     30,5293	   0,0228411	78,3	   0,0237836	78,1
     30,5327	   0,0232876	77,7	   0,0240118	80,2
     30,5362	   0,0236103	78,7	    0,024092	80,1
     30,5396	   0,0232732	81,3	   0,0240559	80,9
      30,543	   0,0233718	81,5	   0,0248058	79,2
     30,5464	   0,0235559	81,0	   0,0241814	80,4
     30,5499	   0,0243268	81,8	   0,0249954	79,5
     30,5533	   0,0243646	81,8	   0,0255064	79,3
     30,5567	   0,0246505	81,4	   0,0252987	79,4
     30,5601	   0,0248669	81,6	   0,0257997	80,2
     30,5635	   0,0252445	82,0	   0,0258808	80,0
      30,567	    0,025374	80,9	   0,0265638	78,6
     30,5704	   0,0254197	82,0	   0,0261567	80,5
     30,5738	   0,0254977	82,9	   0,0266274	81,6
     30,5772	   0,0258591	82,4	    0,027313	79,0
     30,5806	   0,0263991	81,4	    0,027579	80,0
     30,5841	   0,0264569	82,7	    0,027414	82,6
     30,5875	   0,0270476	80,9	   0,0278329	80,0
     30,5909	   0,0271258	83,6	   0,0277471	81,2
     30,5943	   0,0276746	83,2	   0,0283477	83,2
     30,5978	   0,0284268	81,2	   0,0282633	81,4
     30,6012	   0,0288282	81,1	   0,0284306	83,4
     30,6046	   0,0288744	82,2	   0,0296834	82,3
      30,608	   0,0288107	83,0	   0,0299402	82,4
     30,6114	   0,0287908	81,3	   0,0295999	83,3
     30,6149	   0,0291595	81,3	   0,0306556	83,3
     30,6183	   0,0293374	84,6	    0,031408	82,3
     30,6217	   0,0296877	85,0	    0,031036	84,2
     30,6251	   0,0306181	85,1	   0,0317452	83,4
     30,6285	   0,0307179	84,8	    0,031939	85,9
      30,632	   0,0317411	84,0	   0,0328467	86,0
     30,6354	    0,032445	84,0	   0,0321642	86,0
     30,6388	   0,0329717	84,4	   0,0336611	86,1
     30,6422	   0,0332435	85,2	   0,0341023	88,2
     30,6457	   0,0336843	85,5	   0,0354987	85,2
     30,6491	   0,0341196	85,8	   0,0367319	88,1
     30,6525	    0,034829	86,8	   0,0372733	89,3
     30,6559	   0,0351856	86,8	   0,0387903	88,5
     30,6593	   0,0359017	87,4	   0,0396998	90,6
     30,6628	   0,0360737	88,8	   0,0415024	91,3
     30,6662	   0,0369057	89,4	   0,0425715	92,5
     30,6696	   0,0374847	88,7	   0,0443722	94,8
      30,673	   0,0382297	89,9	    0,045917	97,0
     30,6764	   0,0389997	90,5	   0,0472579	98,0
     30,6799	   0,0397925	91,1	   0,0487879	100,9
     30,6833	   0,0403418	92,7	   0,0503018	103,1
     30,6867	   0,0410087	93,6	   0,0515507	104,8
     30,6901	   0,0420066	94,3	   0,0529008	107,6
     30,6935	   0,0428755	95,9	    0,054017	109,2
      30,697	   0,0439117	97,3	   0,0552355	111,4
     30,7004	   0,0446444	98,1	   0,0564288	113,7
     30,7038	   0,0457547	99,5	   0,0574186	116,5
     30,7072	   0,0468576	102,1	    0,058405	118,3
     30,7107	   0,0478729	104,0	   0,0593441	121,2
     30,7141	   0,0490503	104,7	    0,059953	122,2
     30,7175	   0,0501235	107,9	   0,0608706	124,5
     30,7209	   0,0512806	109,6	   0,0613774	126,7
     30,7243	   0,0524875	111,7	   0,0612475	128,5
     30,7278	   0,0535684	114,8	   0,0616531	132,1
     30,7312	   0,0548085	116,9	   0,0624982	133,5
     30,7346	   0,0558207	119,9	   0,0628575	134,2
      30,738	   0,0569344	123,1	   0,0628752	138,4
     30,7414	   0,0572834	125,1	   0,0637187	139,0
     30,7449	   0,0584437	127,8	   0,0633835	141,3
     30,7483	   0,0591784	131,5	   0,0642759	142,7
     30,7517	   0,0600589	133,5	   0,0645396	143,6
     30,7551	   0,0611336	136,7	   0,0647392	145,8
     30,7586	   0,0621084	139,1	   0,0649601	146,8
      30,762	   0,0623456	142,8	   0,0648841	148,8
     30,7654	   0,0629904	145,0	    0,065009	150,4
     30,7688	   0,0632992	146,2	   0,0650493	152,0
     30,7722	    0,063685	148,9	   0,0650368	153,1
     30,7757	   0,0638397	151,3	   0,0649208	155,1
     30,7791	   0,0638806	153,3	   0,0649475	157,1
     30,7825	   0,0638604	155,0	   0,0648074	158,1
     30,7859	   0,0638056	157,7	   0,0646359	158,8
     30,7893	   0,0637692	158,6	   0,0644438	161,4
     30,7928	   0,0635879	160,7	   0,0642808	161,5
     30,7962	    0,063416	162,0	   0,0641143	164,2
     30,7996	   0,0632023	164,3	   0,0638517	164,7
      30,803	   0,0629355	164,8	   0,0636771	166,2
     30,8065	   0,0627498	166,6	   0,0634245	167,1
     30,8099	   0,0624562	167,9	    0,063137	167,2
     30,8133	   0,0621795	169,2	   0,0629394	170,6
     30,8167	   0,0618147	170,7	   0,0626275	170,5
     30,8201	   0,0615864	172,1	   0,0623713	172,2
     30,8236	   0,0612086	173,1	   0,0620213	172,4
      30,827	   0,0609227	175,0	   0,0617302	173,7
     30,8304	   0,0604772	176,1	   0,0614236	174,5
     30,8338	    0,060091	177,8	     0,06108	176,2
     30,8372	   0,0597794	178,0	   0,0607271	176,9
     30,8407	   0,0593851	179,2	   0,0604196	178,2
     30,8441	   0,0589993	181,0	   0,0601009	179,6
     30,8475	   0,0585807	181,3	   0,0597307	180,4
     30,8509	   0,0581595	183,2	   0,0594373	181,6
     30,8543	   0,0578671	183,7	   0,0590369	182,1
     30,8578	   0,0573574	185,5	   0,0586234	182,9
     30,8612	   0,0570042	185,3	   0,0583054	183,4
     30,8646	   0,0565338	187,2	   0,0579332	184,4
      30,868	   0,0561284	186,4	    0,057541	186,8
     30,8715	   0,0556936	189,2	   0,0572346	187,5
     30,8749	     0,05526	189,5	   0,0568767	188,7
     30,8783	   0,0548876	190,3	   0,0564342	189,6
     30,8817	   0,0543852	191,3	   0,0560004	190,6
     30,8851	   0,0540095	191,5	   0,0555962	189,3
     30,8886	   0,0536024	193,0	    0,055223	191,5
      30,892	   0,0531577	193,3	   0,0548128	191,6
     30,8954	   0,0527675	194,6	   0,0544639	192,9
     30,8988	   0,0523818	194,5	   0,0540657	193,1
     30,9022	   0,0519722	195,8	    0,053724	194,3
     30,9057	   0,0514631	197,3	   0,0533029	194,9
     30,9091	   0,0509714	197,4	   0,0528945	196,2
     30,9125	    0,050658	198,5	   0,0524361	196,7
     30,9159	   0,0502502	198,9	   0,0520534	197,4
     30,9194	   0,0498695	-159,7	   0,0517384	197,9
     30,9228	   0,0493678	-159,8	   0,0513045	199,2
     30,9262	   0,0490074	-158,2	   0,0509574	199,5
     30,9296	   0,0485222	-158,7	   0,0505504	-159,4
      30,933	   0,0480396	-156,6	   0,0501422	-158,4
     30,9365	   0,0477196	-157,6	   0,0497483	-157,9
     30,9399	   0,0472819	-155,2	   0,0492796	-156,8
     30,9433	   0,0468854	-155,7	   0,0489702	-155,9
     30,9467	   0,0465827	-154,2	   0,0485507	-156,9
     30,9501	    0,046111	-154,0	   0,0481903	-155,2
     30,9536	   0,0457029	-153,2	   0,0478591	-155,3
      30,957	   0,0452535	-153,3	   0,0474659	-153,2
     30,9604	   0,0449018	-151,8	   0,0470707	-153,1
     30,9638	   0,0445163	-151,4	   0,0466679	-152,5
     30,9673	   0,0441251	-150,6	   0,0462512	-151,8
     30,9707	   0,0437189	-150,9	   0,0459042	-151,6
     30,9741	   0,0433134	-149,2	   0,0455317	-150,1
     30,9775	   0,0428987	-149,3	   0,0451619	-149,9
     30,9809	   0,0424916	-148,2	   0,0447673	-149,3
     30,9844	   0,0422124	-148,6	   0,0442558	-149,1
     30,9878	   0,0417577	-146,7	   0,0439312	-148,1
     30,9912	   0,0413932	-146,1	   0,0435703	-147,5
     30,9946	   0,0409539	-145,6	   0,0431905	-147,1
      30,998	   0,0405865	-146,0	   0,0428269	-146,6
     31,0015	   0,0402419	-144,8	   0,0424479	-145,5
     31,0049	   0,0398403	-144,7	   0,0420598	-144,7
     31,0083	   0,0395592	-145,1	   0,0416216	-144,9
     31,0117	   0,0391604	-143,0	   0,0412555	-143,6
     31,0152	   0,0387444	-143,1	   0,0408886	-143,5
     31,0186	   0,0383986	-143,1	   0,0404994	-142,7
      31,022	    0,038006	-141,6	   0,0401708	-141,7
     31,0254	   0,0376149	-141,2	   0,0398163	-142,9
     31,0288	   0,0373504	-140,7	   0,0393711	-140,8
     31,0323	    0,037006	-140,2	   0,0390332	-140,9
     31,0357	   0,0365865	-139,7	   0,0386461	-141,4
     31,0391	   0,0362506	-139,6	   0,0383096	-139,6
     31,0425	   0,0359365	-138,7	   0,0378073	-139,6
     31,0459	   0,0356325	-139,2	    0,037511	-139,1
     31,0494	   0,0353374	-137,9	    0,037144	-138,7
     31,0528	   0,0350015	-137,5	   0,0367285	-138,3
     31,0562	   0,0345655	-136,9	   0,0363671	-137,9
     31,0596	   0,0342164	-137,1	   0,0360662	-137,7
      31,063	   0,0338503	-136,3	   0,0356987	-137,1
     31,0665	   0,0335887	-135,3	   0,0353536	-136,7
     31,0699	   0,0331989	-136,7	   0,0348787	-135,9
     31,0733	   0,0328449	-134,4	   0,0346253	-135,4
     31,0767	   0,0325575	-134,5	   0,0342761	-135,6
     31,0802	   0,0322516	-134,6	    0,033919	-134,8
     31,0836	   0,0319984	-133,6	   0,0335716	-133,6
      31,087	   0,0316579	-134,4	   0,0331721	-134,7
     31,0904	   0,0313351	-132,9	    0,032914	-134,2
     31,0938	   0,0310275	-132,7	   0,0324593	-134,1
     31,0973	   0,0306336	-133,8	   0,0321937	-133,6
     31,1007	   0,0304101	-132,4	   0,0317994	-133,2
     31,1041	   0,0300649	-132,0	   0,0314487	-132,0
     31,1075	   0,0297461	-131,5	   0,0311861	-132,0
     31,1109	   0,0294341	-131,5	    0,030857	-131,2
     31,1144	   0,0291642	-130,8	    0,030577	-130,5
     31,1178	   0,0287745	-130,3	    0,030207	-132,0
     31,1212	   0,0285058	-130,8	   0,0297869	-130,1
     31,1246	   0,0282434	-129,7	   0,0295473	-130,4
     31,1281	   0,0280104	-130,0	   0,0291792	-130,3
     31,1315	   0,0276843	-129,7	   0,0289416	-129,9
     31,1349	   0,0273513	-128,4	    0,028664	-129,6
     31,1383	   0,0270672	-128,3	   0,0283495	-129,7
     31,1417	   0,0267702	-129,4	   0,0279803	-129,0
     31,1452	   0,0265482	-129,1	   0,0276847	-129,2
     31,1486	   0,0262049	-128,4	   0,0273797	-128,8
      31,152	   0,0259022	-128,9	   0,0270489	-128,1
     31,1554	   0,0257119	-127,6	   0,0265365	-128,2
     31,1588	   0,0255014	-127,4	   0,0263093	-127,5
     31,1623	   0,0250744	-126,3	   0,0260699	-127,1
     31,1657	    0,024783	-127,6	   0,0259065	-128,1
     31,1691	   0,0246058	-127,2	   0,0255817	-126,5
     31,1725	   0,0240316	-126,5	   0,0252996	-125,5
      31,176	   0,0237679	-126,5	    0,024926	-127,1
     31,1794	   0,0238194	-126,6	   0,0246922	-127,1
     31,1828	   0,0234916	-125,8	   0,0243967	-125,3
     31,1862	   0,0232549	-126,1	   0,0242326	-127,2
     31,1896	   0,0229577	-125,9	   0,0238376	-125,4
     31,1931	   0,0223044	-126,6	   0,0236406	-125,6
     31,1965	   0,0221645	-125,7	   0,0234484	-126,2
     31,1999	   0,0221646	-124,9	   0,0232482	-125,0
     31,2033	   0,0218022	-127,0	   0,0229688	-124,8
     31,2067	   0,0215183	-123,8	   0,0224999	-124,2
     31,2102	   0,0212003	-125,3	   0,0222381	-123,4
     31,2136	   0,0208875	-123,8	   0,0219597	-123,8
      31,217	   0,0205393	-124,0	   0,0218738	-125,1
     31,2204	   0,0203172	-124,5	   0,0214889	-122,6
     31,2239	   0,0203936	-124,8	   0,0213503	-123,9
     31,2273	   0,0201817	-124,7	   0,0211372	-123,2
     31,2307	   0,0200509	-124,3	   0,0208211	-121,8
     31,2341	   0,0196614	-124,5	   0,0207415	-122,9
     31,2375	   0,0194117	-125,6	     0,02024	-125,8
      31,241	   0,0191677	-124,9	   0,0203296	-122,9
     31,2444	   0,0189611	-124,9	   0,0200319	-122,9
     31,2478	   0,0186864	-124,9	   0,0197992	-125,3
     31,2512	   0,0186953	-124,4	   0,0196146	-124,7
     31,2546	   0,0184086	-124,4	    0,019334	-123,0
     31,2581	   0,0183048	-123,8	   0,0189067	-123,6
     31,2615	   0,0180082	-124,2	   0,0186825	-124,0
     31,2649	   0,0178329	-124,9	   0,0185868	-125,1
     31,2683	   0,0176394	-125,0	   0,0181314	-125,2
     31,2717	   0,0174299	-123,6	   0,0180464	-124,3
     31,2752	   0,0172106	-124,7	   0,0179898	-124,0
     31,2786	   0,0171006	-124,2	   0,0178174	-124,1
      31,282	   0,0171155	-122,8	   0,0173898	-124,4
     31,2854	   0,0169931	-124,6	   0,0175503	-122,7
     31,2889	   0,0167076	-123,0	    0,017095	-125,3
     31,2923	   0,0168301	-121,9	   0,0169437	-124,1
     31,2957	   0,0166231	-122,6	   0,0168998	-123,9
     31,2991	   0,0165775	-122,3	   0,0165995	-123,5
     31,3025	   0,0163766	-122,0	    0,016427	-123,4
      31,306	   0,0161729	-121,4	   0,0162434	-124,3
     31,3094	   0,0159839	-122,3	   0,0160903	-124,3
     31,3128	     0,01589	-122,0	   0,0158918	-122,9
     31,3162	    0,015603	-122,6	   0,0158299	-123,4
     31,3196	   0,0152698	-121,9	   0,0156897	-123,5
     31,3231	    0,015317	-123,9	   0,0155546	-124,6
     31,3265	   0,0152803	-120,6	   0,0154006	-123,9
     31,3299	   0,0151741	-122,0	    0,015377	-122,5
     31,3333	   0,0149196	-121,7	   0,0152987	-122,4
     31,3368	    0,014913	-120,4	    0,015136	-121,9
     31,3402	   0,0145144	-120,7	   0,0150792	-122,1
     31,3436	   0,0143822	-123,5	    0,014718	-123,6
      31,347	   0,0144235	-122,1	   0,0147264	-120,6
     31,3504	   0,0142431	-120,6	   0,0141889	-123,5
     31,3539	   0,0139388	-121,5	   0,0141305	-124,4
     31,3573	   0,0138319	-121,6	    0,013935	-124,7
     31,3607	   0,0137516	-121,8	   0,0138443	-124,2
     31,3641	   0,0133839	-124,1	   0,0138272	-122,7
     31,3675	   0,0137952	-121,3	   0,0137478	-124,2
      31,371	   0,0133803	-121,6	   0,0137737	-122,1
     31,3744	   0,0132326	-121,8	   0,0135028	-120,8
     31,3778	    0,013238	-122,7	   0,0134213	-120,8
     31,3812	   0,0130838	-120,4	   0,0132641	-121,3
     31,3847	   0,0128085	-123,2	   0,0132798	-121,0
     31,3881	   0,0128311	-121,0	   0,0130686	-122,3
     31,3915	   0,0125091	-122,8	   0,0129262	-123,1
     31,3949	   0,0124849	-122,3	   0,0128893	-121,5
     31,3983	   0,0123894	-121,5	   0,0126034	-123,2
     31,4018	    0,012464	-120,5	   0,0125978	-120,8
     31,4052	    0,012289	-120,2	   0,0125138	-122,9
     31,4086	   0,0120884	-122,4	   0,0123446	-121,4
      31,412	   0,0120096	-121,8	    0,012335	-121,6
     31,4154	   0,0118963	-122,4	   0,0121802	-121,9
     31,4189	   0,0118012	-121,7	   0,0120825	-121,9
     31,4223	   0,0117257	-121,3	   0,0119388	-121,0
     31,4257	   0,0117024	-120,4	   0,0119187	-121,7
     31,4291	   0,0115487	-121,4	   0,0119117	-120,6
     31,4326	   0,0114131	-120,5	   0,0117469	-120,9
      31,436	   0,0113565	-120,8	   0,0115795	-121,7
     31,4394	   0,0112885	-121,1	   0,0115706	-120,5
     31,4428	   0,0112342	-120,9	   0,0114111	-121,4
     31,4462	   0,0111539	-120,5	   0,0112706	-120,6
     31,4497	    0,010927	-120,8	    0,011276	-122,1
     31,4531	   0,0108856	-121,4	   0,0111209	-121,7
     31,4565	   0,0108303	-121,6	   0,0110455	-121,4
     31,4599	   0,0106922	-120,9	   0,0109405	-120,6
     31,4633	   0,0106589	-121,2	   0,0108483	-120,2
     31,4668	   0,0105218	-120,9	   0,0107372	-120,0
     31,4702	   0,0104136	-120,7	   0,0106783	-120,2
     31,4736	    0,010363	-120,4	   0,0105422	-120,5
      31,477	   0,0102478	-121,0	   0,0104419	-120,6
     31,4804	   0,0102218	-120,3	    0,010416	-122,0
     31,4839	   0,0100039	-121,4	   0,0102669	-121,7
     31,4873	   0,0100723	-122,1	    0,010337	-120,5
     31,4907	  0,00998445	-121,5	   0,0100978	-122,2
     31,4941	  0,00977112	-122,1	   0,0100725	-120,4
     31,4976	  0,00980247	-120,8	  0,00998467	-121,7
      31,501	  0,00968631	-121,5	  0,00984846	-120,7
     31,5044	  0,00961074	-121,2	  0,00986075	-120,6
     31,5078	  0,00951056	-121,0	  0,00970171	-121,5
     31,5112	  0,00943139	-120,6	  0,00961305	-120,4
     31,5147	  0,00932047	-119,9	  0,00964921	-122,0
     31,5181	  0,00922508	-122,4	  0,00939194	-121,4
     31,5215	  0,00924529	-121,3	  0,00945376	-120,9
     31,5249	  0,00915282	-121,6	   0,0092993	-121,4
     31,5283	  0,00897639	-121,1	  0,00923595	-121,6
     31,5318	  0,00883904	-123,2	  0,00919013	-121,0
     31,5352	  0,00914025	-122,1	  0,00909674	-121,3
     31,5386	  0,00874067	-120,7	  0,00896637	-120,2
      31,542	  0,00886395	-122,5	  0,00897313	-121,6
     31,5455	  0,00875443	-120,5	  0,00891078	-122,9
     31,5489	   0,0086155	-120,9	  0,00881053	-122,4
     31,5523	  0,00863054	-122,6	  0,00874335	-121,5
     31,5557	  0,00848153	-121,1	  0,00859546	-122,0
     31,5591	  0,00839168	-120,4	  0,00861552	-121,2
     31,5626	  0,00839286	-121,1	  0,00839956	-121,3
      31,566	  0,00836283	-120,2	  0,00860262	-120,5
     31,5694	  0,00821116	-121,9	  0,00836516	-121,5
     31,5728	  0,00818765	-121,0	   0,0083748	-120,5
     31,5762	  0,00810762	-121,4	  0,00828168	-122,1
     31,5797	  0,00798725	-121,2	  0,00817826	-121,7
     31,5831	  0,00806908	-121,8	  0,00811626	-122,0
     31,5865	  0,00792409	-121,8	  0,00813596	-121,9
     31,5899	  0,00789351	-121,9	  0,00796893	-121,9
     31,5934	  0,00782518	-122,8	   0,0079164	-122,4
     31,5968	  0,00779519	-121,4	  0,00789587	-122,1
     31,6002	  0,00767223	-121,6	  0,00776498	-121,6
     31,6036	  0,00770426	-122,7	  0,00774591	-122,6
      31,607	  0,00755162	-121,8	  0,00769759	-121,9
     31,6105	  0,00756857	-123,9	  0,00769592	-122,8
     31,6139	  0,00746549	-122,4	  0,00756854	-122,8
     31,6173	  0,00740973	-123,8	   0,0075539	-122,8
     31,6207	  0,00735053	-122,3	  0,00748627	-121,9
     31,6241	  0,00731628	-123,1	  0,00744948	-123,5
     31,6276	  0,00728222	-122,7	  0,00736688	-123,5
      31,631	  0,00715179	-122,6	  0,00734199	-121,9
     31,6344	  0,00710926	-122,0	  0,00727691	-122,8
     31,6378	  0,00707709	-123,2	  0,00720716	-121,9
     31,6413	  0,00703857	-122,6	  0,00712695	-122,4
     31,6447	   0,0070051	-122,8	  0,00704564	-123,2
     31,6481	  0,00687399	-122,8	  0,00700092	-122,2
     31,6515	   0,0068834	-123,1	  0,00697311	-122,8
     31,6549	  0,00674699	-122,7	  0,00693934	-122,2
     31,6584	  0,00686925	-122,7	  0,00687574	-122,2
     31,6618	  0,00666042	-123,4	  0,00683891	-122,8
     31,6652	  0,00675815	-122,5	  0,00679061	-123,2
     31,6686	  0,00663564	-122,9	  0,00671657	-123,5
      31,672	  0,00662621	-123,3	   0,0066356	-121,8
     31,6755	  0,00651863	-124,2	   0,0066507	-123,0
     31,6789	  0,00644573	-124,1	  0,00653202	-122,9
     31,6823	  0,00644559	-123,6	  0,00650423	-122,8
     31,6857	  0,00636563	-123,0	  0,00654381	-121,8
     31,6891	  0,00630356	-124,7	  0,00641969	-123,6
     31,6926	  0,00630865	-124,3	  0,00645752	-123,3
      31,696	  0,00625848	-124,5	  0,00627003	-123,0
     31,6994	  0,00615859	-124,2	   0,0063122	-124,0
     31,7028	  0,00619222	-124,4	  0,00619934	-124,0
     31,7063	  0,00610158	-123,7	  0,00628531	-124,1
     31,7097	  0,00606373	-124,4	   0,0060724	-125,2
     31,7131	  0,00599545	-124,1	  0,00622623	-123,7
     31,7165	  0,00602378	-124,7	  0,00601426	-124,2
     31,7199	  0,00588128	-123,3	  0,00605839	-124,7
     31,7234	  0,00593823	-124,6	  0,00600473	-123,4
     31,7268	  0,00581987	-124,6	  0,00591411	-124,4
     31,7302	   0,0058106	-123,9	   0,0058887	-124,2
     31,7336	  0,00572031	-123,6	  0,00585701	-124,4
      31,737	  0,00571814	-125,4	  0,00582314	-124,1
     31,7405	  0,00567648	-124,9	  0,00575663	-125,2
     31,7439	  0,00561316	-124,4	  0,00571484	-125,5
     31,7473	  0,00558589	-125,2	  0,00567369	-123,9
     31,7507	  0,00562792	-124,7	  0,00558676	-124,9
     31,7542	  0,00547793	-124,5	  0,00565643	-123,5
     31,7576	  0,00544768	-124,9	   0,0055414	-124,2
      31,761	  0,00546784	-124,2	  0,00548495	-125,0
     31,7644	  0,00541368	-123,8	  0,00552755	-126,5
     31,7678	  0,00540784	-126,2	  0,00541099	-125,7
     31,7713	  0,00531013	-125,8	  0,00547028	-124,6
     31,7747	  0,00532539	-125,2	  0,00538197	-124,8
     31,7781	  0,00522817	-125,3	  0,00530005	-126,2
     31,7815	  0,00524822	-126,3	  0,00534709	-126,1
     31,7849	  0,00517139	-126,2	  0,00521531	-125,3
     31,7884	  0,00515216	-124,7	  0,00524349	-126,2
     31,7918	  0,00505759	-126,5	  0,00522179	-126,1
     31,7952	  0,00508787	-125,6	  0,00509545	-126,7
     31,7986	  0,00505435	-126,4	  0,00517115	-126,1
     31,8021	  0,00500716	-126,5	  0,00506679	-125,2
     31,8055	  0,00502848	-126,1	  0,00499363	-126,6
     31,8089	  0,00489662	-126,9	   0,0050935	-125,7
     31,8123	   0,0049601	-126,2	  0,00492216	-125,4
     31,8157	   0,0048301	-127,0	  0,00493008	-127,3
     31,8192	   0,0048739	-126,9	  0,00495822	-125,3
     31,8226	  0,00480824	-126,5	  0,00481813	-127,5
      31,826	  0,00475474	-126,7	  0,00491982	-126,2
     31,8294	  0,00474922	-125,2	  0,00472081	-127,3
     31,8328	  0,00471905	-125,5	  0,00477321	-125,4
     31,8363	  0,00462739	-126,6	  0,00473903	-126,7
     31,8397	  0,00472438	-128,0	  0,00468642	-126,2
     31,8431	  0,00460264	-128,8	  0,00465082	-127,7
     31,8465	  0,00457653	-127,5	  0,00460928	-128,4
       31,85	  0,00459713	-127,8	   0,0046588	-127,8
     31,8534	  0,00444283	-128,2	  0,00452461	-126,3
     31,8568	  0,00450805	-126,5	  0,00454093	-126,4
     31,8602	  0,00453465	-128,3	  0,00450362	-128,3
     31,8636	  0,00443124	-129,0	  0,00446329	-127,9
     31,8671	  0,00444329	-129,4	  0,00448692	-128,5
     31,8705	  0,00433785	-127,7	  0,00441926	-127,6
     31,8739	  0,00434224	-128,4	    0,004396	-127,5
     31,8773	  0,00430365	-128,7	  0,00431827	-128,0
     31,8807	  0,00428697	-128,6	  0,00435225	-128,9
     31,8842	  0,00428358	-127,9	  0,00435799	-127,7
     31,8876	  0,00421077	-130,7	  0,00423447	-129,2
      31,891	  0,00414033	-130,0	  0,00430482	-128,7
     31,8944	  0,00424382	-127,1	  0,00417938	-127,4
     31,8979	  0,00412544	-129,1	  0,00423738	-128,8
     31,9013	  0,00409635	-128,9	  0,00414471	-128,2
     31,9047	  0,00409631	-129,5	  0,00406915	-130,1
     31,9081	  0,00411166	-131,7	  0,00416066	-130,2
     31,9115	  0,00396497	-128,8	  0,00403343	-130,5
      31,915	  0,00401735	-128,8	  0,00411177	-130,1
     31,9184	  0,00400715	-130,1	  0,00406072	-129,5
     31,9218	  0,00402792	-129,8	  0,00393912	-131,6
     31,9252	  0,00393263	-131,5	  0,00412905	-132,1
     31,9286	  0,00383459	-129,5	  0,00406917	-127,0
     31,9321	  0,00392778	-129,9	  0,00382441	-122,0
     31,9355	  0,00381371	-131,4	  0,00390864	-134,9
     31,9389	    0,003821	-131,1	  0,00402431	-132,1
     31,9423	    0,003837	-130,5	   0,0038491	-131,2
     31,9457	  0,00378514	-130,7	  0,00374187	-132,0
     31,9492	  0,00377507	-130,7	  0,00388679	-132,1
     31,9526	  0,00379806	-131,0	  0,00382531	-130,9
      31,956	  0,00369718	-133,5	  0,00373442	-130,8
     31,9594	  0,00365683	-131,9	  0,00374676	-132,9
     31,9629	  0,00373643	-129,9	  0,00376244	-131,7
     31,9663	  0,00372381	-131,5	  0,00362025	-131,7
     31,9697	  0,00360086	-132,1	  0,00370912	-132,2
     31,9731	  0,00359023	-132,0	  0,00361772	-132,4
     31,9765	  0,00361879	-132,7	  0,00361217	-133,4
       31,98	  0,00355486	-132,3	  0,00361218	-133,1
     31,9834	  0,00347599	-132,2	  0,00355149	-132,5
     31,9868	  0,00355575	-134,2	  0,00355726	-131,1
     31,9902	  0,00353948	-134,4	  0,00349331	-133,8
     31,9936	  0,00333097	-135,2	  0,00350741	-134,2
     31,9971	  0,00348126	-131,7	  0,00352231	-133,7
     32,0005	   0,0034789	-134,9	  0,00344598	-132,4
     32,0039	  0,00338019	-133,5	  0,00340208	-133,0
     32,0073	  0,00338076	-134,4	  0,00339089	-134,7
     32,0108	   0,0034393	-134,2	  0,00340225	-134,7
     32,0142	   0,0033293	-135,5	  0,00337352	-133,8
     32,0176	  0,00332348	-136,0	  0,00338844	-133,8
      32,021	  0,00326193	-135,6	  0,00325668	-134,9
     32,0244	  0,00324747	-136,0	  0,00331366	-135,6
     32,0279	   0,0032992	-133,9	  0,00327893	-135,8
     32,0313	  0,00326998	-137,1	  0,00327426	-136,2
     32,0347	  0,00316265	-136,5	  0,00322288	-134,9
     32,0381	  0,00324745	-135,0	  0,00323112	-136,7
     32,0415	  0,00328165	-134,5	  0,00324323	-135,4
      32,045	  0,00313278	-138,4	  0,00322159	-134,5
     32,0484	  0,00307502	-136,3	  0,00313253	-134,6
     32,0518	  0,00306123	-136,3	  0,00316786	-136,6
     32,0552	  0,00313868	-136,4	  0,00314469	-136,8
     32,0587	  0,00308383	-137,9	   0,0030699	-137,0
     32,0621	  0,00299755	-137,3	  0,00306833	-138,4
     32,0655	  0,00304899	-136,7	  0,00316712	-137,3
     32,0689	  0,00304773	-137,4	  0,00313667	-135,3
     32,0723	  0,00303633	-137,4	  0,00300244	-137,9
     32,0758	  0,00300499	-137,4	   0,0030537	-138,0
     32,0792	  0,00299355	-138,6	  0,00304435	-137,1
     32,0826	  0,00289731	-139,0	  0,00307649	-138,0
      32,086	  0,00295403	-137,2	  0,00301214	-137,8
     32,0894	   0,0030382	-138,2	  0,00291646	-137,6
     32,0929	  0,00294579	-140,6	  0,00288953	-140,8
     32,0963	  0,00287845	-140,5	  0,00293757	-140,4
     32,0997	   0,0028454	-138,8	  0,00302105	-136,8
     32,1031	  0,00289768	-138,1	  0,00289541	-137,7
     32,1065	  0,00288593	-139,0	  0,00279801	-140,6
       32,11	  0,00284699	-141,7	  0,00286248	-140,9
     32,1134	  0,00279616	-139,7	  0,00286246	-140,1
     32,1168	  0,00281232	-142,0	  0,00280317	-141,8
     32,1202	  0,00277007	-141,4	  0,00280068	-141,9
     32,1237	    0,002794	-141,9	  0,00288247	-141,4
     32,1271	  0,00273498	-140,5	  0,00285859	-139,6
     32,1305	  0,00276985	-140,2	  0,00271048	-140,7
     32,1339	  0,00276769	-141,5	  0,00267639	-141,7
     32,1373	    0,002745	-141,6	  0,00268937	-142,1
     32,1408	  0,00269118	-142,8	  0,00277412	-142,4
     32,1442	  0,00267039	-142,5	  0,00277386	-142,3
     32,1476	  0,00265538	-142,1	  0,00276792	-142,1
      32,151	  0,00265234	-142,4	  0,00270386	-143,2
     32,1544	  0,00267544	-143,1	  0,00268824	-143,9
     32,1579	  0,00266976	-143,1	  0,00269011	-141,6
     32,1613	  0,00263159	-144,6	  0,00263428	-143,7
     32,1647	  0,00263378	-143,7	   0,0027046	-143,2
     32,1681	  0,00255951	-143,6	  0,00268106	-142,7
     32,1716	  0,00255978	-144,8	  0,00261099	-143,5
      32,175	  0,00256771	-145,1	  0,00260138	-143,9
     32,1784	  0,00257013	-145,8	  0,00258158	-144,9
     32,1818	  0,00253526	-144,7	  0,00259816	-144,9
     32,1852	  0,00251951	-144,9	  0,00255412	-144,3
     32,1887	    0,002565	-144,1	  0,00250539	-145,1
     32,1921	  0,00256551	-145,7	  0,00257689	-145,8
     32,1955	  0,00250283	-146,0	  0,00259365	-145,5
     32,1989	  0,00248472	-147,0	  0,00249482	-144,6
     32,2023	  0,00247292	-146,8	  0,00252957	-145,4
     32,2058	  0,00239987	-146,5	  0,00243166	-146,5
     32,2092	  0,00245844	-146,4	  0,00243394	-147,1
     32,2126	  0,00241214	-147,8	  0,00235455	-147,9
      32,216	  0,00241513	-148,6	  0,00236997	-149,2
     32,2195	  0,00235583	-147,7	  0,00234567	-150,1
     32,2229	  0,00239108	-147,5	  0,00242048	-149,7
     32,2263	  0,00242996	-148,8	  0,00244007	-148,7
     32,2297	  0,00241466	-149,1	   0,0024603	-147,2
     32,2331	  0,00234327	-149,7	  0,00238903	-147,9
     32,2366	  0,00237994	-149,3	  0,00240516	-148,1
       32,24	  0,00235052	-148,8	  0,00240209	-149,4
     32,2434	  0,00238633	-148,9	  0,00238395	-148,6
     32,2468	  0,00236033	-149,2	  0,00232526	-148,5
     32,2502	  0,00232745	-149,8	  0,00234068	-149,5
     32,2537	  0,00236127	-150,6	   0,0022778	-150,3
     32,2571	  0,00232847	-152,2	  0,00229435	-150,5
     32,2605	  0,00226814	-152,1	   0,0022446	-151,7
     32,2639	  0,00231988	-150,8	  0,00228307	-152,2
     32,2673	  0,00229789	-151,0	  0,00223739	-151,5
     32,2708	  0,00228804	-153,3	  0,00220417	-152,7
     32,2742	  0,00224691	-153,0	   0,0022523	-152,3
     32,2776	  0,00225307	-152,3	  0,00221512	-152,2
      32,281	  0,00226479	-154,8	  0,00223922	-153,4
     32,2845	  0,00222772	-154,3	  0,00230078	-154,2
     32,2879	  0,00221225	-153,8	  0,00225051	-153,5
     32,2913	  0,00217136	-152,4	  0,00226151	-153,8
     32,2947	   0,0021701	-154,4	  0,00222049	-153,3
     32,2981	  0,00222733	-153,2	  0,00223913	-154,2
     32,3016	  0,00223051	-154,1	  0,00224398	-152,6
      32,305	   0,0022546	-153,4	  0,00219709	-153,2
     32,3084	  0,00223584	-153,2	  0,00219242	-153,9
     32,3118	  0,00227914	-155,6	  0,00210223	-155,2
     32,3153	  0,00223552	-154,7	  0,00213821	-156,2
     32,3187	  0,00220161	-157,6	  0,00212466	-156,2
     32,3221	  0,00220125	-157,6	  0,00220667	-158,0
     32,3255	  0,00221262	-156,7	  0,00222532	-157,1
     32,3289	  0,00221417	-159,0	  0,00222591	-156,8
     32,3324	  0,00219058	-155,9	  0,00219408	-158,8
     32,3358	  0,00219113	-158,5	  0,00216957	-157,4
     32,3392	  0,00219291	-159,2	  0,00218033	-157,9
     32,3426	  0,00216369	-158,6	  0,00217077	-156,9
      32,346	  0,00217688	-158,2	  0,00220111	-159,3
     32,3495	  0,00215234	-158,5	  0,00217254	-159,1
     32,3529	  0,00217793	-158,7	  0,00213968	-159,6
     32,3563	  0,00214827	-159,2	  0,00212337	-158,6
     32,3597	  0,00214747	-158,9	  0,00211775	-158,6
     32,3631	  0,00215394	-159,2	  0,00208245	-160,6
     32,3666	  0,00211899	-157,9	  0,00209776	-160,4
       32,37	  0,00212721	-159,0	  0,00209747	-158,2
     32,3734	  0,00210855	-160,2	  0,00204347	-160,4
     32,3768	  0,00216236	-160,7	  0,00204428	-159,1
     32,3803	  0,00211246	-160,7	  0,00205222	-161,7
     32,3837	  0,00203594	-162,6	  0,00207733	-161,6
     32,3871	  0,00200616	-162,3	  0,00213214	-161,5
     32,3905	  0,00206343	-162,0	  0,00211639	-162,1
     32,3939	  0,00208899	-162,4	  0,00201452	-163,6
     32,3974	  0,00207914	-162,6	  0,00201128	-163,2
     32,4008	   0,0020689	-163,0	  0,00201574	-162,9
     32,4042	  0,00209252	-162,2	  0,00202501	-164,3
     32,4076	  0,00200068	-163,6	  0,00201487	-161,7
      32,411	  0,00202538	-163,5	  0,00200045	-162,3
     32,4145	   0,0020255	-164,0	   0,0020566	-161,3
     32,4179	  0,00204248	-163,6	  0,00205859	-162,9
     32,4213	  0,00198769	-165,1	  0,00203666	-162,7
     32,4247	  0,00201777	-164,7	  0,00200454	-164,7
     32,4282	  0,00206312	-164,1	  0,00200075	-164,7
     32,4316	  0,00201196	-163,1	  0,00204361	-166,2
      32,435	  0,00203358	-167,6	  0,00198886	-166,7
     32,4384	  0,00208541	-164,8	   0,0020029	-166,4
     32,4418	   0,0020664	-166,0	  0,00200007	-167,8
     32,4453	  0,00203891	-167,2	  0,00201424	-168,7
     32,4487	  0,00198756	-166,6	   0,0020242	-164,9
     32,4521	  0,00201526	-168,1	  0,00195861	-167,8
     32,4555	  0,00202041	-168,6	  0,00198029	-167,4
     32,4589	  0,00202796	-168,2	  0,00203689	-167,6
     32,4624	  0,00196667	-170,3	  0,00202239	-167,3
     32,4658	    0,002026	-170,5	  0,00205893	-167,6
     32,4692	  0,00203135	-170,1	    0,002023	-168,1
     32,4726	  0,00205933	-171,7	  0,00206232	-166,8
     32,4761	  0,00205556	-171,3	  0,00201633	-168,2
     32,4795	  0,00199147	-169,5	  0,00201088	-168,1
     32,4829	  0,00206631	-169,7	  0,00200434	-169,1
     32,4863	  0,00204934	-170,9	  0,00207519	-168,6
     32,4897	  0,00204763	-172,6	  0,00201577	-170,4
     32,4932	  0,00202747	-171,6	  0,00203163	-171,3
     32,4966	  0,00202232	-170,0	  0,00202877	-171,9
        32,5	  0,00197745	-172,6	   0,0020531	-173,4

