X-Data [Hz]	Laser (M - Filtered) [m/s]	Phase [Deg]	Laser (M - Filtered) [m/s]	Phase [Deg]	
	002: [07-01-24 11:17]		003: [07-01-24 11:24]	
          34	   0,0165721	92,5	   0,0179542	93,6
      34,002	   0,0171297	92,6	   0,0176742	94,0
     34,0039	   0,0177118	92,9	    0,017939	93,9
     34,0059	   0,0175675	93,4	   0,0177776	92,4
     34,0078	   0,0176758	92,9	   0,0177053	92,5
     34,0098	   0,0178831	92,4	   0,0177827	93,8
     34,0117	   0,0178737	92,6	   0,0178875	93,4
     34,0137	   0,0178428	92,6	   0,0182777	93,7
     34,0156	   0,0177119	92,8	   0,0181871	93,3
     34,0176	    0,017857	93,8	   0,0179654	91,9
     34,0196	   0,0181249	93,8	   0,0181223	94,3
     34,0215	   0,0177282	93,5	   0,0179287	93,5
     34,0235	   0,0178917	93,5	   0,0181875	95,0
     34,0254	   0,0181427	93,3	   0,0179114	94,2
     34,0274	   0,0180977	92,1	   0,0184195	94,5
     34,0293	   0,0179818	93,4	   0,0181239	94,2
     34,0313	   0,0180427	92,5	   0,0179686	93,8
     34,0332	   0,0181092	93,9	   0,0177618	92,7
     34,0352	   0,0182012	94,4	   0,0182139	94,5
     34,0371	    0,018191	94,6	   0,0179709	93,3
     34,0391	   0,0183558	94,1	   0,0182462	94,0
     34,0411	   0,0184104	93,9	   0,0183667	94,3
      34,043	    0,018363	94,2	   0,0183988	95,2
      34,045	   0,0181379	93,8	   0,0183875	94,7
     34,0469	   0,0183308	94,0	   0,0184736	95,0
     34,0489	   0,0183876	95,4	   0,0183595	94,0
     34,0508	   0,0183324	94,0	   0,0183938	94,0
     34,0528	   0,0183797	95,4	   0,0182187	94,1
     34,0547	   0,0185169	94,5	   0,0185122	93,9
     34,0567	   0,0184539	95,1	   0,0182717	94,0
     34,0587	   0,0183814	94,9	   0,0185319	94,8
     34,0606	   0,0185223	94,4	    0,018265	94,9
     34,0626	   0,0186893	94,0	   0,0185517	94,7
     34,0645	   0,0185685	94,4	   0,0186215	95,1
     34,0665	    0,018786	95,0	   0,0184805	94,3
     34,0684	   0,0188524	94,1	   0,0184616	95,0
     34,0704	   0,0187242	95,3	   0,0186554	95,2
     34,0723	   0,0188571	95,2	   0,0186345	94,9
     34,0743	   0,0188242	95,9	   0,0186112	95,8
     34,0762	   0,0190411	96,2	   0,0187343	95,6
     34,0782	   0,0190411	96,4	   0,0186089	96,0
     34,0802	   0,0188864	95,1	   0,0185303	95,2
     34,0821	   0,0189689	95,9	   0,0187431	95,3
     34,0841	   0,0190297	96,7	   0,0189586	95,6
      34,086	   0,0190883	95,6	   0,0187233	95,7
      34,088	   0,0190198	95,2	   0,0189162	96,2
     34,0899	   0,0191208	95,0	   0,0187831	96,1
     34,0919	   0,0190341	94,9	   0,0188728	95,8
     34,0938	   0,0192201	95,6	   0,0189964	96,7
     34,0958	   0,0192132	95,4	   0,0188278	96,0
     34,0978	   0,0192672	95,7	   0,0190764	95,8
     34,0997	   0,0192977	95,8	   0,0189481	96,1
     34,1017	   0,0193116	96,0	   0,0192746	95,3
     34,1036	   0,0194221	96,2	   0,0189133	96,5
     34,1056	   0,0194222	97,5	    0,019396	97,0
     34,1075	   0,0194139	96,4	   0,0190954	96,2
     34,1095	   0,0194353	97,3	     0,01908	96,6
     34,1114	   0,0195506	97,6	    0,019157	96,3
     34,1134	   0,0194298	97,5	   0,0195805	97,1
     34,1153	   0,0194921	96,4	   0,0192095	97,0
     34,1173	   0,0196452	96,5	   0,0191736	96,0
     34,1193	   0,0197174	96,5	   0,0192167	96,6
     34,1212	   0,0196056	96,4	   0,0193956	96,6
     34,1232	   0,0197598	96,8	   0,0194177	96,6
     34,1251	    0,019748	97,2	   0,0193432	96,4
     34,1271	    0,019736	97,3	    0,019415	97,4
      34,129	   0,0197113	96,7	   0,0193952	97,0
      34,131	   0,0198291	97,8	   0,0197392	97,5
     34,1329	   0,0198689	97,6	   0,0193966	98,0
     34,1349	   0,0199876	97,6	   0,0194844	97,1
     34,1369	    0,020014	96,6	   0,0194949	97,0
     34,1388	   0,0200666	97,4	   0,0194746	97,1
     34,1408	   0,0201062	96,8	   0,0196642	96,4
     34,1427	    0,020117	97,7	   0,0198937	97,3
     34,1447	   0,0201261	97,9	   0,0197937	98,2
     34,1466	   0,0200777	97,9	   0,0201334	98,9
     34,1486	   0,0202198	97,8	   0,0198716	98,1
     34,1505	   0,0202156	97,9	   0,0200551	99,0
     34,1525	   0,0202957	98,2	   0,0202409	98,0
     34,1544	   0,0202174	98,3	   0,0202997	98,2
     34,1564	   0,0203223	98,5	   0,0198523	98,0
     34,1584	   0,0201563	98,8	   0,0200636	98,3
     34,1603	   0,0203711	99,0	   0,0201449	98,4
     34,1623	   0,0204504	98,5	   0,0200299	97,4
     34,1642	   0,0204982	98,6	   0,0201506	98,5
     34,1662	   0,0203496	99,1	   0,0199165	97,3
     34,1681	   0,0205783	99,0	   0,0203527	98,1
     34,1701	   0,0206296	98,5	   0,0202453	98,5
      34,172	   0,0205944	98,7	   0,0200442	99,1
      34,174	   0,0206431	98,9	   0,0204664	99,3
      34,176	   0,0207185	99,3	   0,0200302	98,7
     34,1779	   0,0207806	98,9	   0,0204212	98,7
     34,1799	   0,0208714	98,9	   0,0202854	98,4
     34,1818	   0,0208266	98,7	   0,0205677	100,2
     34,1838	   0,0209205	99,4	   0,0205019	100,2
     34,1857	   0,0209629	99,2	   0,0201083	99,3
     34,1877	   0,0209405	100,1	   0,0205016	99,6
     34,1896	    0,020986	99,4	   0,0204554	99,4
     34,1916	   0,0210412	99,4	    0,020533	99,7
     34,1936	   0,0210881	98,6	   0,0204857	99,3
     34,1955	   0,0211034	99,4	   0,0207745	99,4
     34,1975	   0,0212058	99,7	   0,0206455	99,1
     34,1994	   0,0212106	100,1	    0,020681	99,9
     34,2014	   0,0212915	100,8	   0,0207302	100,7
     34,2033	   0,0213664	100,3	   0,0207782	100,2
     34,2053	   0,0213404	100,5	   0,0211195	100,5
     34,2072	   0,0214019	100,5	     0,02086	100,1
     34,2092	   0,0214883	100,8	    0,020792	99,8
     34,2111	   0,0214957	101,4	   0,0212041	100,2
     34,2131	   0,0214652	99,5	   0,0211154	99,9
     34,2151	   0,0215907	100,8	   0,0212092	100,7
      34,217	   0,0216187	100,9	   0,0214159	100,5
      34,219	   0,0217349	100,7	   0,0209231	100,1
     34,2209	   0,0217124	100,3	   0,0213218	101,0
     34,2229	    0,021696	100,5	   0,0210779	100,9
     34,2248	   0,0217875	101,0	   0,0210903	101,0
     34,2268	   0,0217726	101,9	   0,0213371	101,8
     34,2287	   0,0218784	101,7	   0,0216991	101,5
     34,2307	    0,021801	102,3	   0,0215415	101,1
     34,2327	   0,0219145	101,6	    0,021878	101,4
     34,2346	   0,0220972	101,5	   0,0212844	102,4
     34,2366	   0,0221399	100,5	   0,0214534	101,3
     34,2385	    0,022171	101,4	   0,0221213	101,6
     34,2405	   0,0221907	102,3	    0,021729	101,0
     34,2424	   0,0222121	101,5	    0,021798	101,6
     34,2444	   0,0221862	101,9	   0,0219354	102,1
     34,2463	   0,0222088	101,3	    0,021895	101,4
     34,2483	   0,0224313	103,0	   0,0217986	102,8
     34,2502	   0,0224525	102,4	   0,0222546	102,7
     34,2522	   0,0224471	102,7	    0,021815	102,4
     34,2542	   0,0225387	102,3	   0,0221773	102,6
     34,2561	   0,0224886	102,9	   0,0222742	102,9
     34,2581	   0,0225728	103,3	   0,0223648	103,2
       34,26	   0,0227165	102,6	   0,0220609	102,9
      34,262	   0,0227384	101,8	   0,0223445	102,9
     34,2639	   0,0227916	101,9	   0,0218772	103,2
     34,2659	   0,0227508	102,0	   0,0224182	103,0
     34,2678	   0,0229111	104,1	   0,0224274	103,8
     34,2698	   0,0229497	103,9	   0,0224774	103,1
     34,2718	   0,0229732	102,3	    0,022428	103,0
     34,2737	   0,0229157	103,2	   0,0222552	102,9
     34,2757	   0,0230647	103,3	   0,0227684	103,8
     34,2776	   0,0231643	103,1	   0,0229048	104,3
     34,2796	   0,0232503	103,5	   0,0225218	104,2
     34,2815	   0,0232343	103,5	   0,0227411	105,2
     34,2835	   0,0233148	104,3	   0,0223573	104,6
     34,2854	   0,0234414	103,6	   0,0225383	104,7
     34,2874	   0,0234753	104,5	   0,0232625	104,2
     34,2893	   0,0234189	103,4	   0,0229764	104,4
     34,2913	   0,0235163	105,3	    0,023145	104,3
     34,2933	   0,0235161	104,8	   0,0231274	104,7
     34,2952	   0,0236266	105,2	   0,0226864	104,4
     34,2972	   0,0237098	105,5	    0,023311	104,8
     34,2991	   0,0236405	105,2	   0,0230339	104,2
     34,3011	   0,0232299	104,6	   0,0231323	104,5
      34,303	   0,0236907	104,9	   0,0233646	105,0
      34,305	   0,0239416	104,7	   0,0235782	105,6
     34,3069	   0,0239271	104,7	    0,023245	104,7
     34,3089	   0,0238411	104,9	    0,023143	104,9
     34,3109	   0,0239325	105,3	   0,0239334	105,1
     34,3128	   0,0239979	106,7	   0,0232942	105,9
     34,3148	   0,0243194	106,0	    0,023627	105,3
     34,3167	   0,0243234	106,3	    0,023807	106,2
     34,3187	   0,0241129	107,4	   0,0239224	106,1
     34,3206	   0,0244174	107,1	   0,0234531	105,3
     34,3226	   0,0246466	107,1	   0,0240355	106,3
     34,3245	   0,0245847	107,1	   0,0240359	106,3
     34,3265	   0,0246563	107,0	   0,0241421	106,3
     34,3284	   0,0245911	107,7	     0,02368	105,8
     34,3304	   0,0248769	107,8	   0,0240784	107,0
     34,3324	   0,0241176	108,3	   0,0242017	108,0
     34,3343	   0,0249168	108,3	   0,0241042	108,0
     34,3363	   0,0249845	108,2	   0,0245525	108,7
     34,3382	   0,0249802	107,4	   0,0243097	107,8
     34,3402	    0,024951	108,1	   0,0246854	107,6
     34,3421	   0,0251614	107,3	   0,0242447	107,5
     34,3441	   0,0252533	107,0	   0,0245821	108,4
      34,346	   0,0252615	108,1	   0,0244675	108,2
      34,348	   0,0252585	108,2	   0,0246235	108,6
       34,35	   0,0254584	109,0	   0,0248279	109,0
     34,3519	    0,025168	108,7	   0,0250238	110,2
     34,3539	   0,0255893	109,2	   0,0247333	109,7
     34,3558	   0,0255713	109,6	   0,0249718	109,5
     34,3578	   0,0255345	109,5	   0,0253867	109,5
     34,3597	   0,0258204	109,8	   0,0249877	109,3
     34,3617	   0,0258804	109,4	   0,0248969	109,6
     34,3636	   0,0257691	110,1	   0,0255912	109,6
     34,3656	   0,0259271	109,4	   0,0251125	109,0
     34,3675	   0,0260635	110,3	   0,0255568	110,4
     34,3695	   0,0260839	110,6	   0,0250609	110,6
     34,3715	   0,0260024	110,9	   0,0257639	110,8
     34,3734	   0,0260554	110,6	   0,0256702	110,7
     34,3754	    0,026284	110,0	   0,0254452	109,3
     34,3773	   0,0263945	110,1	   0,0257335	110,5
     34,3793	   0,0264793	109,9	   0,0260235	111,1
     34,3812	   0,0263646	110,5	   0,0262611	110,2
     34,3832	   0,0261931	110,8	   0,0256497	110,4
     34,3851	   0,0262802	111,2	    0,025925	111,4
     34,3871	   0,0266729	110,6	   0,0257792	112,2
     34,3891	   0,0267833	112,0	   0,0266566	112,6
      34,391	   0,0266735	112,5	   0,0263412	112,8
      34,393	   0,0269519	112,4	   0,0265379	113,1
     34,3949	   0,0270214	112,6	   0,0259273	113,0
     34,3969	   0,0271366	112,6	   0,0265706	112,4
     34,3988	   0,0268028	113,1	   0,0270814	112,4
     34,4008	    0,027132	112,8	   0,0266815	112,9
     34,4027	   0,0272628	113,1	   0,0266662	112,3
     34,4047	   0,0273822	113,5	   0,0264877	112,9
     34,4066	   0,0274631	112,9	   0,0271954	112,9
     34,4086	   0,0274395	114,3	   0,0270202	113,5
     34,4106	   0,0276102	115,2	   0,0269426	114,1
     34,4125	   0,0276523	114,0	   0,0270367	113,5
     34,4145	   0,0278127	113,2	   0,0270418	114,1
     34,4164	   0,0277203	113,5	   0,0273245	114,1
     34,4184	   0,0279117	113,2	   0,0271707	114,2
     34,4203	   0,0280898	114,0	   0,0279124	114,6
     34,4223	   0,0280231	114,9	    0,027085	114,3
     34,4242	   0,0281847	114,8	   0,0277029	115,0
     34,4262	   0,0281134	115,0	   0,0278828	115,3
     34,4282	   0,0283578	115,6	   0,0275805	116,4
     34,4301	   0,0283965	115,5	   0,0275853	115,1
     34,4321	   0,0284905	115,3	   0,0275589	116,1
      34,434	   0,0284969	116,1	   0,0282358	117,0
      34,436	   0,0286716	116,7	   0,0279778	116,0
     34,4379	   0,0286807	117,1	   0,0279313	117,3
     34,4399	   0,0287015	116,8	   0,0281528	116,3
     34,4418	   0,0288222	117,0	   0,0281941	116,1
     34,4438	   0,0289104	116,7	    0,028517	117,4
     34,4457	   0,0287262	117,7	   0,0283677	117,0
     34,4477	   0,0290277	117,5	   0,0280366	117,3
     34,4497	   0,0288265	117,5	   0,0284407	116,8
     34,4516	   0,0291422	118,2	   0,0288708	118,1
     34,4536	   0,0291673	118,4	   0,0285047	117,8
     34,4555	    0,029382	119,6	   0,0289032	118,6
     34,4575	   0,0291821	118,4	   0,0283239	119,2
     34,4594	   0,0295049	118,1	   0,0294772	119,2
     34,4614	   0,0293839	118,3	   0,0288323	119,8
     34,4633	   0,0296153	118,6	   0,0292868	119,5
     34,4653	   0,0297176	119,7	    0,029226	120,1
     34,4673	   0,0293619	119,6	   0,0294481	120,0
     34,4692	   0,0295072	119,6	   0,0294005	121,1
     34,4712	   0,0295087	120,0	     0,02922	121,1
     34,4731	   0,0298552	119,8	   0,0295668	121,1
     34,4751	    0,030223	121,4	    0,029408	121,5
      34,477	   0,0300026	121,1	   0,0299083	121,6
      34,479	   0,0303103	121,3	    0,029937	121,4
     34,4809	   0,0302739	121,8	   0,0297336	122,3
     34,4829	   0,0301858	122,2	   0,0301482	121,5
     34,4848	   0,0301968	122,3	   0,0296448	121,9
     34,4868	   0,0304655	122,8	   0,0302455	122,6
     34,4888	   0,0307049	122,4	   0,0303688	121,7
     34,4907	   0,0308203	123,3	   0,0305701	122,9
     34,4927	   0,0309647	123,7	   0,0302622	123,2
     34,4946	   0,0310171	123,8	   0,0303156	123,0
     34,4966	   0,0308968	124,3	   0,0308134	123,0
     34,4985	   0,0309032	123,1	   0,0303199	123,6
     34,5005	   0,0311258	123,7	   0,0310307	123,6
     34,5024	   0,0312739	123,6	   0,0303513	124,5
     34,5044	   0,0312843	123,8	   0,0311354	125,5
     34,5064	   0,0313116	124,1	   0,0303759	124,1
     34,5083	    0,030849	124,8	   0,0311989	125,8
     34,5103	   0,0315724	124,7	   0,0315353	126,2
     34,5122	    0,031387	125,0	    0,031125	125,3
     34,5142	   0,0316798	124,9	   0,0311856	125,8
     34,5161	   0,0314735	125,2	    0,031494	126,2
     34,5181	   0,0316936	125,9	   0,0308804	126,5
       34,52	   0,0317663	127,6	   0,0315587	126,4
      34,522	   0,0316882	127,7	    0,031572	126,8
     34,5239	   0,0321981	127,7	   0,0312945	127,8
     34,5259	   0,0321017	128,8	   0,0317475	128,1
     34,5279	   0,0323569	128,5	    0,031385	128,5
     34,5298	   0,0320353	129,2	   0,0317876	128,5
     34,5318	   0,0320309	129,4	   0,0314289	128,7
     34,5337	   0,0322483	129,5	   0,0317956	128,6
     34,5357	   0,0322297	128,8	    0,031598	128,3
     34,5376	   0,0322831	129,2	   0,0321094	129,7
     34,5396	   0,0323769	129,8	   0,0325524	130,4
     34,5415	   0,0326913	129,6	   0,0318455	130,3
     34,5435	   0,0325397	129,9	   0,0325122	129,7
     34,5455	   0,0328466	130,3	   0,0320005	131,1
     34,5474	   0,0326083	131,7	    0,032492	131,8
     34,5494	   0,0324638	131,7	   0,0327315	132,2
     34,5513	   0,0330652	131,1	   0,0322364	132,5
     34,5533	   0,0329509	132,1	   0,0324112	132,0
     34,5552	   0,0328063	132,3	   0,0324429	132,1
     34,5572	   0,0331203	131,1	   0,0324663	133,5
     34,5591	   0,0330743	132,1	   0,0327266	132,4
     34,5611	   0,0329752	132,6	     0,03262	132,5
      34,563	   0,0333052	132,1	   0,0332266	133,3
      34,565	   0,0330506	133,8	   0,0330092	133,6
      34,567	   0,0332397	134,3	   0,0332232	133,3
     34,5689	   0,0332915	134,7	   0,0333928	134,1
     34,5709	   0,0333914	135,2	   0,0331495	134,3
     34,5728	   0,0332039	134,3	   0,0334907	134,2
     34,5748	   0,0332541	135,9	   0,0331247	134,8
     34,5767	   0,0336523	135,0	   0,0333455	136,8
     34,5787	   0,0336901	135,0	   0,0334362	137,1
     34,5806	   0,0335959	135,5	   0,0332813	137,2
     34,5826	   0,0336836	136,1	   0,0336814	137,4
     34,5846	    0,033811	136,8	   0,0330724	137,1
     34,5865	   0,0338738	137,0	   0,0335025	137,1
     34,5885	   0,0341662	137,3	   0,0332332	137,4
     34,5904	   0,0342161	138,3	    0,033608	137,2
     34,5924	   0,0342217	138,2	    0,033513	138,1
     34,5943	   0,0340998	139,7	   0,0339535	138,6
     34,5963	   0,0340276	139,3	   0,0336289	138,9
     34,5982	   0,0341571	138,2	   0,0340473	138,9
     34,6002	    0,034486	139,1	   0,0340474	139,9
     34,6021	   0,0344898	138,7	   0,0341347	140,9
     34,6041	   0,0344888	140,1	   0,0340656	140,9
     34,6061	   0,0342532	140,9	   0,0342877	141,3
      34,608	   0,0343746	140,9	   0,0343979	141,0
       34,61	   0,0345417	140,2	   0,0341412	141,5
     34,6119	   0,0346255	140,6	   0,0339622	141,4
     34,6139	   0,0348276	141,0	   0,0341929	141,4
     34,6158	     0,03449	141,4	   0,0339042	142,0
     34,6178	   0,0340885	141,4	   0,0337113	142,2
     34,6197	   0,0346824	142,4	   0,0341679	143,9
     34,6217	   0,0346324	143,7	   0,0337151	143,5
     34,6237	   0,0348582	143,3	   0,0340366	143,9
     34,6256	   0,0349401	144,0	   0,0341229	144,1
     34,6276	   0,0346833	143,9	   0,0345253	143,6
     34,6295	   0,0347568	144,9	   0,0341973	145,1
     34,6315	   0,0350087	143,4	   0,0348048	145,2
     34,6334	    0,034994	144,8	   0,0344059	145,4
     34,6354	   0,0349705	144,7	   0,0346499	146,6
     34,6373	   0,0349621	145,6	   0,0341418	145,6
     34,6393	   0,0345628	146,1	   0,0346615	145,8
     34,6413	   0,0349118	146,3	   0,0350672	146,6
     34,6432	   0,0347489	147,6	   0,0344639	146,6
     34,6452	   0,0348826	147,7	    0,034326	147,1
     34,6471	   0,0348439	146,8	   0,0340522	148,4
     34,6491	   0,0350215	146,7	   0,0343189	149,0
      34,651	   0,0346714	147,6	   0,0343402	148,0
      34,653	    0,035177	148,0	   0,0341161	148,0
     34,6549	   0,0347927	148,8	   0,0341879	148,2
     34,6569	   0,0348734	149,6	   0,0345589	148,8
     34,6588	   0,0346655	149,8	   0,0341084	149,6
     34,6608	   0,0348623	151,2	   0,0342023	149,4
     34,6628	   0,0350294	149,9	   0,0342729	150,6
     34,6647	   0,0347436	150,0	    0,034219	150,7
     34,6667	   0,0348424	151,2	   0,0347272	150,9
     34,6686	   0,0345891	152,0	   0,0341701	150,6
     34,6706	    0,034683	151,9	    0,034445	151,1
     34,6725	   0,0349098	152,0	   0,0343411	152,2
     34,6745	   0,0346931	152,1	   0,0344688	152,5
     34,6764	   0,0349702	151,8	   0,0344067	153,1
     34,6784	   0,0345818	151,7	   0,0342736	153,2
     34,6804	   0,0348504	152,3	   0,0345235	153,3
     34,6823	   0,0348692	153,4	   0,0340617	154,0
     34,6843	   0,0348172	154,7	   0,0342376	153,6
     34,6862	   0,0345844	154,4	   0,0342288	154,1
     34,6882	   0,0345944	154,0	    0,034355	153,8
     34,6901	   0,0344514	154,3	    0,034011	155,3
     34,6921	   0,0346323	154,4	   0,0346337	155,1
      34,694	   0,0346952	155,1	   0,0342262	155,9
      34,696	   0,0345743	155,9	    0,034091	156,5
     34,6979	   0,0347359	156,8	   0,0342832	155,7
     34,6999	   0,0348617	155,8	   0,0341326	155,2
     34,7019	   0,0348079	155,7	   0,0344026	156,0
     34,7038	   0,0344548	156,7	   0,0342863	156,0
     34,7058	   0,0344372	156,2	   0,0338022	156,9
     34,7077	   0,0345098	157,3	   0,0338709	157,7
     34,7097	    0,034642	158,6	   0,0342582	157,5
     34,7116	   0,0347391	158,8	   0,0340949	157,4
     34,7136	   0,0343023	157,6	   0,0337409	157,3
     34,7155	   0,0340279	159,1	   0,0338833	157,6
     34,7175	   0,0346782	158,4	   0,0340928	159,0
     34,7195	   0,0346141	159,6	   0,0338909	159,7
     34,7214	   0,0344607	160,4	   0,0343704	160,0
     34,7234	   0,0345617	159,1	   0,0340544	159,9
     34,7253	   0,0345724	160,0	   0,0339169	159,8
     34,7273	    0,034144	160,3	   0,0337988	160,8
     34,7292	   0,0339838	161,4	   0,0339438	161,1
     34,7312	   0,0341681	161,3	    0,033599	161,5
     34,7331	    0,034129	162,7	   0,0339028	161,9
     34,7351	   0,0341075	162,4	   0,0340634	161,9
      34,737	   0,0341139	162,1	   0,0337274	162,2
      34,739	   0,0340905	163,4	   0,0337728	162,6
      34,741	   0,0341574	162,6	   0,0339024	162,1
     34,7429	   0,0340409	162,4	   0,0333878	163,4
     34,7449	   0,0339081	163,7	   0,0336689	164,0
     34,7468	   0,0338626	163,6	   0,0336284	164,0
     34,7488	   0,0338242	164,7	   0,0334069	164,2
     34,7507	   0,0338669	164,3	   0,0333089	164,4
     34,7527	   0,0335763	165,2	   0,0333916	164,0
     34,7546	   0,0337221	165,1	    0,033231	164,2
     34,7566	   0,0333219	165,1	    0,033284	164,5
     34,7586	   0,0335905	166,2	   0,0335018	165,2
     34,7605	    0,033333	166,2	   0,0334515	165,5
     34,7625	   0,0332892	167,4	   0,0330656	165,4
     34,7644	   0,0336736	167,4	   0,0331707	165,7
     34,7664	   0,0333169	166,0	   0,0336442	165,8
     34,7683	   0,0331208	166,8	   0,0334284	167,2
     34,7703	   0,0332581	168,4	   0,0334297	168,6
     34,7722	   0,0332597	168,4	   0,0332859	167,7
     34,7742	     0,03349	167,8	   0,0332611	168,4
     34,7761	   0,0332161	168,2	   0,0328569	167,8
     34,7781	   0,0331346	168,1	   0,0330182	168,5
     34,7801	   0,0330921	168,3	   0,0330029	169,0
      34,782	   0,0328554	169,7	   0,0327664	169,0
      34,784	   0,0328513	169,9	   0,0323712	169,4
     34,7859	   0,0330251	168,9	   0,0324741	169,1
     34,7879	   0,0328268	169,5	   0,0324793	168,8
     34,7898	    0,032577	170,7	   0,0323083	168,6
     34,7918	    0,032517	170,7	   0,0324605	169,8
     34,7937	   0,0324723	171,8	   0,0325758	170,9
     34,7957	   0,0326225	171,5	   0,0325656	171,0
     34,7977	   0,0323604	171,4	   0,0322579	170,1
     34,7996	   0,0327993	170,8	   0,0323734	171,2
     34,8016	   0,0325703	172,2	    0,032092	171,1
     34,8035	    0,032286	171,6	   0,0317668	172,6
     34,8055	   0,0323867	172,9	   0,0319888	172,3
     34,8074	   0,0321794	172,8	   0,0320097	171,7
     34,8094	   0,0319159	173,0	   0,0320843	172,4
     34,8113	   0,0318513	172,7	   0,0318709	173,1
     34,8133	   0,0319081	173,5	   0,0318815	173,3
     34,8153	    0,031841	174,3	   0,0317293	173,3
     34,8172	   0,0318041	174,4	   0,0313815	173,9
     34,8192	   0,0317546	173,9	   0,0315824	173,3
     34,8211	   0,0315417	174,4	   0,0314072	173,4
     34,8231	   0,0316863	175,7	   0,0314457	174,2
      34,825	   0,0313655	175,4	   0,0316081	174,2
      34,827	   0,0316946	174,6	   0,0318899	175,4
     34,8289	   0,0313574	176,4	   0,0315882	175,8
     34,8309	   0,0312387	175,7	   0,0312742	175,8
     34,8328	   0,0314753	176,6	   0,0313058	175,7
     34,8348	   0,0310643	175,4	   0,0311155	175,8
     34,8368	   0,0310932	175,9	   0,0310296	176,4
     34,8387	   0,0313272	176,3	   0,0309129	176,9
     34,8407	   0,0308411	176,9	   0,0310977	176,4
     34,8426	   0,0306587	177,8	   0,0306705	176,9
     34,8446	   0,0308103	176,9	    0,030894	177,1
     34,8465	   0,0304705	177,7	    0,030896	177,2
     34,8485	   0,0305305	177,3	    0,030728	177,7
     34,8504	   0,0304055	179,0	   0,0308248	178,4
     34,8524	   0,0303965	179,5	   0,0307871	178,2
     34,8544	   0,0304007	178,7	   0,0306571	177,6
     34,8563	   0,0302189	178,5	   0,0306779	179,5
     34,8583	   0,0301113	178,4	   0,0299797	179,8
     34,8602	   0,0299146	180,7	   0,0304056	179,0
     34,8622	   0,0300919	180,5	   0,0302183	179,0
     34,8641	   0,0298623	179,3	    0,030144	179,5
     34,8661	   0,0299101	180,4	   0,0299662	179,8
      34,868	   0,0300165	181,1	   0,0300527	179,0
       34,87	   0,0299133	180,5	   0,0298604	179,3
     34,8719	    0,029512	181,1	   0,0301396	179,6
     34,8739	     0,02974	182,7	   0,0296407	180,6
     34,8759	     0,02962	181,5	   0,0296997	181,8
     34,8778	   0,0294062	181,6	   0,0296329	181,8
     34,8798	   0,0294851	181,3	   0,0295908	180,8
     34,8817	   0,0292653	181,1	   0,0297182	181,2
     34,8837	   0,0294151	182,0	   0,0295354	182,8
     34,8856	   0,0292559	182,5	   0,0294689	182,0
     34,8876	   0,0291533	182,8	   0,0292462	181,8
     34,8895	   0,0289728	183,4	   0,0290942	182,0
     34,8915	   0,0291131	183,3	   0,0290839	182,4
     34,8935	   0,0286277	182,3	   0,0291947	183,6
     34,8954	   0,0287843	183,5	   0,0290441	183,6
     34,8974	   0,0287911	183,9	   0,0289783	182,0
     34,8993	   0,0288666	183,8	   0,0287207	183,0
     34,9013	   0,0286766	183,3	   0,0285848	183,9
     34,9032	   0,0282875	185,3	   0,0287954	184,3
     34,9052	   0,0284268	184,8	   0,0284708	184,8
     34,9071	   0,0282353	184,9	    0,028746	184,1
     34,9091	    0,028442	184,5	   0,0284046	183,7
      34,911	   0,0282788	184,8	    0,028319	185,1
      34,913	   0,0279711	185,7	   0,0281069	185,0
      34,915	   0,0279457	186,4	   0,0281552	184,4
     34,9169	   0,0275813	185,4	   0,0279486	184,9
     34,9189	   0,0279289	185,3	   0,0280584	185,7
     34,9208	   0,0280483	186,7	    0,027963	185,9
     34,9228	   0,0279394	187,1	   0,0277981	186,3
     34,9247	   0,0272631	186,5	   0,0278815	185,6
     34,9267	   0,0273464	186,7	   0,0279505	187,4
     34,9286	   0,0276972	187,1	   0,0279782	186,3
     34,9306	   0,0278725	188,0	      0,0276	185,9
     34,9326	   0,0274517	187,2	   0,0276568	186,7
     34,9345	   0,0270721	187,0	   0,0274725	186,9
     34,9365	   0,0270757	187,5	   0,0272067	186,6
     34,9384	   0,0269953	188,1	   0,0272915	188,3
     34,9404	   0,0269576	188,1	   0,0271858	187,3
     34,9423	   0,0269455	189,1	   0,0273322	187,1
     34,9443	   0,0268204	189,2	   0,0270477	188,0
     34,9462	   0,0266445	188,3	   0,0272509	188,0
     34,9482	   0,0266723	188,5	   0,0271468	187,4
     34,9501	   0,0266821	189,5	   0,0268397	188,5
     34,9521	   0,0264456	190,4	   0,0267677	189,1
     34,9541	   0,0265566	189,9	    0,026935	188,8
      34,956	   0,0262802	189,2	   0,0268703	188,8
      34,958	   0,0265512	189,3	    0,026585	188,5
     34,9599	   0,0262697	190,5	   0,0267214	189,2
     34,9619	   0,0263238	190,1	   0,0264848	189,6
     34,9638	   0,0264173	191,1	    0,026422	190,5
     34,9658	   0,0261761	190,8	    0,026421	190,4
     34,9677	   0,0257291	192,3	    0,026405	189,4
     34,9697	    0,025799	191,1	   0,0263913	190,9
     34,9717	   0,0258858	190,7	   0,0262075	191,5
     34,9736	   0,0260459	190,8	   0,0258568	189,2
     34,9756	   0,0260653	191,6	    0,025847	190,3
     34,9775	   0,0257563	192,0	   0,0258427	190,5
     34,9795	   0,0257622	191,4	   0,0259365	190,9
     34,9814	   0,0257302	191,4	   0,0257854	191,1
     34,9834	   0,0255845	192,7	   0,0254876	190,9
     34,9853	   0,0253174	192,6	   0,0253403	192,3
     34,9873	   0,0249043	192,2	   0,0254552	192,3
     34,9892	     0,02544	192,8	    0,025317	191,4
     34,9912	   0,0250777	191,6	   0,0253751	192,2
     34,9932	   0,0248234	193,4	   0,0250548	192,1
     34,9951	   0,0248351	193,8	    0,025328	193,3
     34,9971	   0,0251732	193,2	   0,0250325	192,3
      34,999	   0,0249328	194,3	   0,0250307	193,3
      35,001	   0,0250145	194,0	   0,0248584	193,7
     35,0029	   0,0248656	192,8	   0,0249274	193,7
     35,0049	   0,0247676	194,3	   0,0247301	192,8
     35,0068	   0,0247885	195,2	    0,024707	193,6
     35,0088	   0,0247225	194,8	   0,0247623	195,1
     35,0108	   0,0243078	194,3	   0,0246618	193,0
     35,0127	   0,0242009	195,5	   0,0246395	194,4
     35,0147	   0,0241189	194,8	   0,0245304	194,7
     35,0166	   0,0238709	194,6	   0,0243546	194,3
     35,0186	   0,0240629	194,6	   0,0242718	193,6
     35,0205	   0,0239094	196,2	   0,0242038	194,9
     35,0225	   0,0238915	195,2	   0,0240784	195,3
     35,0244	   0,0239923	195,3	   0,0240965	195,2
     35,0264	   0,0239862	195,5	   0,0240897	195,4
     35,0283	   0,0239553	195,9	   0,0240154	195,8
     35,0303	   0,0238811	196,5	   0,0238667	196,0
     35,0323	   0,0238062	196,8	   0,0237898	195,8
     35,0342	    0,023515	196,6	   0,0237707	195,3
     35,0362	   0,0236004	196,7	   0,0238039	196,1
     35,0381	   0,0234951	196,1	   0,0236881	195,9
     35,0401	   0,0232985	196,3	    0,023624	196,6
      35,042	   0,0235131	197,0	   0,0235503	195,1
      35,044	   0,0232203	197,1	     0,02347	196,7
     35,0459	   0,0230564	196,1	   0,0233138	195,8
     35,0479	   0,0230438	197,3	   0,0234786	196,1
     35,0499	   0,0230582	198,3	   0,0234015	197,0
     35,0518	   0,0227949	197,7	   0,0230845	197,7
     35,0538	   0,0228197	197,0	   0,0229762	195,9
     35,0557	   0,0230142	197,5	   0,0230837	197,0
     35,0577	   0,0228877	197,4	   0,0229186	196,8
     35,0596	   0,0225743	199,0	   0,0228392	198,5
     35,0616	   0,0226061	199,3	   0,0227781	196,9
     35,0635	   0,0224245	198,6	   0,0224834	197,7
     35,0655	   0,0225228	197,9	   0,0226147	198,8
     35,0674	   0,0223561	198,3	   0,0227636	197,4
     35,0694	   0,0224897	199,5	   0,0226139	197,1
     35,0714	   0,0224071	199,0	    0,022247	198,3
     35,0733	    0,022089	198,9	   0,0224113	198,3
     35,0753	   0,0221814	198,8	   0,0221066	198,5
     35,0772	   0,0221639	199,3	   0,0223119	197,7
     35,0792	    0,022065	-159,7	   0,0221728	198,9
     35,0811	   0,0216305	-159,9	   0,0221171	199,9
     35,0831	   0,0217169	-160,9	   0,0219091	198,2
      35,085	   0,0216546	-159,9	    0,021931	198,2
      35,087	   0,0215847	-159,3	   0,0217892	199,5
      35,089	   0,0215479	-160,0	   0,0219309	-159,6
     35,0909	   0,0217485	-159,2	   0,0217806	-160,5
     35,0929	   0,0214458	-159,6	   0,0216418	-160,9
     35,0948	   0,0214886	-160,8	   0,0217228	-161,3
     35,0968	   0,0215561	-160,2	   0,0214195	-159,6
     35,0987	   0,0212922	-159,8	   0,0214464	-159,3
     35,1007	    0,021445	-160,0	   0,0213606	-159,7
     35,1026	   0,0212679	-159,5	   0,0213969	-160,1
     35,1046	   0,0209562	-158,1	   0,0211387	-159,9
     35,1065	   0,0211016	-158,7	   0,0211532	-158,7
     35,1085	   0,0210338	-158,9	   0,0211614	-158,8
     35,1105	   0,0207895	-158,8	   0,0211858	-158,8
     35,1124	   0,0208961	-157,2	   0,0211851	-159,3
     35,1144	   0,0209241	-158,3	   0,0210041	-159,2
     35,1163	   0,0207202	-158,4	   0,0209984	-159,2
     35,1183	   0,0206696	-158,0	   0,0207151	-158,2
     35,1202	   0,0207305	-158,7	   0,0207637	-158,2
     35,1222	   0,0205701	-158,0	   0,0206421	-159,0
     35,1241	   0,0205787	-157,2	   0,0206459	-158,6
     35,1261	   0,0202958	-158,9	   0,0206131	-157,2
     35,1281	    0,020067	-158,3	   0,0206857	-157,0
       35,13	    0,020233	-157,7	   0,0204815	-158,5
      35,132	   0,0202377	-157,8	   0,0202905	-158,0
     35,1339	   0,0202252	-156,7	   0,0201261	-159,1
     35,1359	   0,0201179	-156,9	   0,0201879	-157,9
     35,1378	   0,0200613	-157,7	   0,0203033	-157,9
     35,1398	   0,0200299	-157,4	   0,0202093	-157,6
     35,1417	   0,0198818	-156,4	   0,0202434	-157,4
     35,1437	   0,0198962	-157,0	   0,0201042	-157,6
     35,1456	   0,0198952	-156,8	   0,0200086	-156,4
     35,1476	   0,0198485	-157,5	   0,0199681	-157,6
     35,1496	   0,0196188	-157,7	   0,0198196	-156,6
     35,1515	   0,0198677	-155,8	    0,019726	-156,1
     35,1535	   0,0196488	-155,9	   0,0198126	-157,4
     35,1554	   0,0195661	-156,4	    0,019859	-157,0
     35,1574	   0,0195084	-157,1	   0,0196547	-157,1
     35,1593	   0,0195601	-156,2	   0,0195543	-156,2
     35,1613	     0,01939	-156,7	   0,0192927	-155,7
     35,1632	   0,0192932	-156,2	   0,0193716	-156,2
     35,1652	   0,0192902	-154,9	   0,0193938	-157,0
     35,1672	   0,0191052	-156,3	    0,019379	-155,3
     35,1691	   0,0191804	-156,9	   0,0192823	-155,6
     35,1711	    0,019013	-154,9	   0,0192092	-156,2
      35,173	   0,0190088	-155,8	   0,0191016	-156,7
      35,175	   0,0190137	-155,7	   0,0190751	-155,4
     35,1769	   0,0190275	-155,9	   0,0191544	-156,1
     35,1789	   0,0189011	-155,3	   0,0189754	-155,7
     35,1808	   0,0187401	-155,0	   0,0189901	-156,4
     35,1828	   0,0187545	-154,4	   0,0187986	-154,9
     35,1847	   0,0187727	-155,1	    0,018801	-154,9
     35,1867	   0,0187001	-155,4	   0,0186975	-155,5
     35,1887	   0,0185262	-153,8	   0,0187885	-154,2
     35,1906	   0,0185058	-154,5	   0,0186602	-154,2
     35,1926	   0,0185352	-155,0	   0,0186085	-155,6
     35,1945	   0,0184002	-155,0	   0,0185339	-155,0
     35,1965	   0,0184168	-154,9	   0,0183496	-153,3
     35,1984	   0,0182746	-154,7	   0,0185126	-155,1
     35,2004	   0,0183251	-153,4	    0,018423	-155,5
     35,2023	    0,018223	-153,7	   0,0182291	-153,9
     35,2043	   0,0182308	-154,4	   0,0181706	-154,2
     35,2063	   0,0181018	-153,2	   0,0181285	-153,9
     35,2082	   0,0180413	-153,6	   0,0182483	-154,3
     35,2102	   0,0178439	-154,9	    0,018171	-153,4
     35,2121	   0,0179615	-153,9	   0,0180784	-154,0
     35,2141	   0,0177631	-154,1	   0,0179302	-153,3
      35,216	   0,0177651	-152,8	   0,0178289	-153,8
      35,218	   0,0178254	-153,1	   0,0178602	-154,5
     35,2199	   0,0177206	-153,2	   0,0178209	-153,3
     35,2219	   0,0175916	-153,5	   0,0176925	-153,5
     35,2239	   0,0175837	-152,4	   0,0176784	-153,0
     35,2258	   0,0176165	-153,8	   0,0176183	-154,1
     35,2278	   0,0174669	-152,9	   0,0175775	-153,3
     35,2297	   0,0173888	-151,8	   0,0174406	-153,0
     35,2317	   0,0172105	-153,1	    0,017528	-153,1
     35,2336	   0,0173343	-152,2	   0,0174802	-153,6
     35,2356	   0,0172829	-152,4	   0,0173329	-152,0
     35,2375	   0,0171772	-152,9	   0,0174359	-153,0
     35,2395	   0,0171634	-151,8	   0,0171727	-151,9
     35,2414	   0,0171134	-150,9	   0,0172695	-153,4
     35,2434	   0,0170378	-153,2	   0,0173282	-152,6
     35,2454	   0,0170648	-152,7	   0,0170319	-151,7
     35,2473	   0,0170222	-151,2	   0,0172278	-152,3
     35,2493	   0,0168525	-152,3	   0,0169799	-152,7
     35,2512	   0,0168223	-150,9	   0,0168282	-152,7
     35,2532	   0,0167571	-152,1	    0,016927	-153,0
     35,2551	   0,0167736	-152,9	   0,0168031	-151,5
     35,2571	   0,0167452	-151,1	   0,0168669	-151,9
      35,259	   0,0164599	-152,4	   0,0167763	-153,0
      35,261	   0,0165635	-151,6	   0,0166504	-151,3
      35,263	    0,016678	-152,6	   0,0168169	-152,6
     35,2649	   0,0165296	-151,7	   0,0166096	-153,1
     35,2669	   0,0163856	-150,4	   0,0164261	-152,4
     35,2688	   0,0164804	-152,4	   0,0164092	-151,0
     35,2708	   0,0164801	-151,3	   0,0164298	-151,8
     35,2727	   0,0160847	-149,8	   0,0165304	-151,0
     35,2747	   0,0163094	-151,5	   0,0161894	-151,9
     35,2766	   0,0160654	-151,2	    0,016397	-150,8
     35,2786	   0,0161626	-151,8	   0,0163059	-151,1
     35,2805	   0,0160682	-150,6	    0,016237	-150,9
     35,2825	   0,0161956	-150,6	   0,0160756	-150,4
     35,2845	   0,0158413	-150,6	   0,0162287	-150,6
     35,2864	   0,0158952	-150,2	   0,0159218	-150,6
     35,2884	    0,015917	-150,1	   0,0162068	-151,0
     35,2903	   0,0159492	-150,9	   0,0159559	-152,2
     35,2923	   0,0157484	-151,1	   0,0160091	-151,6
     35,2942	   0,0158569	-149,4	   0,0158647	-150,0
     35,2962	   0,0157291	-150,0	   0,0159576	-151,2
     35,2981	   0,0156737	-149,5	   0,0157178	-151,0
     35,3001	   0,0156215	-150,8	   0,0158367	-150,2
     35,3021	   0,0157211	-150,4	   0,0157018	-150,7
      35,304	   0,0155414	-150,3	   0,0158194	-149,7
      35,306	   0,0155553	-150,3	    0,015622	-151,3
     35,3079	   0,0155497	-150,2	   0,0154274	-150,7
     35,3099	   0,0153259	-148,7	   0,0154309	-149,2
     35,3118	   0,0153744	-150,6	     0,01557	-150,2
     35,3138	   0,0153666	-150,3	   0,0156037	-150,4
     35,3157	   0,0152705	-149,6	   0,0153952	-150,6
     35,3177	   0,0152406	-150,3	   0,0152286	-150,7
     35,3196	   0,0152365	-149,2	   0,0152185	-149,1
     35,3216	   0,0150864	-149,4	   0,0152243	-149,9
     35,3236	   0,0151386	-149,8	    0,015311	-149,3
     35,3255	   0,0150478	-148,7	   0,0150348	-150,0
     35,3275	   0,0148125	-149,4	   0,0151736	-150,4
     35,3294	   0,0150206	-149,7	   0,0152345	-148,8
     35,3314	   0,0148659	-148,8	    0,015139	-150,0
     35,3333	   0,0148455	-148,4	   0,0149803	-149,7
     35,3353	   0,0148186	-149,5	   0,0149525	-149,5
     35,3372	   0,0149034	-148,4	   0,0149846	-149,7
     35,3392	   0,0146699	-147,8	   0,0148995	-148,2
     35,3412	   0,0147327	-150,1	   0,0148998	-149,9
     35,3431	   0,0147359	-148,7	   0,0148932	-149,5
     35,3451	   0,0145439	-149,7	   0,0147568	-148,9
      35,347	   0,0146106	-149,9	   0,0146079	-149,1
      35,349	   0,0144459	-148,9	   0,0147696	-148,5
     35,3509	   0,0144915	-149,8	   0,0146438	-148,3
     35,3529	   0,0144396	-149,1	   0,0145477	-149,5
     35,3548	   0,0144317	-148,4	   0,0145771	-148,5
     35,3568	   0,0143913	-148,4	   0,0145103	-150,2
     35,3587	    0,014334	-147,6	   0,0143993	-149,6
     35,3607	   0,0143281	-148,1	   0,0143427	-148,8
     35,3627	   0,0142366	-148,6	   0,0144813	-149,4
     35,3646	   0,0138569	-148,4	   0,0143699	-149,5
     35,3666	   0,0141974	-148,8	   0,0143351	-148,4
     35,3685	   0,0140717	-149,0	    0,014303	-148,7
     35,3705	   0,0140704	-147,9	   0,0141507	-148,6
     35,3724	   0,0141353	-147,5	   0,0141323	-147,2
     35,3744	   0,0139777	-146,7	     0,01413	-149,1
     35,3763	   0,0139396	-147,9	   0,0140412	-149,0
     35,3783	   0,0139316	-148,8	   0,0141297	-147,9
     35,3803	   0,0135188	-147,3	   0,0141623	-148,2
     35,3822	   0,0137158	-148,0	   0,0139703	-148,5
     35,3842	    0,013806	-147,3	   0,0139025	-148,3
     35,3861	   0,0137306	-148,8	   0,0139446	-149,3
     35,3881	   0,0138338	-146,5	   0,0138313	-147,1
       35,39	   0,0137158	-148,1	   0,0138503	-148,3
      35,392	   0,0136426	-147,8	   0,0136134	-148,2
     35,3939	   0,0135043	-147,4	   0,0137483	-147,7
     35,3959	   0,0135236	-146,8	   0,0137395	-148,6
     35,3979	   0,0135533	-148,3	    0,013616	-146,6
     35,3998	   0,0134927	-147,2	   0,0136855	-148,1
     35,4018	   0,0134672	-146,3	   0,0135504	-148,0
     35,4037	   0,0130803	-148,1	   0,0135827	-147,1
     35,4057	   0,0133616	-147,1	   0,0135263	-148,0
     35,4076	    0,013317	-147,9	   0,0134175	-147,7
     35,4096	   0,0132286	-148,3	   0,0134525	-147,2
     35,4115	   0,0132863	-146,7	   0,0133751	-146,9
     35,4135	   0,0131415	-148,3	   0,0133148	-147,9
     35,4154	    0,013276	-147,1	   0,0132052	-148,2
     35,4174	   0,0130315	-147,8	   0,0133208	-147,4
     35,4194	   0,0131324	-147,6	   0,0131945	-147,4
     35,4213	   0,0131149	-145,9	   0,0130649	-147,1
     35,4233	   0,0130753	-147,5	   0,0132386	-147,0
     35,4252	   0,0129267	-146,6	   0,0130677	-146,0
     35,4272	   0,0129941	-146,7	   0,0130876	-147,8
     35,4291	   0,0129293	-147,3	    0,013094	-146,6
     35,4311	   0,0128573	-146,2	   0,0129419	-146,8
      35,433	   0,0129061	-147,6	   0,0129716	-147,6
      35,435	   0,0127875	-147,0	   0,0129412	-146,9
      35,437	   0,0127124	-147,1	   0,0129349	-146,8
     35,4389	   0,0127579	-146,6	   0,0128604	-146,8
     35,4409	   0,0126252	-147,4	   0,0127318	-147,9
     35,4428	   0,0127242	-147,0	   0,0127896	-146,7
     35,4448	   0,0126456	-146,0	   0,0126968	-146,3
     35,4467	   0,0126823	-147,5	   0,0127845	-147,2
     35,4487	    0,012544	-146,0	   0,0126282	-146,8
     35,4506	   0,0125317	-145,7	   0,0126381	-145,8
     35,4526	    0,012484	-146,8	   0,0125374	-147,7
     35,4545	   0,0124597	-146,7	   0,0125572	-148,0
     35,4565	   0,0124165	-146,1	   0,0126532	-145,9
     35,4585	   0,0124036	-147,1	   0,0125388	-147,6
     35,4604	   0,0124117	-144,7	   0,0123931	-147,0
     35,4624	   0,0123255	-147,4	   0,0123713	-145,4
     35,4643	   0,0123221	-146,1	   0,0124578	-147,0
     35,4663	   0,0121927	-147,3	   0,0124119	-146,3
     35,4682	   0,0122276	-146,7	   0,0124157	-146,5
     35,4702	   0,0122998	-146,1	   0,0123067	-146,4
     35,4721	   0,0120639	-145,3	   0,0123124	-146,8
     35,4741	   0,0119475	-146,0	   0,0122127	-146,0
     35,4761	   0,0120981	-147,8	    0,012216	-146,2
      35,478	   0,0120523	-144,9	    0,012135	-146,4
       35,48	    0,012101	-146,9	   0,0122376	-145,1
     35,4819	   0,0119058	-145,8	   0,0120398	-148,0
     35,4839	   0,0119548	-146,5	     0,01206	-146,0
     35,4858	   0,0119668	-146,0	    0,011985	-146,5
     35,4878	   0,0119065	-145,3	   0,0120764	-147,1
     35,4897	   0,0118326	-146,4	   0,0119288	-145,5
     35,4917	   0,0117331	-146,2	   0,0120042	-146,6
     35,4936	   0,0118812	-145,4	   0,0118578	-145,9
     35,4956	   0,0116987	-144,9	   0,0118597	-146,1
     35,4976	   0,0117129	-146,0	    0,011801	-145,7
     35,4995	      0,0117	-145,7	   0,0118408	-146,8
     35,5015	   0,0117197	-144,9	   0,0118388	-144,9
     35,5034	   0,0115264	-145,9	   0,0117418	-146,7
     35,5054	   0,0116525	-146,1	   0,0116795	-145,7
     35,5073	   0,0116233	-144,9	   0,0117854	-146,9
     35,5093	   0,0114946	-146,5	    0,011632	-145,3
     35,5112	   0,0114682	-145,9	   0,0115479	-145,5
     35,5132	   0,0114784	-146,3	   0,0114804	-145,8
     35,5152	   0,0114431	-144,4	   0,0115185	-146,8
     35,5171	   0,0114684	-146,1	   0,0114323	-145,8
     35,5191	    0,011349	-144,5	   0,0114778	-146,5
      35,521	   0,0114343	-145,8	    0,011482	-145,1
      35,523	   0,0112946	-144,9	   0,0114202	-146,8
     35,5249	   0,0112506	-144,7	   0,0114078	-145,2
     35,5269	   0,0112813	-145,7	   0,0113624	-145,2
     35,5288	   0,0111781	-146,2	   0,0114413	-144,8
     35,5308	   0,0112718	-145,3	   0,0112268	-146,0
     35,5327	   0,0111217	-144,5	   0,0112846	-146,3
     35,5347	   0,0111094	-146,1	   0,0112162	-145,1
     35,5367	   0,0111672	-144,5	   0,0111166	-145,1
     35,5386	   0,0110989	-145,8	   0,0112397	-145,3
     35,5406	   0,0112094	-144,3	   0,0112827	-144,0
     35,5425	   0,0110728	-145,4	   0,0110952	-144,8
     35,5445	   0,0110259	-144,8	   0,0111865	-145,3
     35,5464	   0,0109665	-145,9	   0,0110115	-146,1
     35,5484	   0,0109099	-145,2	   0,0111075	-144,8
     35,5503	   0,0109174	-143,3	   0,0108525	-146,1
     35,5523	   0,0108616	-145,0	   0,0109978	-144,5
     35,5543	    0,010955	-144,6	   0,0109241	-146,3
     35,5562	   0,0108418	-144,6	   0,0109182	-144,9
     35,5582	   0,0106646	-144,5	   0,0108489	-144,9
     35,5601	   0,0109218	-145,4	   0,0109039	-146,5
     35,5621	   0,0108078	-144,2	   0,0108063	-144,4
      35,564	   0,0107317	-144,7	   0,0107478	-145,9
      35,566	   0,0105988	-145,3	   0,0107968	-144,8
     35,5679	   0,0107333	-144,6	   0,0108714	-145,7
     35,5699	   0,0106382	-142,7	   0,0107009	-144,1
     35,5718	   0,0106147	-144,6	   0,0107567	-145,4
     35,5738	   0,0105495	-144,9	   0,0105535	-144,2
     35,5758	   0,0105177	-144,5	   0,0105918	-144,6
     35,5777	   0,0105178	-144,2	   0,0106406	-145,0
     35,5797	   0,0104993	-145,1	   0,0106486	-145,8
     35,5816	   0,0105368	-143,7	   0,0105399	-145,0
     35,5836	   0,0102943	-145,3	   0,0104034	-145,3
     35,5855	   0,0104322	-144,7	   0,0104235	-144,6
     35,5875	   0,0102963	-145,3	   0,0104047	-145,8
     35,5894	   0,0102896	-143,6	    0,010527	-144,6
     35,5914	   0,0103638	-145,0	   0,0103919	-145,4
     35,5934	     0,01029	-145,4	   0,0102911	-143,3
     35,5953	   0,0103447	-143,5	    0,010384	-144,9
     35,5973	   0,0102155	-145,0	   0,0103617	-144,7
     35,5992	   0,0102411	-144,0	   0,0101809	-145,9
     35,6012	   0,0101266	-144,5	   0,0103103	-144,4
     35,6031	   0,0101286	-145,1	   0,0102163	-146,1
     35,6051	   0,0101756	-145,0	   0,0101053	-144,3
      35,607	   0,0101151	-145,6	   0,0100989	-146,2
      35,609	    0,010067	-144,2	   0,0101668	-144,1
     35,6109	   0,0101859	-143,6	    0,010179	-144,5
     35,6129	  0,00998802	-143,3	   0,0101084	-144,9
     35,6149	  0,00997857	-144,0	   0,0101301	-146,0
     35,6168	   0,0100033	-143,7	   0,0100649	-143,9
     35,6188	  0,00998084	-144,5	   0,0100295	-145,8
     35,6207	  0,00992975	-143,9	   0,0100176	-144,2
     35,6227	  0,00986682	-146,1	  0,00994487	-145,3
     35,6246	  0,00993909	-143,6	  0,00989931	-143,6
     35,6266	  0,00986146	-144,2	  0,00998309	-145,1
     35,6285	  0,00975412	-144,9	   0,0099096	-144,6
     35,6305	  0,00980572	-144,6	  0,00995667	-144,1
     35,6325	   0,0098139	-144,4	  0,00984157	-145,4
     35,6344	  0,00973009	-143,8	  0,00998546	-144,0
     35,6364	  0,00980263	-144,8	  0,00978056	-145,3
     35,6383	  0,00970423	-145,4	  0,00972586	-145,6
     35,6403	   0,0097402	-142,9	  0,00973246	-143,3
     35,6422	  0,00967329	-144,5	  0,00972822	-145,0
     35,6442	  0,00965904	-143,9	  0,00973022	-143,9
     35,6461	  0,00958172	-144,6	  0,00963364	-145,1
     35,6481	  0,00961509	-144,0	  0,00962439	-144,2
       35,65	  0,00947691	-143,4	  0,00962604	-144,6
      35,652	  0,00942812	-144,9	  0,00953921	-145,7
      35,654	  0,00956535	-144,1	  0,00962106	-144,0
     35,6559	  0,00943517	-143,0	  0,00964617	-143,8
     35,6579	  0,00953079	-145,0	  0,00945387	-144,6
     35,6598	  0,00938759	-143,1	   0,0095798	-144,7
     35,6618	  0,00941714	-145,2	  0,00946457	-144,7
     35,6637	  0,00940214	-144,5	  0,00946417	-144,8
     35,6657	  0,00936114	-143,3	  0,00940372	-145,5
     35,6676	  0,00932032	-144,3	  0,00940253	-143,8
     35,6696	  0,00928258	-143,7	  0,00940395	-144,8
     35,6716	  0,00921981	-145,5	  0,00924078	-144,5
     35,6735	  0,00929553	-143,7	  0,00935332	-144,6
     35,6755	  0,00922384	-145,3	  0,00926613	-143,1
     35,6774	   0,0091868	-145,0	  0,00929507	-144,9
     35,6794	  0,00929559	-143,8	  0,00920028	-143,4
     35,6813	   0,0090848	-144,4	  0,00925503	-145,2
     35,6833	  0,00913765	-143,6	   0,0091773	-144,5
     35,6852	  0,00907223	-145,6	  0,00918896	-144,7
     35,6872	  0,00921604	-144,1	  0,00919216	-144,8
     35,6891	   0,0089603	-144,3	  0,00913409	-144,9
     35,6911	  0,00910086	-144,6	  0,00913814	-144,6
     35,6931	  0,00903278	-143,8	  0,00906815	-143,4
      35,695	  0,00906626	-144,6	  0,00907887	-144,8
      35,697	  0,00884333	-144,1	  0,00904199	-144,2
     35,6989	  0,00898301	-144,5	  0,00898898	-145,5
     35,7009	  0,00898211	-145,1	  0,00893633	-143,2
     35,7028	  0,00889423	-144,2	  0,00895225	-144,1
     35,7048	  0,00899053	-144,3	  0,00899751	-143,6
     35,7067	  0,00889193	-143,0	  0,00891719	-144,3
     35,7087	  0,00886598	-144,3	  0,00885112	-144,0
     35,7107	  0,00884593	-144,0	  0,00895439	-144,2
     35,7126	  0,00886169	-144,7	  0,00891768	-143,7
     35,7146	  0,00875261	-143,8	  0,00888415	-145,7
     35,7165	  0,00881732	-145,5	  0,00880158	-143,9
     35,7185	  0,00872489	-144,2	  0,00881137	-143,2
     35,7204	  0,00879029	-144,1	   0,0088202	-144,1
     35,7224	  0,00875915	-144,5	   0,0087997	-146,0
     35,7243	  0,00854815	-145,0	  0,00873523	-144,2
     35,7263	  0,00872847	-144,6	  0,00873724	-144,0
     35,7282	  0,00860217	-144,2	  0,00869655	-144,0
     35,7302	  0,00866861	-144,2	   0,0086716	-144,1
     35,7322	  0,00858735	-145,2	  0,00863652	-143,8
     35,7341	  0,00860226	-143,3	  0,00864723	-143,9
     35,7361	  0,00859428	-143,7	  0,00862542	-143,6
      35,738	  0,00857379	-145,3	  0,00863511	-144,7
       35,74	  0,00854607	-145,1	  0,00847974	-144,2
     35,7419	   0,0085149	-143,9	  0,00853915	-145,3
     35,7439	  0,00848729	-144,0	  0,00845033	-143,4
     35,7458	  0,00851016	-145,3	  0,00853455	-143,9
     35,7478	  0,00830322	-144,9	  0,00853341	-145,6
     35,7498	  0,00854329	-142,5	  0,00847975	-143,8
     35,7517	  0,00836573	-145,2	  0,00842998	-144,0
     35,7537	  0,00834108	-144,4	   0,0084306	-143,6
     35,7556	  0,00834208	-146,1	   0,0083272	-144,6
     35,7576	  0,00835329	-144,1	  0,00834736	-144,2
     35,7595	  0,00837915	-144,7	  0,00835806	-143,9
     35,7615	  0,00818547	-143,5	    0,008296	-145,3
     35,7634	   0,0081411	-147,0	  0,00830334	-143,6
     35,7654	  0,00843803	-142,9	  0,00835643	-145,8
     35,7673	  0,00823594	-144,9	  0,00826761	-143,8
     35,7693	  0,00822614	-145,3	  0,00826648	-145,0
     35,7713	  0,00818195	-143,8	  0,00819568	-144,2
     35,7732	  0,00825389	-144,1	  0,00825863	-144,8
     35,7752	   0,0081872	-143,2	  0,00816887	-144,7
     35,7771	  0,00814542	-145,6	  0,00811376	-145,3
     35,7791	  0,00821036	-143,9	  0,00818774	-142,9
      35,781	  0,00828236	-144,1	  0,00812513	-144,8
      35,783	  0,00806195	-145,9	  0,00807455	-145,8
     35,7849	  0,00805603	-144,8	  0,00809056	-145,2
     35,7869	  0,00790372	-144,9	  0,00814843	-143,1
     35,7889	  0,00796893	-144,3	  0,00805516	-145,2
     35,7908	  0,00790544	-145,2	  0,00806088	-144,0
     35,7928	  0,00799113	-144,4	  0,00800262	-144,4
     35,7947	  0,00793489	-144,2	  0,00803511	-143,9
     35,7967	  0,00797175	-145,4	  0,00797584	-143,8
     35,7986	  0,00789824	-143,9	  0,00798061	-145,2
     35,8006	  0,00795358	-144,7	  0,00794951	-144,2
     35,8025	  0,00778325	-144,2	  0,00792559	-146,0
     35,8045	  0,00790681	-144,2	  0,00794489	-144,1
     35,8064	  0,00777315	-144,1	  0,00789327	-145,3
     35,8084	  0,00793248	-144,4	  0,00787981	-143,4
     35,8104	  0,00773812	-145,1	  0,00778069	-146,5
     35,8123	   0,0077049	-144,9	  0,00787849	-143,6
     35,8143	  0,00784588	-144,3	  0,00775643	-144,3
     35,8162	   0,0077969	-145,4	  0,00788775	-144,4
     35,8182	  0,00769259	-144,5	  0,00776535	-143,4
     35,8201	  0,00774273	-143,8	  0,00776081	-144,1
     35,8221	  0,00776177	-144,3	  0,00778249	-144,2
      35,824	  0,00767027	-144,6	  0,00780659	-144,8
      35,826	  0,00762134	-144,1	  0,00766756	-144,4
      35,828	    0,007609	-145,2	  0,00765734	-144,7
     35,8299	  0,00758769	-143,8	  0,00765773	-145,9
     35,8319	  0,00760827	-145,7	  0,00761199	-146,2
     35,8338	  0,00750852	-145,0	  0,00768903	-144,3
     35,8358	   0,0076731	-143,6	  0,00762819	-145,6
     35,8377	  0,00749044	-144,5	  0,00762702	-145,1
     35,8397	  0,00749637	-143,8	  0,00755521	-145,4
     35,8416	  0,00750996	-145,5	  0,00756228	-144,2
     35,8436	   0,0075372	-143,7	  0,00758466	-145,5
     35,8456	  0,00744432	-145,1	  0,00756369	-144,9
     35,8475	   0,0075313	-144,6	  0,00753369	-144,1
     35,8495	  0,00745702	-145,5	   0,0074848	-144,8
     35,8514	  0,00745129	-145,2	  0,00751415	-145,1
     35,8534	  0,00741866	-144,1	  0,00743796	-145,2
     35,8553	  0,00731985	-144,7	  0,00743597	-144,2
     35,8573	  0,00739491	-142,8	  0,00741821	-144,9
     35,8592	  0,00735837	-144,9	  0,00732855	-144,0
     35,8612	  0,00739135	-144,2	  0,00740117	-145,6
     35,8631	   0,0073418	-145,8	  0,00730565	-146,2
     35,8651	  0,00732936	-145,6	  0,00738054	-145,7
     35,8671	  0,00729483	-144,1	  0,00734707	-143,6
      35,869	  0,00718889	-144,8	  0,00723464	-145,6
      35,871	  0,00726695	-145,2	    0,007398	-143,6
     35,8729	  0,00720303	-144,7	  0,00714755	-145,7
     35,8749	  0,00721025	-145,0	  0,00731653	-145,4
     35,8768	  0,00724406	-144,6	  0,00728858	-144,4
     35,8788	  0,00715109	-144,8	  0,00716238	-146,9
     35,8807	  0,00726237	-144,4	  0,00719188	-145,0
     35,8827	  0,00713232	-147,1	  0,00722956	-144,5
     35,8847	  0,00725624	-144,1	  0,00721803	-145,8
     35,8866	  0,00704129	-146,5	  0,00716704	-145,6
     35,8886	  0,00709441	-143,4	  0,00712461	-144,8
     35,8905	  0,00711123	-146,9	  0,00717019	-145,1
     35,8925	  0,00709377	-146,2	  0,00709449	-145,3
     35,8944	  0,00711811	-144,5	  0,00712901	-145,3
     35,8964	  0,00698649	-146,0	   0,0070118	-146,3
     35,8983	  0,00714836	-144,4	  0,00703452	-144,1
     35,9003	  0,00703814	-144,5	  0,00699403	-145,4
     35,9022	  0,00697374	-146,5	  0,00703404	-145,4
     35,9042	  0,00699448	-145,2	   0,0070226	-144,8
     35,9062	  0,00706369	-145,8	  0,00686965	-145,4
     35,9081	  0,00691164	-144,7	  0,00700335	-146,4
     35,9101	  0,00693594	-145,2	    0,006934	-145,7
      35,912	   0,0069608	-145,3	  0,00701669	-144,9
      35,914	  0,00690924	-145,2	  0,00690286	-146,4
     35,9159	  0,00693753	-146,5	  0,00689767	-144,8
     35,9179	  0,00687254	-145,8	  0,00688488	-145,8
     35,9198	  0,00676409	-145,6	  0,00686133	-145,6
     35,9218	   0,0069125	-144,6	  0,00689008	-145,4
     35,9238	   0,0068351	-144,6	  0,00686277	-146,0
     35,9257	  0,00688589	-145,7	  0,00689885	-143,5
     35,9277	   0,0066912	-147,4	  0,00681848	-146,1
     35,9296	  0,00683054	-146,0	  0,00671664	-146,4
     35,9316	    0,006783	-145,6	  0,00688063	-145,1
     35,9335	  0,00681332	-146,0	  0,00667033	-145,6
     35,9355	  0,00668796	-145,0	  0,00674101	-146,4
     35,9374	  0,00673631	-144,3	  0,00669575	-144,4
     35,9394	   0,0067643	-146,0	  0,00668587	-146,4
     35,9413	  0,00667301	-145,8	  0,00679924	-146,3
     35,9433	  0,00673825	-146,3	  0,00670147	-146,4
     35,9453	  0,00671195	-145,6	  0,00666807	-145,1
     35,9472	   0,0066914	-145,6	  0,00668604	-146,4
     35,9492	  0,00658928	-146,2	  0,00660456	-145,7
     35,9511	  0,00661755	-144,8	  0,00670239	-145,1
     35,9531	  0,00666976	-145,7	  0,00668305	-145,9
      35,955	  0,00663021	-146,4	   0,0066517	-146,2
      35,957	  0,00660919	-144,2	   0,0066224	-143,8
     35,9589	  0,00651131	-146,8	  0,00653631	-146,6
     35,9609	  0,00654961	-145,8	  0,00650267	-147,8
     35,9629	  0,00658146	-145,2	  0,00661491	-146,1
     35,9648	  0,00648949	-147,5	  0,00649454	-145,3
     35,9668	  0,00652586	-145,7	  0,00655117	-147,5
     35,9687	  0,00646654	-145,9	  0,00657245	-144,3
     35,9707	  0,00645627	-147,1	  0,00642425	-147,4
     35,9726	  0,00637467	-146,8	  0,00654193	-146,1
     35,9746	  0,00641025	-144,9	   0,0065717	-145,8
     35,9765	   0,0064849	-146,5	   0,0064435	-146,6
     35,9785	   0,0064001	-145,6	  0,00638937	-146,7
     35,9804	  0,00640666	-146,9	  0,00637592	-145,7
     35,9824	  0,00630723	-147,1	  0,00640367	-147,2
     35,9844	  0,00644245	-146,0	  0,00641702	-147,1
     35,9863	  0,00629107	-145,7	  0,00647126	-147,1
     35,9883	  0,00643214	-146,3	  0,00628901	-144,9
     35,9902	  0,00630345	-144,6	  0,00638417	-147,8
     35,9922	  0,00634981	-147,0	   0,0063691	-145,5
     35,9941	  0,00631449	-147,0	  0,00626135	-145,9
     35,9961	  0,00629084	-146,4	   0,0063457	-147,4
      35,998	  0,00635837	-147,0	  0,00635201	-146,5
          36	  0,00627867	-144,9	  0,00641308	-146,1

