X-Data [Hz]	Laser (M - Filtered) [m/s]	Phase [Deg]	Laser (M - Filtered) [m/s]	Phase [Deg]	
	002: [06-28-24 10:31]		003: [06-28-24 10:37]	
          34	  0,00866656	97,8	  0,00909229	100,9
      34,002	  0,00894698	102,1	  0,00922147	98,2
     34,0039	  0,00908528	99,7	  0,00949321	97,7
     34,0059	  0,00931152	97,2	   0,0092598	97,5
     34,0078	  0,00921621	101,2	   0,0094614	98,7
     34,0098	  0,00916499	99,4	   0,0097356	102,9
     34,0117	  0,00913833	98,6	  0,00949281	101,4
     34,0137	  0,00930054	98,7	  0,00944206	97,3
     34,0156	  0,00933635	101,7	  0,00949207	102,5
     34,0176	  0,00930696	98,8	  0,00971796	97,7
     34,0196	  0,00918824	95,3	  0,00959093	97,7
     34,0215	  0,00920537	103,6	  0,00977539	102,2
     34,0235	  0,00929141	95,9	  0,00974194	98,2
     34,0254	     0,00919	103,0	  0,00947867	101,2
     34,0274	  0,00925879	99,6	  0,00949093	99,1
     34,0293	  0,00938247	96,6	  0,00970505	100,0
     34,0313	  0,00946971	102,6	  0,00959803	99,4
     34,0332	  0,00945884	96,9	  0,00954645	100,3
     34,0352	   0,0094669	104,0	   0,0097021	98,9
     34,0371	  0,00958234	96,5	  0,00964434	102,4
     34,0391	  0,00948197	98,6	  0,00983414	101,5
     34,0411	   0,0094836	101,0	  0,00981651	98,7
      34,043	  0,00940111	97,8	  0,00984389	105,0
      34,045	  0,00941861	100,6	  0,00988655	97,1
     34,0469	  0,00957886	103,7	  0,00991263	100,7
     34,0489	  0,00974583	98,4	  0,00991878	98,9
     34,0508	  0,00955703	100,8	   0,0100306	103,5
     34,0528	  0,00967881	98,9	  0,00977601	102,5
     34,0547	  0,00966238	103,1	  0,00978078	102,0
     34,0567	  0,00972269	100,0	  0,00974256	103,1
     34,0587	  0,00975227	99,3	    0,010098	104,6
     34,0606	   0,0098023	97,4	  0,00999683	99,5
     34,0626	  0,00964345	97,4	  0,00981527	100,3
     34,0645	   0,0096809	103,7	  0,00985187	102,6
     34,0665	  0,00969049	95,9	   0,0100993	97,0
     34,0684	   0,0097878	103,4	    0,010097	102,1
     34,0704	  0,00987825	96,8	   0,0101424	103,6
     34,0723	  0,00984266	102,8	  0,00998476	101,2
     34,0743	  0,00960299	100,6	  0,00989913	103,2
     34,0762	  0,00955742	98,9	  0,00999945	99,4
     34,0782	  0,00983673	103,8	    0,010169	98,5
     34,0802	  0,00988829	100,3	   0,0101559	103,1
     34,0821	  0,00985506	98,4	   0,0103005	98,3
     34,0841	  0,00984645	102,7	   0,0104011	104,6
      34,086	  0,00978051	99,1	   0,0103946	100,5
      34,088	  0,00995948	104,0	    0,010343	101,7
     34,0899	  0,00995916	97,5	   0,0101297	105,8
     34,0919	  0,00982685	99,0	   0,0101765	99,4
     34,0938	   0,0098312	103,2	   0,0102117	103,1
     34,0958	  0,00989135	99,0	   0,0103634	104,1
     34,0978	    0,010075	101,4	   0,0103977	102,6
     34,0997	   0,0101725	104,3	   0,0104661	101,7
     34,1017	   0,0100018	99,4	   0,0105863	101,0
     34,1036	  0,00991328	101,0	   0,0104791	105,5
     34,1056	   0,0100515	97,8	   0,0103801	101,6
     34,1075	   0,0101125	100,7	   0,0102909	105,2
     34,1095	  0,00999211	105,4	   0,0105135	101,5
     34,1114	   0,0100517	97,5	   0,0103975	106,4
     34,1134	   0,0101399	103,4	   0,0105259	101,0
     34,1153	    0,010304	103,4	   0,0102666	105,0
     34,1173	    0,010275	99,8	    0,010418	103,7
     34,1193	   0,0101522	102,2	   0,0105478	98,4
     34,1212	   0,0101439	103,6	   0,0106873	104,8
     34,1232	   0,0101832	98,9	   0,0104683	105,8
     34,1251	   0,0102959	103,1	   0,0104878	99,6
     34,1271	   0,0101411	98,9	   0,0105857	104,2
      34,129	   0,0102048	105,2	   0,0106566	102,0
      34,131	    0,010483	104,5	    0,010918	99,1
     34,1329	   0,0104486	99,2	   0,0107973	101,8
     34,1349	   0,0103769	104,9	   0,0111099	101,0
     34,1369	   0,0104299	100,4	   0,0109348	104,2
     34,1388	   0,0104898	103,3	    0,010934	91,4
     34,1408	   0,0105087	101,6	    0,010848	100,5
     34,1427	   0,0105558	105,7	   0,0108644	102,9
     34,1447	   0,0105198	101,2	   0,0107993	102,7
     34,1466	   0,0104473	102,2	   0,0107919	105,4
     34,1486	   0,0104676	104,2	   0,0107668	100,0
     34,1505	   0,0106151	106,3	   0,0108046	102,2
     34,1525	   0,0106403	100,0	   0,0108967	106,3
     34,1544	    0,010676	102,0	   0,0108454	103,2
     34,1564	   0,0103814	106,0	   0,0108057	105,3
     34,1584	   0,0103863	100,8	   0,0109822	103,0
     34,1603	   0,0104069	105,0	   0,0109755	105,4
     34,1623	    0,010491	102,8	   0,0109288	101,2
     34,1642	   0,0106503	104,5	   0,0111008	106,1
     34,1662	   0,0105596	102,1	   0,0109722	101,8
     34,1681	   0,0105379	103,5	   0,0111362	103,4
     34,1701	   0,0106634	104,8	   0,0113208	105,6
      34,172	   0,0108891	101,3	   0,0113028	103,2
      34,174	   0,0108939	106,3	   0,0109728	103,2
      34,176	    0,010899	102,0	   0,0110914	105,8
     34,1779	   0,0109017	101,4	   0,0113572	106,3
     34,1799	    0,010927	102,1	   0,0116111	102,9
     34,1818	   0,0109941	106,0	   0,0113524	108,8
     34,1838	   0,0109292	104,6	   0,0114191	103,8
     34,1857	   0,0109319	100,8	   0,0113725	104,8
     34,1877	   0,0108806	105,4	   0,0114782	104,8
     34,1896	   0,0109438	101,1	    0,011306	108,5
     34,1916	    0,011121	103,7	   0,0114483	103,9
     34,1936	   0,0111415	104,1	   0,0114457	109,1
     34,1955	   0,0110449	106,3	    0,011484	104,0
     34,1975	   0,0109124	101,1	   0,0116791	105,9
     34,1994	   0,0110264	105,2	   0,0116078	103,4
     34,2014	   0,0110498	103,7	   0,0114258	110,7
     34,2033	   0,0112878	105,9	   0,0114484	104,2
     34,2053	   0,0112644	101,8	   0,0116279	109,4
     34,2072	   0,0112299	106,2	   0,0115342	103,6
     34,2092	   0,0112037	102,8	   0,0117347	105,4
     34,2111	    0,011254	104,5	   0,0118863	108,8
     34,2131	   0,0111536	104,6	   0,0118212	109,2
     34,2151	   0,0112916	105,4	   0,0117396	105,8
      34,217	   0,0112023	103,1	   0,0120947	103,4
      34,219	   0,0111864	101,8	   0,0120672	105,3
     34,2209	   0,0113475	109,0	   0,0119175	108,6
     34,2229	   0,0114824	104,2	   0,0119439	104,4
     34,2248	   0,0116574	103,0	   0,0115088	106,8
     34,2268	   0,0117303	107,5	   0,0119378	103,7
     34,2287	   0,0115961	100,9	   0,0119845	108,7
     34,2307	   0,0114212	104,6	   0,0121336	104,8
     34,2327	   0,0114046	108,3	   0,0122769	108,0
     34,2346	   0,0114535	103,4	   0,0113186	104,4
     34,2366	   0,0115038	108,4	   0,0121203	107,1
     34,2385	   0,0115742	105,7	   0,0123097	107,1
     34,2405	   0,0117907	104,2	   0,0121153	107,2
     34,2424	   0,0116911	104,0	    0,012299	107,2
     34,2444	   0,0117308	107,8	   0,0121404	108,5
     34,2463	   0,0116801	103,7	   0,0122966	108,0
     34,2483	   0,0117876	105,2	   0,0121185	105,9
     34,2502	   0,0119903	109,0	   0,0122539	110,4
     34,2522	   0,0119639	103,3	   0,0120849	105,5
     34,2542	    0,012009	108,7	   0,0122551	111,6
     34,2561	   0,0118549	108,9	   0,0125046	110,6
     34,2581	   0,0118375	107,9	    0,012424	106,5
       34,26	   0,0121629	102,5	   0,0123781	108,6
      34,262	   0,0122416	108,5	   0,0124575	109,7
     34,2639	   0,0122029	102,3	   0,0124232	106,5
     34,2659	   0,0122031	109,2	    0,012515	112,0
     34,2678	   0,0121432	107,7	   0,0124234	105,2
     34,2698	   0,0121568	109,1	   0,0124798	108,3
     34,2718	   0,0122005	103,7	   0,0126423	110,2
     34,2737	   0,0121276	110,8	    0,012651	107,2
     34,2757	   0,0122455	105,4	   0,0124938	110,8
     34,2776	   0,0123854	109,0	   0,0124809	112,3
     34,2796	   0,0124003	103,7	   0,0125141	107,4
     34,2815	    0,012417	107,3	   0,0126729	111,2
     34,2835	   0,0124672	105,0	   0,0126865	106,8
     34,2854	   0,0123956	110,2	   0,0128971	108,3
     34,2874	   0,0125569	104,1	   0,0127858	109,8
     34,2893	   0,0126293	109,7	   0,0127237	109,5
     34,2913	   0,0126423	107,2	   0,0128911	109,6
     34,2933	   0,0126435	107,7	   0,0128353	108,7
     34,2952	   0,0125376	108,3	   0,0130797	113,2
     34,2972	   0,0125965	108,5	   0,0129667	109,4
     34,2991	   0,0125607	108,6	   0,0129769	113,5
     34,3011	   0,0125685	111,0	   0,0130896	106,3
      34,303	   0,0127031	106,5	   0,0131494	113,9
      34,305	   0,0128568	110,4	    0,013131	107,4
     34,3069	   0,0126554	111,7	   0,0131441	113,3
     34,3089	   0,0127783	109,2	   0,0122668	119,4
     34,3109	   0,0127601	106,9	    0,013357	111,5
     34,3128	   0,0129707	111,0	   0,0132512	108,3
     34,3148	   0,0130129	107,3	   0,0132389	115,3
     34,3167	   0,0128913	112,3	   0,0132011	108,0
     34,3187	   0,0130798	107,4	   0,0134926	114,2
     34,3206	    0,013218	109,1	    0,013463	109,2
     34,3226	   0,0130879	107,4	    0,013493	114,8
     34,3245	   0,0131101	110,4	   0,0135997	114,6
     34,3265	   0,0129805	107,3	   0,0136659	113,6
     34,3284	   0,0131194	111,0	    0,013968	110,5
     34,3304	   0,0131106	111,8	   0,0137222	113,3
     34,3324	   0,0132376	113,1	   0,0135412	112,6
     34,3343	   0,0131614	110,0	   0,0136725	115,7
     34,3363	   0,0133253	111,8	   0,0138798	109,8
     34,3382	   0,0132051	108,3	   0,0140398	114,5
     34,3402	   0,0133374	112,9	   0,0142374	107,5
     34,3421	   0,0135632	110,0	   0,0143793	115,7
     34,3441	   0,0136222	112,8	   0,0142323	111,6
      34,346	   0,0135739	109,8	   0,0144042	113,5
      34,348	   0,0134631	109,6	   0,0141766	112,9
       34,35	   0,0135061	112,2	   0,0140364	115,7
     34,3519	   0,0136537	114,1	   0,0142374	109,9
     34,3539	   0,0136266	108,2	   0,0143165	117,3
     34,3558	   0,0137191	113,4	    0,014218	112,0
     34,3578	   0,0137295	109,3	   0,0143389	115,6
     34,3597	   0,0137341	114,2	   0,0145399	110,8
     34,3617	   0,0138616	111,5	   0,0145324	117,2
     34,3636	   0,0137803	111,4	   0,0144398	114,5
     34,3656	   0,0138235	112,8	   0,0144467	112,3
     34,3675	   0,0139466	108,9	   0,0144045	116,9
     34,3695	   0,0141158	112,8	   0,0143376	112,0
     34,3715	   0,0138649	111,0	   0,0144368	117,5
     34,3734	   0,0139267	110,8	   0,0146706	110,8
     34,3754	   0,0142415	108,5	   0,0144603	114,5
     34,3773	   0,0142961	114,7	   0,0145609	118,0
     34,3793	    0,014295	110,3	   0,0146804	113,8
     34,3812	   0,0143007	114,8	   0,0148272	119,1
     34,3832	   0,0144786	112,3	   0,0147191	113,2
     34,3851	   0,0145079	115,1	   0,0147963	117,7
     34,3871	    0,014537	114,9	   0,0149438	117,5
     34,3891	   0,0144471	112,2	   0,0151582	114,0
      34,391	   0,0144908	117,1	   0,0151044	119,1
      34,393	   0,0145754	113,0	   0,0151328	113,4
     34,3949	    0,014704	113,3	   0,0149961	114,1
     34,3969	   0,0147552	116,5	   0,0151102	118,6
     34,3988	   0,0145515	118,6	   0,0151904	115,2
     34,4008	   0,0146419	112,8	    0,015067	120,8
     34,4027	   0,0147149	117,5	   0,0152793	115,0
     34,4047	   0,0147929	113,8	   0,0155855	115,1
     34,4066	   0,0149136	117,6	   0,0155888	120,4
     34,4086	   0,0148392	113,1	   0,0156022	115,3
     34,4106	   0,0147797	117,9	   0,0155051	120,3
     34,4125	   0,0150101	117,9	   0,0155952	115,7
     34,4145	   0,0150695	116,0	   0,0155661	120,8
     34,4164	   0,0149472	112,9	   0,0155207	121,7
     34,4184	   0,0151344	116,9	   0,0155475	116,8
     34,4203	   0,0152377	118,1	   0,0155705	120,7
     34,4223	   0,0151933	116,7	   0,0155711	115,8
     34,4242	   0,0151256	115,4	   0,0158045	121,7
     34,4262	   0,0153126	115,2	   0,0156543	119,9
     34,4282	   0,0154763	120,3	    0,016002	118,4
     34,4301	   0,0155585	114,6	   0,0160208	122,0
     34,4321	   0,0156426	119,5	    0,016052	117,5
      34,434	   0,0157275	114,1	   0,0160615	124,7
      34,436	   0,0158428	120,8	   0,0160278	119,2
     34,4379	   0,0157413	116,6	   0,0161854	125,4
     34,4399	   0,0156006	116,5	   0,0161575	119,1
     34,4418	   0,0156323	120,4	   0,0162633	124,0
     34,4438	   0,0158755	118,6	   0,0162577	122,2
     34,4457	   0,0158661	119,0	   0,0163884	117,8
     34,4477	   0,0158373	118,7	   0,0164967	121,7
     34,4497	   0,0157515	122,8	   0,0163688	123,2
     34,4516	   0,0158959	119,7	   0,0164983	121,4
     34,4536	    0,016037	118,8	   0,0165584	121,9
     34,4555	   0,0161595	122,6	   0,0164766	121,3
     34,4575	   0,0160284	122,0	   0,0165403	123,4
     34,4594	   0,0161582	118,6	    0,016524	125,5
     34,4614	   0,0161621	123,1	   0,0166224	124,5
     34,4633	   0,0162832	118,8	   0,0167742	125,3
     34,4653	   0,0162918	122,8	   0,0168639	122,5
     34,4673	   0,0162036	120,0	   0,0169457	126,9
     34,4692	   0,0165032	117,8	   0,0168594	121,9
     34,4712	   0,0166233	125,1	   0,0168566	127,1
     34,4731	   0,0166879	118,3	   0,0172011	125,6
     34,4751	   0,0166821	124,7	   0,0173049	122,7
      34,477	   0,0165448	119,2	    0,017215	126,3
      34,479	   0,0168003	124,2	   0,0171811	122,7
     34,4809	   0,0168048	120,0	   0,0173086	127,6
     34,4829	   0,0169376	126,2	   0,0175138	124,8
     34,4848	   0,0168076	126,1	   0,0175353	128,6
     34,4868	    0,016881	119,9	   0,0172474	129,6
     34,4888	   0,0169859	125,1	   0,0173704	125,1
     34,4907	   0,0170107	121,2	    0,017544	127,6
     34,4927	   0,0171358	126,9	   0,0174856	125,0
     34,4946	   0,0170871	122,9	   0,0174321	131,9
     34,4966	   0,0172691	126,6	   0,0175964	125,2
     34,4985	   0,0172294	126,2	   0,0176325	130,7
     34,5005	   0,0171393	126,8	   0,0177286	126,0
     34,5024	   0,0173352	126,8	   0,0179381	125,2
     34,5044	    0,017453	122,0	   0,0179847	131,9
     34,5064	   0,0174857	126,3	   0,0179236	126,2
     34,5083	   0,0176369	124,1	   0,0180061	131,9
     34,5103	   0,0176074	128,0	   0,0180532	127,3
     34,5122	   0,0176895	123,9	   0,0181446	129,5
     34,5142	   0,0177052	128,6	   0,0182777	129,7
     34,5161	   0,0176755	124,6	   0,0183097	130,0
     34,5181	   0,0177661	128,1	     0,01845	129,0
       34,52	   0,0177341	127,7	   0,0184098	126,5
      34,522	    0,017634	125,4	   0,0182872	132,6
     34,5239	   0,0177677	131,0	   0,0182196	132,2
     34,5259	    0,017774	125,3	   0,0182679	132,2
     34,5279	   0,0179021	130,7	   0,0182803	131,5
     34,5298	   0,0179929	125,8	   0,0184623	130,5
     34,5318	   0,0183272	125,6	   0,0184643	134,0
     34,5337	   0,0182819	131,1	    0,018551	130,2
     34,5357	     0,01824	128,4	   0,0186061	134,6
     34,5376	   0,0183931	132,7	   0,0186783	136,4
     34,5396	    0,018281	127,1	   0,0189094	132,2
     34,5415	   0,0182131	132,2	    0,018961	137,3
     34,5435	   0,0182399	131,9	   0,0189761	132,3
     34,5455	   0,0182766	128,0	   0,0190061	136,8
     34,5474	   0,0182425	133,5	   0,0190897	133,2
     34,5494	   0,0183459	127,3	   0,0190521	138,7
     34,5513	    0,018532	129,9	   0,0190894	133,4
     34,5533	   0,0186385	134,1	   0,0190327	139,7
     34,5552	    0,018754	130,6	   0,0191744	133,9
     34,5572	   0,0186777	131,7	   0,0190601	133,0
     34,5591	   0,0188946	129,3	   0,0190751	139,6
     34,5611	    0,018871	133,9	   0,0190693	135,7
      34,563	   0,0189656	132,4	   0,0191238	136,1
      34,565	   0,0187965	130,3	   0,0193555	140,7
      34,567	   0,0188745	135,5	   0,0194088	140,0
     34,5689	   0,0189384	131,1	   0,0195176	141,8
     34,5709	   0,0189128	137,0	    0,019494	140,2
     34,5728	   0,0191729	137,5	   0,0195106	133,9
     34,5748	   0,0191847	132,7	   0,0195403	142,7
     34,5767	   0,0192178	138,2	   0,0196223	134,9
     34,5787	   0,0192792	132,6	    0,019616	141,6
     34,5806	   0,0192893	137,6	   0,0196578	137,2
     34,5826	    0,019326	137,4	   0,0197061	142,2
     34,5846	   0,0191867	136,0	   0,0198651	137,6
     34,5865	   0,0191787	138,7	   0,0197392	141,6
     34,5885	   0,0193282	135,0	   0,0196963	141,7
     34,5904	   0,0194644	135,4	   0,0197323	139,4
     34,5924	   0,0195984	140,3	   0,0196753	143,0
     34,5943	    0,019656	134,4	   0,0198481	139,8
     34,5963	   0,0197108	140,9	   0,0200535	142,4
     34,5982	   0,0196316	141,1	   0,0201169	145,2
     34,6002	   0,0197356	135,3	   0,0200885	141,8
     34,6021	    0,019843	139,0	   0,0201418	147,8
     34,6041	   0,0200477	143,6	   0,0203096	142,3
     34,6061	   0,0199556	143,1	   0,0201887	142,3
      34,608	   0,0198814	138,0	   0,0200617	145,8
       34,61	   0,0199068	144,4	   0,0200491	145,0
     34,6119	   0,0199617	139,9	   0,0200494	144,1
     34,6139	   0,0200202	142,5	   0,0201193	148,6
     34,6158	   0,0200429	140,9	   0,0203428	144,1
     34,6178	   0,0201471	142,4	    0,020421	151,4
     34,6197	   0,0201384	139,4	   0,0204242	145,1
     34,6217	   0,0201523	141,3	   0,0204213	146,2
     34,6237	   0,0200957	145,1	   0,0204143	147,9
     34,6256	   0,0201167	143,9	   0,0202353	149,3
     34,6276	   0,0202453	144,4	   0,0203464	146,4
     34,6295	   0,0202182	146,7	   0,0205012	149,5
     34,6315	   0,0204368	141,2	   0,0206384	149,0
     34,6334	   0,0203444	146,2	    0,020573	146,5
     34,6354	   0,0205143	146,2	   0,0203047	146,8
     34,6373	    0,020367	146,8	   0,0204112	152,0
     34,6393	   0,0204045	144,9	   0,0205466	149,7
     34,6413	   0,0203832	147,7	   0,0206805	150,1
     34,6432	   0,0204415	143,5	   0,0205781	146,9
     34,6452	   0,0204285	148,3	   0,0205722	151,9
     34,6471	   0,0205746	150,9	   0,0206703	147,2
     34,6491	   0,0206945	145,9	   0,0205285	154,3
      34,651	   0,0206108	150,9	   0,0205861	148,9
      34,653	   0,0207085	147,2	   0,0204863	153,4
     34,6549	   0,0206295	148,5	   0,0205692	154,2
     34,6569	   0,0205901	151,4	   0,0207645	149,8
     34,6588	   0,0208801	151,4	   0,0207099	149,9
     34,6608	   0,0208887	147,2	   0,0207338	155,0
     34,6628	   0,0209332	152,0	   0,0206985	153,8
     34,6647	   0,0208344	150,8	    0,020769	154,4
     34,6667	   0,0206539	149,7	   0,0207661	158,4
     34,6686	   0,0208334	147,8	   0,0207499	152,0
     34,6706	    0,020912	152,8	   0,0208026	157,7
     34,6725	   0,0209488	147,8	   0,0208658	154,6
     34,6745	   0,0210482	154,2	   0,0207405	157,0
     34,6764	   0,0210236	149,7	   0,0206269	155,9
     34,6784	   0,0208114	153,1	   0,0206292	158,8
     34,6804	   0,0207829	154,3	   0,0208566	154,4
     34,6823	   0,0208501	153,0	   0,0208986	161,5
     34,6843	   0,0207762	155,5	   0,0208445	158,2
     34,6862	   0,0210313	156,3	   0,0210135	156,2
     34,6882	   0,0210133	152,4	   0,0207898	155,0
     34,6901	    0,021045	157,9	   0,0208802	161,6
     34,6921	   0,0210267	154,9	   0,0209543	160,2
      34,694	   0,0208398	156,3	   0,0210519	155,4
      34,696	   0,0207843	158,5	   0,0210576	162,3
     34,6979	   0,0209423	156,9	    0,021138	155,9
     34,6999	   0,0211401	155,0	   0,0208776	156,7
     34,7019	   0,0211709	157,9	   0,0207843	161,4
     34,7038	   0,0211208	156,9	   0,0207605	159,4
     34,7058	    0,020873	156,5	   0,0207906	161,5
     34,7077	   0,0207938	160,9	   0,0208709	163,1
     34,7097	   0,0210549	161,4	    0,020872	158,3
     34,7116	   0,0210731	156,4	    0,020839	162,3
     34,7136	   0,0209129	162,2	   0,0208726	161,9
     34,7155	   0,0208496	158,3	   0,0205973	162,4
     34,7175	   0,0206761	158,9	   0,0207207	159,9
     34,7195	   0,0208215	162,9	   0,0209036	166,4
     34,7214	   0,0208888	158,0	   0,0209428	163,4
     34,7234	    0,021102	160,1	   0,0208629	161,5
     34,7253	    0,021111	163,0	   0,0208766	165,8
     34,7273	   0,0210093	164,2	   0,0206352	166,1
     34,7292	   0,0207968	160,0	   0,0208742	165,1
     34,7312	   0,0206661	164,1	   0,0209393	164,3
     34,7331	    0,020775	159,5	   0,0208087	167,5
     34,7351	    0,020897	162,7	   0,0208378	161,8
      34,737	   0,0211156	163,1	    0,020646	168,5
      34,739	   0,0209517	165,4	    0,020566	166,8
      34,741	   0,0209542	159,1	   0,0205336	165,5
     34,7429	   0,0209549	168,1	   0,0206065	168,9
     34,7449	   0,0209144	161,8	   0,0206881	170,2
     34,7468	   0,0208719	162,4	   0,0206358	165,5
     34,7488	   0,0209613	167,0	   0,0204856	166,2
     34,7507	   0,0210145	162,6	   0,0205835	170,9
     34,7527	   0,0209024	168,8	   0,0204585	166,2
     34,7546	   0,0209294	166,4	   0,0204134	171,2
     34,7566	   0,0207139	164,4	   0,0205043	170,8
     34,7586	   0,0207687	167,7	   0,0205731	169,3
     34,7605	   0,0208339	165,8	    0,020635	173,4
     34,7625	    0,020885	162,9	   0,0204548	170,6
     34,7644	   0,0208642	170,6	   0,0203947	166,7
     34,7664	   0,0208541	170,2	   0,0202777	170,8
     34,7683	   0,0207372	168,8	   0,0203437	171,6
     34,7703	   0,0207761	171,4	    0,020399	169,4
     34,7722	   0,0207091	171,4	   0,0205236	175,1
     34,7742	   0,0207633	165,9	   0,0203792	172,4
     34,7761	   0,0207578	171,7	   0,0202783	168,6
     34,7781	   0,0207006	168,0	    0,020188	174,0
     34,7801	    0,020719	170,6	    0,020055	176,1
      34,782	   0,0206308	173,2	   0,0200406	172,3
      34,784	   0,0205742	169,9	   0,0202707	172,5
     34,7859	   0,0206093	175,8	    0,020214	176,7
     34,7879	    0,020437	168,2	   0,0200213	170,2
     34,7898	   0,0203554	172,8	   0,0199467	173,8
     34,7918	   0,0204863	170,5	   0,0199159	172,8
     34,7937	   0,0204475	169,8	   0,0199525	172,2
     34,7957	   0,0205824	174,9	   0,0199331	178,8
     34,7977	   0,0205541	171,6	   0,0201239	177,2
     34,7996	   0,0204769	173,9	   0,0198947	175,0
     34,8016	   0,0203573	176,5	   0,0197359	171,4
     34,8035	   0,0204629	174,6	   0,0197214	177,5
     34,8055	   0,0205738	172,2	   0,0196653	173,1
     34,8074	   0,0203805	176,7	   0,0196919	178,6
     34,8094	   0,0203475	173,1	   0,0197542	180,6
     34,8113	    0,020327	173,5	   0,0197389	174,8
     34,8133	   0,0200573	179,4	   0,0197628	181,4
     34,8153	   0,0200179	178,1	   0,0195784	178,3
     34,8172	   0,0202454	173,8	   0,0196193	182,1
     34,8192	   0,0201661	178,1	   0,0197937	176,7
     34,8211	   0,0199504	180,6	   0,0196546	174,2
     34,8231	   0,0199262	174,3	    0,019561	181,0
      34,825	   0,0200288	174,6	   0,0194927	175,3
      34,827	   0,0201923	176,1	   0,0195007	179,9
     34,8289	   0,0200075	181,1	   0,0194516	176,7
     34,8309	   0,0198373	177,0	   0,0193408	182,7
     34,8328	   0,0198113	176,4	   0,0193498	178,0
     34,8348	   0,0199976	180,1	   0,0193209	177,5
     34,8368	   0,0198482	181,1	   0,0192677	182,9
     34,8387	   0,0196432	179,0	   0,0192096	182,2
     34,8407	   0,0197418	176,0	   0,0191571	185,2
     34,8426	   0,0197853	183,3	   0,0193764	180,3
     34,8446	   0,0198286	182,1	   0,0192821	179,0
     34,8465	   0,0197143	179,2	   0,0191934	184,8
     34,8485	   0,0197219	185,2	   0,0189575	179,7
     34,8504	   0,0195319	179,2	   0,0189411	183,4
     34,8524	   0,0193929	179,0	   0,0190152	180,3
     34,8544	   0,0195454	179,7	   0,0188479	183,1
     34,8563	   0,0193713	182,4	   0,0187839	186,4
     34,8583	   0,0194402	184,3	   0,0186671	181,9
     34,8602	   0,0195372	178,9	   0,0189386	182,0
     34,8622	   0,0194324	184,2	   0,0188183	181,1
     34,8641	   0,0193957	186,0	   0,0186415	186,4
     34,8661	   0,0191917	184,9	   0,0186519	186,8
      34,868	   0,0193468	183,1	   0,0187327	183,4
       34,87	    0,019264	183,2	   0,0186949	189,2
     34,8719	    0,019068	185,6	   0,0185452	187,5
     34,8739	   0,0190125	182,8	   0,0184641	187,9
     34,8759	   0,0188924	187,1	   0,0185807	185,8
     34,8778	   0,0188916	184,0	   0,0185071	182,2
     34,8798	   0,0188352	182,9	   0,0183266	187,7
     34,8817	   0,0191067	183,6	   0,0183284	183,3
     34,8837	   0,0187206	187,5	   0,0182851	185,9
     34,8856	   0,0186239	188,7	   0,0183662	184,0
     34,8876	   0,0188364	185,6	   0,0183278	188,5
     34,8895	   0,0185866	186,6	   0,0181365	188,5
     34,8915	   0,0187821	190,0	    0,018041	185,3
     34,8935	   0,0186064	189,3	   0,0179441	190,7
     34,8954	     0,01869	187,4	   0,0180701	190,9
     34,8974	   0,0185643	185,3	   0,0180203	185,3
     34,8993	   0,0184637	189,0	   0,0178732	187,6
     34,9013	   0,0184501	190,0	   0,0177268	190,0
     34,9032	   0,0185554	191,3	   0,0179717	194,7
     34,9052	   0,0183724	187,7	     0,01784	188,6
     34,9071	   0,0181841	187,4	   0,0177328	187,6
     34,9091	   0,0181665	190,9	   0,0176444	192,8
      34,911	   0,0182275	186,0	   0,0176553	190,1
      34,913	   0,0181491	192,2	   0,0177533	189,6
      34,915	   0,0182038	193,0	   0,0176496	195,2
     34,9169	   0,0180421	192,9	   0,0176206	189,7
     34,9189	   0,0181269	192,5	   0,0174606	187,4
     34,9208	   0,0181022	188,2	   0,0174321	189,2
     34,9228	   0,0179064	194,9	   0,0173917	193,9
     34,9247	   0,0176274	191,9	   0,0174552	192,0
     34,9267	    0,017595	187,5	   0,0173328	188,0
     34,9286	   0,0176501	190,2	   0,0171544	191,2
     34,9306	   0,0176264	192,6	   0,0172236	197,5
     34,9326	   0,0175663	193,5	   0,0171984	193,2
     34,9345	   0,0176172	188,9	   0,0172335	191,2
     34,9365	   0,0175258	192,6	   0,0171263	190,8
     34,9384	    0,017548	196,1	   0,0171462	191,2
     34,9404	   0,0174306	192,0	   0,0168761	194,9
     34,9423	    0,017314	191,0	   0,0169785	192,7
     34,9443	   0,0173355	195,9	    0,016798	194,8
     34,9462	   0,0172958	195,9	   0,0167896	197,4
     34,9482	   0,0171978	195,6	   0,0168907	195,0
     34,9501	   0,0171893	190,5	   0,0169352	194,3
     34,9521	   0,0172295	194,3	   0,0168197	197,4
     34,9541	   0,0172751	198,2	   0,0166002	197,9
      34,956	    0,017027	192,9	    0,016681	199,4
      34,958	   0,0171147	192,1	   0,0166408	193,2
     34,9599	   0,0171805	194,2	   0,0164299	195,7
     34,9619	   0,0170757	200,0	   0,0163306	198,0
     34,9638	    0,016945	195,6	   0,0162132	196,2
     34,9658	   0,0167396	192,5	   0,0163474	195,9
     34,9677	   0,0168446	194,9	     0,01638	-158,6
     34,9697	   0,0168614	-158,0	   0,0163142	-163,2
     34,9717	   0,0168145	-161,2	   0,0162781	-158,5
     34,9736	   0,0165994	-162,9	   0,0162935	-163,3
     34,9756	   0,0166817	-164,9	   0,0160675	-164,9
     34,9775	   0,0165355	-164,6	   0,0161041	-163,4
     34,9795	   0,0163567	-160,7	   0,0162666	-158,4
     34,9814	   0,0163173	-160,2	   0,0161846	-163,2
     34,9834	   0,0163389	-158,5	   0,0160646	-165,5
     34,9853	   0,0160868	-165,2	   0,0159009	-160,0
     34,9873	   0,0163021	-161,7	   0,0159406	-157,0
     34,9892	   0,0162877	-159,4	   0,0158722	-158,4
     34,9912	   0,0162946	-163,7	   0,0157722	-162,6
     34,9932	   0,0162253	-158,0	   0,0156902	-162,0
     34,9951	   0,0160332	-158,4	   0,0155294	-157,0
     34,9971	   0,0160455	-161,8	   0,0156537	-160,3
      34,999	   0,0159864	-158,9	   0,0156405	-163,5
      35,001	   0,0158994	-163,7	   0,0154723	-160,8
     35,0029	   0,0159166	-158,6	   0,0157059	-161,2
     35,0049	   0,0160629	-157,2	   0,0155721	-158,0
     35,0068	   0,0159032	-160,0	   0,0153137	-160,3
     35,0088	   0,0157608	-163,8	   0,0152203	-163,4
     35,0108	   0,0159649	-159,4	   0,0153681	-161,8
     35,0127	   0,0156731	-158,2	   0,0152479	-158,5
     35,0147	   0,0154745	-156,3	   0,0153315	-161,0
     35,0166	   0,0154843	-159,5	   0,0152148	-160,3
     35,0186	   0,0154924	-161,8	    0,015338	-159,1
     35,0205	   0,0153609	-157,8	   0,0152207	-153,4
     35,0225	   0,0153582	-156,5	   0,0150012	-157,6
     35,0244	   0,0152997	-161,9	   0,0149013	-160,1
     35,0264	   0,0152999	-156,2	   0,0149465	-158,9
     35,0283	   0,0150864	-160,7	   0,0150317	-158,3
     35,0303	    0,015222	-160,1	   0,0149422	-159,6
     35,0323	    0,015328	-154,9	    0,014939	-156,7
     35,0342	   0,0152749	-156,2	   0,0147978	-154,3
     35,0362	   0,0150113	-158,4	   0,0146762	-160,7
     35,0381	   0,0149715	-156,5	    0,014593	-158,9
     35,0401	   0,0149827	-155,0	   0,0146435	-157,6
      35,042	   0,0149967	-158,9	   0,0145765	-159,1
      35,044	   0,0148112	-158,3	   0,0144155	-157,4
     35,0459	   0,0147437	-156,8	   0,0145969	-155,3
     35,0479	    0,014716	-158,0	   0,0145008	-159,5
     35,0499	   0,0148107	-158,8	   0,0143402	-157,6
     35,0518	   0,0147536	-158,3	   0,0143919	-152,2
     35,0538	   0,0147204	-156,1	   0,0144728	-156,2
     35,0557	   0,0147859	-153,7	    0,014334	-157,5
     35,0577	   0,0146195	-156,9	   0,0143315	-152,0
     35,0596	   0,0146334	-154,2	   0,0141393	-156,5
     35,0616	   0,0144568	-159,2	   0,0140003	-157,8
     35,0635	   0,0145909	-152,4	   0,0140861	-151,1
     35,0655	    0,014504	-151,2	   0,0140835	-153,4
     35,0674	   0,0142536	-155,5	   0,0140244	-156,5
     35,0694	   0,0142875	-157,1	    0,013858	-155,6
     35,0714	   0,0143814	-153,2	   0,0137567	-151,8
     35,0733	   0,0141338	-151,2	    0,013908	-154,6
     35,0753	   0,0143504	-151,2	   0,0139157	-155,8
     35,0772	   0,0144055	-154,7	   0,0137897	-152,5
     35,0792	   0,0140821	-154,4	   0,0137985	-152,1
     35,0811	   0,0138783	-152,8	   0,0138954	-149,1
     35,0831	   0,0140763	-151,0	   0,0136827	-152,8
      35,085	   0,0140508	-151,8	   0,0135605	-154,1
      35,087	   0,0139802	-154,5	   0,0136008	-153,1
      35,089	   0,0137956	-153,0	   0,0137585	-148,6
     35,0909	   0,0139016	-153,0	   0,0135185	-150,5
     35,0929	   0,0136772	-151,1	   0,0135945	-147,6
     35,0948	   0,0135885	-152,1	   0,0134497	-151,0
     35,0968	   0,0137065	-155,5	   0,0132845	-155,0
     35,0987	   0,0138169	-152,9	   0,0133302	-152,8
     35,1007	   0,0135819	-147,8	    0,013421	-148,4
     35,1026	   0,0134393	-152,6	   0,0133077	-148,9
     35,1046	   0,0135009	-156,5	   0,0129876	-151,2
     35,1065	    0,013566	-150,6	   0,0130919	-153,8
     35,1085	   0,0133718	-155,2	   0,0132521	-148,0
     35,1105	   0,0134981	-152,9	    0,012942	-153,8
     35,1124	    0,013284	-148,6	   0,0130391	-150,8
     35,1144	   0,0133479	-152,1	   0,0129632	-152,2
     35,1163	    0,013199	-150,4	   0,0129243	-146,2
     35,1183	   0,0131842	-148,4	   0,0127752	-149,1
     35,1202	    0,013186	-153,1	   0,0128219	-148,8
     35,1222	   0,0132123	-151,4	   0,0127606	-150,7
     35,1241	     0,01296	-148,8	    0,012834	-152,5
     35,1261	   0,0129338	-147,6	   0,0128264	-147,0
     35,1281	   0,0130507	-152,7	   0,0125036	-149,5
       35,13	   0,0128149	-147,2	   0,0125821	-150,6
      35,132	   0,0128639	-151,8	   0,0127218	-152,7
     35,1339	    0,013003	-150,1	   0,0124558	-150,7
     35,1359	   0,0128549	-149,0	   0,0123757	-146,0
     35,1378	   0,0127587	-146,5	    0,012443	-148,1
     35,1398	   0,0127661	-150,2	   0,0124109	-146,1
     35,1417	    0,012684	-149,9	   0,0124932	-145,3
     35,1437	   0,0125848	-148,7	   0,0125478	-150,8
     35,1456	   0,0127116	-150,8	   0,0123959	-151,0
     35,1476	   0,0126839	-144,7	   0,0122135	-145,6
     35,1496	   0,0125264	-147,0	   0,0123039	-143,6
     35,1515	   0,0125609	-145,5	   0,0121699	-146,6
     35,1535	   0,0124344	-148,4	   0,0121676	-144,7
     35,1554	   0,0124915	-146,1	   0,0122476	-147,9
     35,1574	   0,0125097	-147,0	    0,012025	-150,7
     35,1593	   0,0122275	-151,1	    0,012034	-149,7
     35,1613	   0,0122208	-145,9	   0,0120075	-149,2
     35,1632	   0,0123845	-143,2	   0,0120258	-149,6
     35,1652	   0,0122742	-148,0	   0,0120422	-150,2
     35,1672	   0,0123436	-142,6	     0,01185	-143,6
     35,1691	   0,0119442	-145,1	   0,0117406	-145,1
     35,1711	   0,0119467	-151,0	   0,0119487	-145,3
      35,173	   0,0121113	-149,5	   0,0117979	-143,6
      35,175	   0,0119902	-144,8	   0,0118966	-144,1
     35,1769	   0,0119533	-145,7	    0,011626	-145,9
     35,1789	   0,0119355	-144,8	   0,0117771	-145,8
     35,1808	   0,0117191	-144,7	   0,0117527	-149,7
     35,1828	    0,011783	-150,8	   0,0115674	-146,6
     35,1847	   0,0119149	-149,2	   0,0115166	-143,1
     35,1867	   0,0117287	-146,8	   0,0115322	-146,5
     35,1887	   0,0116228	-146,0	   0,0113252	-143,3
     35,1906	   0,0119031	-144,8	   0,0113652	-147,2
     35,1926	   0,0119037	-147,3	   0,0114531	-148,7
     35,1945	   0,0114738	-147,0	   0,0112692	-148,9
     35,1965	    0,011669	-146,5	   0,0114321	-144,0
     35,1984	   0,0114736	-148,9	   0,0111881	-151,0
     35,2004	   0,0113557	-145,5	   0,0112145	-145,0
     35,2023	   0,0115162	-142,9	   0,0112255	-140,2
     35,2043	   0,0114378	-143,4	   0,0110325	-142,6
     35,2063	   0,0115461	-142,6	   0,0111143	-144,0
     35,2082	   0,0114272	-142,6	   0,0113143	-146,0
     35,2102	   0,0112969	-146,5	   0,0112127	-148,4
     35,2121	   0,0112741	-146,5	   0,0110525	-142,2
     35,2141	   0,0113198	-141,7	   0,0111685	-145,8
      35,216	    0,011133	-140,3	   0,0109486	-143,4
      35,218	   0,0111415	-145,9	   0,0109698	-139,7
     35,2199	    0,011117	-147,4	   0,0110979	-143,4
     35,2219	   0,0112088	-143,3	   0,0109741	-147,9
     35,2239	   0,0112023	-147,4	   0,0108625	-147,5
     35,2258	   0,0110161	-145,1	   0,0109731	-143,6
     35,2278	   0,0109418	-143,9	   0,0107986	-147,2
     35,2297	   0,0111505	-139,6	   0,0108381	-142,3
     35,2317	   0,0110155	-141,9	   0,0106641	-141,0
     35,2336	   0,0109199	-141,5	   0,0106364	-142,8
     35,2356	   0,0108377	-139,2	   0,0107279	-142,3
     35,2375	   0,0108019	-143,9	   0,0107025	-146,9
     35,2395	    0,010887	-143,6	    0,010569	-144,2
     35,2414	   0,0107211	-145,3	   0,0106946	-140,4
     35,2434	   0,0106454	-143,0	   0,0105805	-147,3
     35,2454	   0,0108206	-140,0	   0,0105445	-141,5
     35,2473	   0,0105557	-142,6	   0,0105919	-139,7
     35,2493	   0,0106332	-140,8	   0,0104275	-143,0
     35,2512	   0,0107915	-143,1	   0,0103785	-145,6
     35,2532	   0,0105722	-145,4	   0,0104334	-145,2
     35,2551	   0,0104771	-145,4	   0,0102355	-145,7
     35,2571	   0,0105976	-140,6	   0,0105052	-143,1
      35,259	   0,0104969	-137,7	     0,01026	-143,2
      35,261	   0,0103053	-143,9	   0,0102017	-142,6
      35,263	   0,0104567	-138,2	   0,0103909	-137,6
     35,2649	    0,010309	-141,2	   0,0101892	-140,5
     35,2669	   0,0105494	-138,7	   0,0102103	-144,3
     35,2688	   0,0101302	-143,0	  0,00999931	-142,1
     35,2708	   0,0104668	-136,4	  0,00996631	-140,1
     35,2727	   0,0102381	-142,7	   0,0100585	-141,7
     35,2747	   0,0100252	-146,8	  0,00997912	-145,5
     35,2766	   0,0102926	-142,8	   0,0099445	-144,3
     35,2786	   0,0100592	-140,7	   0,0100189	-142,5
     35,2805	   0,0100124	-138,6	  0,00987691	-140,1
     35,2825	   0,0102113	-141,5	   0,0101162	-141,9
     35,2845	  0,00999937	-143,1	  0,00989604	-142,1
     35,2864	   0,0101075	-140,4	  0,00989943	-137,4
     35,2884	  0,00996338	-141,3	    0,010005	-139,6
     35,2903	  0,00992109	-145,3	  0,00978963	-142,4
     35,2923	   0,0100562	-140,8	  0,00979318	-141,8
     35,2942	  0,00983756	-135,7	  0,00985367	-144,6
     35,2962	  0,00971571	-140,2	  0,00973096	-141,9
     35,2981	  0,00993845	-138,6	  0,00994913	-142,8
     35,3001	  0,00976369	-141,7	  0,00968564	-142,3
     35,3021	  0,00957351	-144,2	  0,00939924	-137,5
      35,304	  0,00995941	-143,4	  0,00973373	-136,3
      35,306	  0,00959033	-144,8	  0,00964838	-143,0
     35,3079	  0,00961597	-141,4	  0,00936011	-144,6
     35,3099	  0,00960116	-139,1	  0,00962887	-142,7
     35,3118	  0,00956202	-139,9	  0,00957332	-145,8
     35,3138	  0,00973917	-137,9	  0,00957569	-141,4
     35,3157	  0,00944866	-139,3	  0,00940594	-144,9
     35,3177	  0,00952784	-134,1	  0,00923131	-140,0
     35,3196	  0,00936428	-138,4	  0,00943055	-134,3
     35,3216	  0,00933806	-142,3	  0,00928734	-139,0
     35,3236	   0,0095076	-141,1	  0,00916747	-140,2
     35,3255	  0,00933043	-142,1	  0,00935973	-140,4
     35,3275	  0,00934654	-140,4	  0,00914498	-145,1
     35,3294	  0,00921458	-142,2	  0,00910432	-139,3
     35,3314	  0,00922745	-139,2	  0,00917339	-144,4
     35,3333	  0,00926409	-136,4	  0,00931066	-142,9
     35,3353	   0,0092171	-136,5	  0,00919679	-136,4
     35,3372	  0,00919634	-144,0	  0,00911739	-137,5
     35,3392	  0,00923595	-141,7	  0,00900962	-138,6
     35,3412	  0,00922617	-136,4	   0,0091186	-138,9
     35,3431	  0,00900814	-138,0	  0,00916783	-142,8
     35,3451	  0,00927317	-133,8	  0,00897579	-143,3
      35,347	   0,0089531	-136,7	   0,0089369	-139,2
      35,349	  0,00893855	-142,4	  0,00885107	-136,3
     35,3509	  0,00900329	-137,2	  0,00899886	-137,5
     35,3529	  0,00902451	-139,8	  0,00894174	-137,5
     35,3548	  0,00906963	-137,4	  0,00875633	-136,1
     35,3568	  0,00883126	-142,4	  0,00888666	-135,4
     35,3587	  0,00888048	-138,7	  0,00874487	-137,4
     35,3607	  0,00894257	-134,5	  0,00888398	-137,6
     35,3627	  0,00874535	-140,8	  0,00880184	-141,1
     35,3646	  0,00884266	-138,1	   0,0087945	-135,4
     35,3666	  0,00865529	-136,8	  0,00864145	-138,8
     35,3685	  0,00875965	-135,9	   0,0085917	-135,7
     35,3705	  0,00878696	-134,8	  0,00886791	-139,8
     35,3724	  0,00875574	-138,8	  0,00858361	-142,7
     35,3744	   0,0085394	-134,4	   0,0085573	-137,5
     35,3763	  0,00851996	-136,0	  0,00855531	-141,8
     35,3783	   0,0086942	-134,3	  0,00874597	-139,7
     35,3803	  0,00849531	-140,6	  0,00847298	-142,8
     35,3822	  0,00861089	-141,1	   0,0084779	-138,1
     35,3842	  0,00852737	-138,5	  0,00836966	-141,8
     35,3861	  0,00871329	-137,8	  0,00850534	-139,2
     35,3881	  0,00847019	-138,9	  0,00851125	-139,3
       35,39	  0,00831885	-141,2	  0,00843243	-137,6
      35,392	  0,00857137	-135,4	  0,00849317	-137,1
     35,3939	   0,0083136	-135,9	  0,00831363	-137,0
     35,3959	  0,00846027	-134,9	  0,00837134	-142,9
     35,3979	  0,00826898	-140,8	  0,00855149	-138,1
     35,3998	  0,00848565	-135,7	  0,00841447	-132,0
     35,4018	  0,00838132	-131,7	  0,00826952	-136,2
     35,4037	  0,00820955	-135,3	  0,00826692	-133,3
     35,4057	  0,00841491	-132,8	  0,00839342	-134,4
     35,4076	  0,00825637	-136,3	  0,00814335	-142,0
     35,4096	  0,00819329	-134,8	  0,00840019	-132,8
     35,4115	  0,00810295	-135,2	  0,00797183	-136,9
     35,4135	  0,00827054	-134,7	  0,00825653	-132,7
     35,4154	  0,00810266	-138,2	  0,00817377	-139,3
     35,4174	  0,00803734	-140,9	  0,00801434	-141,1
     35,4194	  0,00826064	-138,6	  0,00817426	-137,4
     35,4213	  0,00808555	-134,5	  0,00803059	-138,2
     35,4233	  0,00800396	-135,5	  0,00811702	-134,8
     35,4252	  0,00792378	-142,5	  0,00816767	-133,4
     35,4272	    0,008151	-138,1	  0,00793274	-138,0
     35,4291	  0,00792382	-131,3	  0,00801692	-133,9
     35,4311	  0,00789164	-135,7	  0,00769251	-135,1
      35,433	  0,00794126	-131,1	  0,00799664	-131,4
      35,435	  0,00765208	-134,2	  0,00794544	-137,4
      35,437	  0,00788076	-136,8	   0,0078537	-138,3
     35,4389	  0,00787719	-138,0	  0,00780864	-138,6
     35,4409	  0,00774799	-139,1	  0,00774083	-131,9
     35,4428	  0,00779251	-134,7	  0,00765744	-134,0
     35,4448	    0,007747	-138,3	  0,00779641	-132,4
     35,4467	  0,00784656	-136,2	  0,00777601	-136,7
     35,4487	  0,00774231	-138,7	  0,00756388	-140,3
     35,4506	  0,00780432	-136,2	  0,00778434	-138,1
     35,4526	  0,00762519	-135,5	  0,00755187	-135,1
     35,4545	  0,00785827	-138,3	  0,00770726	-133,1
     35,4565	  0,00758723	-140,1	  0,00752415	-139,3
     35,4585	   0,0075978	-139,0	  0,00769543	-136,6
     35,4604	  0,00767987	-132,9	  0,00760371	-138,6
     35,4624	  0,00748226	-134,8	  0,00765287	-133,1
     35,4643	  0,00770879	-130,1	  0,00744578	-137,1
     35,4663	  0,00748405	-134,1	  0,00753673	-135,3
     35,4682	  0,00754394	-137,7	  0,00748255	-138,4
     35,4702	  0,00735806	-131,8	  0,00739317	-137,7
     35,4721	  0,00754769	-133,8	  0,00751475	-136,5
     35,4741	  0,00749614	-132,7	  0,00733197	-138,9
     35,4761	  0,00746797	-133,6	  0,00735202	-137,2
      35,478	  0,00742989	-132,2	  0,00742731	-135,2
       35,48	  0,00723788	-139,7	  0,00747737	-136,8
     35,4819	  0,00750903	-131,3	  0,00721018	-138,1
     35,4839	  0,00731358	-135,4	  0,00729894	-133,8
     35,4858	  0,00735277	-132,0	  0,00729369	-136,1
     35,4878	  0,00724186	-136,0	  0,00740558	-137,1
     35,4897	  0,00733623	-133,0	  0,00715082	-137,8
     35,4917	  0,00715948	-136,9	  0,00738192	-135,5
     35,4936	  0,00725557	-130,7	    0,007211	-137,5
     35,4956	  0,00713619	-136,2	    0,007124	-135,7
     35,4976	  0,00745206	-136,0	  0,00721396	-135,5
     35,4995	  0,00710891	-138,7	  0,00703214	-134,5
     35,5015	  0,00708473	-139,4	  0,00717303	-131,3
     35,5034	  0,00718188	-134,4	  0,00717485	-135,1
     35,5054	  0,00705845	-136,7	  0,00715295	-132,8
     35,5073	  0,00712915	-131,8	  0,00696853	-133,8
     35,5093	  0,00709623	-130,0	   0,0069374	-133,5
     35,5112	  0,00698661	-134,5	  0,00708084	-134,0
     35,5132	  0,00690608	-135,1	  0,00697797	-136,1
     35,5152	  0,00695045	-132,6	  0,00716065	-136,2
     35,5171	  0,00705927	-129,3	  0,00690536	-139,5
     35,5191	  0,00686701	-134,0	  0,00694192	-138,1
      35,521	  0,00705337	-131,3	  0,00687121	-137,6
      35,523	  0,00681951	-136,0	   0,0071256	-135,0
     35,5249	  0,00704046	-135,8	  0,00693374	-137,0
     35,5269	  0,00696506	-136,8	  0,00671974	-138,4
     35,5288	  0,00693331	-131,8	  0,00688815	-134,1
     35,5308	  0,00669546	-136,0	  0,00654356	-135,0
     35,5327	  0,00691883	-130,5	  0,00691304	-131,5
     35,5347	  0,00676672	-135,9	  0,00673435	-134,8
     35,5367	  0,00665393	-139,7	  0,00681345	-130,2
     35,5386	   0,0069946	-136,2	  0,00664648	-136,0
     35,5406	  0,00656346	-137,0	  0,00684422	-131,0
     35,5425	  0,00680693	-134,8	  0,00668576	-136,5
     35,5445	  0,00657097	-138,9	  0,00654423	-130,6
     35,5464	  0,00684073	-135,8	  0,00667444	-130,4
     35,5484	  0,00654829	-139,4	   0,0064992	-131,6
     35,5503	  0,00666372	-135,5	  0,00649106	-138,7
     35,5523	   0,0063983	-139,9	  0,00679899	-136,1
     35,5543	  0,00671123	-134,7	  0,00652837	-139,2
     35,5562	  0,00659209	-136,9	  0,00670175	-135,5
     35,5582	  0,00667966	-136,1	  0,00663773	-134,7
     35,5601	  0,00638442	-139,6	  0,00664653	-134,0
     35,5621	  0,00668604	-133,8	  0,00648972	-139,3
      35,564	  0,00636509	-140,0	  0,00654811	-135,1
      35,566	  0,00674004	-135,8	  0,00639598	-141,4
     35,5679	  0,00646547	-132,2	  0,00655408	-135,4
     35,5699	  0,00646152	-135,9	  0,00651959	-135,6
     35,5718	  0,00626737	-139,0	  0,00643289	-134,1
     35,5738	  0,00651827	-135,6	  0,00631425	-135,8
     35,5758	  0,00641342	-135,0	  0,00637134	-133,6
     35,5777	  0,00633319	-136,3	  0,00629218	-132,3
     35,5797	  0,00635432	-130,3	  0,00623461	-134,9
     35,5816	  0,00621979	-132,9	  0,00639884	-129,3
     35,5836	  0,00648568	-130,3	  0,00635207	-134,8
     35,5855	  0,00632122	-130,8	  0,00618752	-135,9
     35,5875	  0,00624528	-130,9	  0,00630531	-135,3
     35,5894	  0,00616811	-135,9	    0,006274	-135,4
     35,5914	  0,00641328	-130,1	  0,00620299	-137,4
     35,5934	  0,00618483	-130,4	   0,0063165	-135,5
     35,5953	  0,00619679	-131,2	  0,00619672	-136,0
     35,5973	  0,00628054	-130,4	  0,00613552	-128,1
     35,5992	    0,006038	-135,1	  0,00617186	-131,4
     35,6012	  0,00619823	-135,2	   0,0061146	-130,5
     35,6031	  0,00617354	-134,2	    0,006207	-129,6
     35,6051	  0,00606048	-136,8	  0,00606781	-135,6
      35,607	  0,00619288	-131,6	  0,00617702	-131,2
      35,609	  0,00605894	-134,8	  0,00608415	-130,8
     35,6109	  0,00618996	-131,6	  0,00612255	-130,0
     35,6129	    0,006062	-130,1	  0,00597725	-130,5
     35,6149	   0,0061332	-132,9	   0,0060937	-127,2
     35,6168	  0,00598054	-137,8	  0,00594474	-134,1
     35,6188	  0,00618475	-134,1	   0,0060634	-127,8
     35,6207	   0,0061127	-137,4	  0,00585354	-133,9
     35,6227	  0,00595579	-132,8	  0,00591689	-132,8
     35,6246	  0,00573643	-136,3	  0,00586615	-131,7
     35,6266	  0,00608189	-131,4	  0,00607223	-129,0
     35,6285	  0,00611557	-136,5	  0,00584678	-132,3
     35,6305	  0,00593172	-133,8	  0,00591181	-127,7
     35,6325	  0,00605133	-134,4	  0,00594154	-132,0
     35,6344	  0,00575823	-135,9	  0,00579019	-130,2
     35,6364	  0,00589645	-143,2	  0,00586612	-133,3
     35,6383	  0,00575329	-132,4	  0,00588727	-132,5
     35,6403	  0,00595382	-127,6	   0,0057672	-132,4
     35,6422	  0,00574789	-131,3	  0,00591665	-127,2
     35,6442	  0,00586759	-131,0	  0,00567829	-133,1
     35,6461	  0,00581297	-133,2	  0,00579252	-127,6
     35,6481	  0,00586612	-132,6	  0,00574379	-131,8
       35,65	  0,00565101	-132,0	   0,0056088	-129,2
      35,652	   0,0058216	-128,4	  0,00568539	-131,7
      35,654	  0,00559559	-133,1	  0,00586822	-131,7
     35,6559	  0,00577381	-128,4	  0,00553046	-134,6
     35,6579	  0,00564236	-131,2	   0,0057471	-132,0
     35,6598	   0,0057232	-126,9	  0,00552217	-134,7
     35,6618	  0,00556981	-132,5	  0,00570269	-128,8
     35,6637	   0,0056133	-136,8	  0,00553914	-133,2
     35,6657	   0,0057893	-132,7	  0,00576905	-127,8
     35,6676	  0,00555147	-137,9	  0,00552964	-137,7
     35,6696	  0,00570848	-134,2	  0,00551971	-135,2
     35,6716	  0,00547534	-137,0	  0,00550112	-135,4
     35,6735	  0,00555187	-130,9	  0,00570006	-134,9
     35,6755	  0,00568777	-129,6	  0,00543233	-136,9
     35,6774	  0,00475463	-133,0	  0,00553205	-135,9
     35,6794	  0,00555959	-128,9	  0,00556317	-128,8
     35,6813	  0,00550918	-128,5	  0,00534575	-134,1
     35,6833	  0,00539334	-132,7	  0,00547974	-129,0
     35,6852	  0,00541649	-131,1	  0,00547576	-132,8
     35,6872	  0,00558468	-129,2	  0,00558319	-128,2
     35,6891	  0,00563977	-131,9	  0,00534385	-133,5
     35,6911	  0,00557932	-127,4	  0,00550315	-131,4
     35,6931	  0,00538695	-131,2	   0,0053505	-135,7
      35,695	  0,00549743	-127,1	  0,00546199	-128,3
      35,697	  0,00544618	-134,4	  0,00529308	-133,4
     35,6989	  0,00554874	-126,8	  0,00539365	-129,2
     35,7009	  0,00522213	-129,9	   0,0052762	-131,9
     35,7028	  0,00524554	-133,4	  0,00535702	-126,8
     35,7048	  0,00524964	-134,7	  0,00527857	-132,5
     35,7067	  0,00519963	-136,0	  0,00516282	-137,2
     35,7087	  0,00534702	-134,1	  0,00539105	-132,8
     35,7107	    0,005272	-135,6	  0,00514933	-138,1
     35,7126	  0,00531986	-135,2	   0,0053443	-132,9
     35,7146	  0,00518556	-131,4	  0,00519078	-137,9
     35,7165	  0,00536186	-127,0	  0,00522227	-136,6
     35,7185	  0,00522079	-131,3	  0,00512778	-127,8
     35,7204	  0,00527774	-130,7	  0,00521864	-130,4
     35,7224	  0,00517758	-133,0	  0,00518461	-127,4
     35,7243	  0,00521551	-127,5	  0,00513978	-130,3
     35,7263	  0,00507586	-131,8	  0,00509765	-129,5
     35,7282	  0,00493308	-132,0	  0,00507075	-131,2
     35,7302	  0,00509225	-131,6	  0,00521093	-133,3
     35,7322	  0,00495699	-131,6	  0,00496471	-138,5
     35,7341	  0,00509979	-131,5	  0,00521368	-130,2
     35,7361	  0,00498991	-137,4	  0,00495645	-135,8
      35,738	  0,00515271	-132,4	  0,00527398	-130,4
       35,74	  0,00501168	-134,8	   0,0049076	-135,2
     35,7419	  0,00512025	-131,0	  0,00506735	-127,4
     35,7439	  0,00498435	-135,6	  0,00512013	-132,6
     35,7458	  0,00502787	-131,8	  0,00493706	-128,5
     35,7478	  0,00494689	-138,5	  0,00500349	-131,9
     35,7498	  0,00494234	-131,9	  0,00484606	-127,7
     35,7517	  0,00504701	-134,4	  0,00486338	-138,8
     35,7537	  0,00496921	-132,5	  0,00499404	-134,7
     35,7556	  0,00490782	-129,0	  0,00488036	-135,7
     35,7576	   0,0049637	-132,1	  0,00494003	-134,9
     35,7595	  0,00491252	-131,2	  0,00490015	-136,2
     35,7615	  0,00484476	-132,5	   0,0049748	-132,2
     35,7634	  0,00488077	-131,9	  0,00503847	-125,9
     35,7654	  0,00500035	-135,0	  0,00474852	-131,7
     35,7673	  0,00483643	-130,9	  0,00500921	-125,2
     35,7693	  0,00489506	-133,4	  0,00469074	-131,3
     35,7713	  0,00482683	-136,6	  0,00488722	-126,9
     35,7732	  0,00485294	-131,3	  0,00484787	-132,2
     35,7752	   0,0048333	-127,4	  0,00484686	-129,3
     35,7771	  0,00467599	-131,0	  0,00481925	-133,4
     35,7791	  0,00494132	-126,3	  0,00472378	-129,5
      35,781	  0,00486249	-136,7	  0,00471034	-134,0
      35,783	  0,00471064	-133,3	  0,00482811	-134,4
     35,7849	  0,00484671	-135,0	  0,00469364	-135,3
     35,7869	  0,00476657	-133,5	   0,0048156	-129,1
     35,7889	  0,00461542	-137,0	  0,00465609	-134,5
     35,7908	  0,00477259	-131,5	  0,00469587	-136,9
     35,7928	  0,00464009	-135,8	  0,00463722	-133,5
     35,7947	  0,00463888	-133,7	  0,00463337	-135,6
     35,7967	  0,00486028	-128,7	  0,00467501	-134,8
     35,7986	  0,00458193	-135,1	  0,00454694	-135,6
     35,8006	  0,00476024	-131,5	  0,00473424	-129,9
     35,8025	  0,00457277	-134,3	  0,00452533	-130,8
     35,8045	  0,00464647	-127,2	  0,00468524	-129,6
     35,8064	   0,0046296	-133,8	  0,00444917	-133,9
     35,8084	  0,00477263	-127,8	  0,00476962	-129,9
     35,8104	  0,00453786	-131,5	  0,00458077	-131,2
     35,8123	  0,00451141	-137,5	  0,00452665	-136,4
     35,8143	  0,00464375	-133,1	  0,00455081	-132,5
     35,8162	  0,00470311	-137,2	   0,0045218	-137,8
     35,8182	  0,00456482	-133,1	   0,0044964	-132,9
     35,8201	  0,00454778	-137,5	  0,00451133	-136,8
     35,8221	  0,00453022	-134,0	   0,0044882	-131,7
      35,824	  0,00450562	-135,5	  0,00441465	-136,6
      35,826	  0,00444077	-132,9	  0,00458751	-134,2
      35,828	  0,00461852	-125,4	   0,0044465	-126,6
     35,8299	  0,00444506	-132,0	  0,00440442	-130,9
     35,8319	  0,00452486	-128,9	  0,00448047	-127,1
     35,8338	   0,0044644	-132,1	  0,00442062	-132,2
     35,8358	  0,00450793	-125,9	  0,00458226	-125,5
     35,8377	  0,00439935	-131,8	  0,00434726	-131,3
     35,8397	  0,00444364	-131,1	  0,00434323	-136,7
     35,8416	   0,0045369	-133,1	   0,0044459	-133,1
     35,8436	  0,00426013	-137,9	  0,00420406	-134,7
     35,8456	  0,00436452	-132,8	  0,00441124	-130,0
     35,8475	  0,00431634	-138,9	  0,00426657	-132,4
     35,8495	  0,00437746	-131,5	  0,00434293	-132,7
     35,8514	  0,00427015	-136,4	  0,00446448	-134,4
     35,8534	  0,00431821	-130,0	  0,00426143	-134,2
     35,8553	  0,00425022	-140,5	  0,00438395	-132,9
     35,8573	  0,00455579	-133,8	   0,0043002	-135,1
     35,8592	  0,00416214	-137,7	  0,00416661	-137,8
     35,8612	  0,00437169	-132,0	  0,00439158	-128,7
     35,8631	  0,00426761	-136,8	  0,00415794	-135,6
     35,8651	  0,00431201	-130,8	  0,00431135	-131,8
     35,8671	  0,00435596	-127,3	  0,00414654	-136,9
      35,869	  0,00418322	-133,8	  0,00429694	-131,2
      35,871	  0,00417217	-131,7	  0,00424367	-138,1
     35,8729	  0,00431669	-136,2	   0,0042322	-128,1
     35,8749	  0,00413106	-137,6	  0,00418447	-129,0
     35,8768	  0,00433912	-132,9	  0,00412592	-136,1
     35,8788	  0,00408098	-135,4	  0,00435989	-127,6
     35,8807	  0,00429921	-132,2	   0,0042741	-133,3
     35,8827	  0,00433412	-129,3	  0,00422872	-131,9
     35,8847	  0,00413406	-134,2	  0,00406496	-136,6
     35,8866	  0,00427429	-128,4	  0,00419633	-133,2
     35,8886	  0,00402087	-136,9	  0,00413609	-136,7
     35,8905	  0,00424015	-130,9	   0,0040116	-132,4
     35,8925	  0,00423651	-135,3	  0,00414641	-125,5
     35,8944	  0,00401744	-131,8	    0,004116	-130,8
     35,8964	  0,00420683	-125,9	  0,00402602	-135,1
     35,8983	  0,00400751	-134,7	  0,00419412	-129,9
     35,9003	  0,00407129	-126,1	  0,00406211	-134,5
     35,9022	  0,00403765	-130,1	  0,00404719	-133,6
     35,9042	  0,00400423	-133,3	  0,00417261	-127,9
     35,9062	  0,00422969	-127,3	  0,00396203	-132,6
     35,9081	  0,00388743	-132,5	  0,00407664	-126,2
     35,9101	  0,00416135	-131,5	  0,00398483	-133,3
      35,912	  0,00421318	-127,3	  0,00412002	-130,5
      35,914	  0,00396071	-133,3	  0,00406785	-132,8
     35,9159	  0,00412419	-128,2	  0,00395735	-136,1
     35,9179	  0,00396454	-133,8	  0,00402823	-132,0
     35,9198	  0,00391394	-128,7	  0,00382415	-130,4
     35,9218	  0,00408677	-131,3	  0,00392119	-133,6
     35,9238	  0,00394364	-133,5	  0,00402645	-125,9
     35,9257	  0,00385539	-135,9	  0,00385939	-132,8
     35,9277	  0,00401161	-133,2	  0,00401194	-127,3
     35,9296	  0,00389336	-132,0	  0,00387615	-132,3
     35,9316	  0,00402043	-126,0	  0,00394446	-127,8
     35,9335	  0,00375996	-134,8	  0,00403795	-132,7
     35,9355	  0,00399325	-128,7	  0,00370061	-139,2
     35,9374	   0,0038784	-133,3	  0,00405511	-129,8
     35,9394	  0,00384098	-137,5	  0,00383477	-132,6
     35,9413	  0,00380978	-132,4	  0,00390259	-130,8
     35,9433	  0,00412243	-125,9	  0,00391144	-128,3
     35,9453	  0,00368919	-133,0	  0,00384746	-134,5
     35,9472	  0,00391174	-126,0	  0,00378375	-140,7
     35,9492	   0,0037394	-131,9	  0,00389314	-131,1
     35,9511	  0,00376032	-143,5	  0,00372521	-134,4
     35,9531	  0,00398709	-131,2	  0,00396768	-128,6
      35,955	  0,00367017	-138,2	  0,00367777	-135,6
      35,957	  0,00390163	-129,8	  0,00367636	-131,7
     35,9589	  0,00381722	-127,6	  0,00373848	-127,9
     35,9609	   0,0035965	-134,3	   0,0038531	-133,8
     35,9629	  0,00391613	-126,3	  0,00367711	-134,4
     35,9648	  0,00380932	-135,4	  0,00384064	-128,9
     35,9668	   0,0039078	-130,1	  0,00372259	-133,9
     35,9687	  0,00379603	-128,2	  0,00375723	-129,0
     35,9707	  0,00371908	-134,5	  0,00388517	-134,0
     35,9726	  0,00371752	-129,2	  0,00374531	-131,6
     35,9746	   0,0037038	-131,1	   0,0036334	-134,1
     35,9765	   0,0036357	-131,1	  0,00372908	-129,2
     35,9785	  0,00380411	-129,5	  0,00356096	-131,1
     35,9804	  0,00385901	-129,9	  0,00374238	-132,2
     35,9824	  0,00355587	-134,9	   0,0036017	-132,3
     35,9844	  0,00360298	-131,1	  0,00367157	-132,0
     35,9863	  0,00372855	-130,2	  0,00367195	-134,1
     35,9883	  0,00355768	-137,2	  0,00370345	-130,9
     35,9902	  0,00376948	-133,1	  0,00360805	-134,0
     35,9922	  0,00375469	-129,5	  0,00373772	-126,8
     35,9941	  0,00355435	-133,2	  0,00354137	-133,5
     35,9961	  0,00371818	-127,9	  0,00370553	-134,6
      35,998	  0,00353695	-131,3	  0,00351661	-135,6
          36	  0,00358953	-132,7	  0,00375632	-139,1

