X-Data [Hz]	Laser (M - Filtered) [m/s]	Phase [Deg]	Laser (M - Filtered) [m/s]	Phase [Deg]	
	002: [06-17-24 12:59]		003: [06-17-24 13:07]	
          31	   0,0121962	74,0	   0,0156333	73,6
      31,002	   0,0139729	77,1	   0,0157138	74,0
     31,0039	   0,0141391	71,9	   0,0157349	74,3
     31,0059	   0,0141524	75,5	   0,0157264	74,6
     31,0078	    0,015735	75,0	   0,0157755	74,5
     31,0098	   0,0149558	74,1	   0,0158254	74,8
     31,0117	   0,0148081	75,4	   0,0157548	73,7
     31,0137	    0,014929	73,8	   0,0157838	73,9
     31,0156	   0,0156257	73,5	   0,0155226	74,2
     31,0176	   0,0155462	73,7	   0,0153519	72,0
     31,0196	   0,0148847	73,6	   0,0150685	74,2
     31,0215	   0,0153764	74,0	   0,0156045	75,2
     31,0235	   0,0155025	72,4	    0,015573	71,4
     31,0254	   0,0157141	73,8	   0,0158796	74,7
     31,0274	   0,0150168	74,0	    0,015316	74,6
     31,0293	   0,0157006	74,7	    0,014979	72,8
     31,0313	   0,0158663	72,8	   0,0156491	73,8
     31,0332	   0,0150186	74,2	   0,0149596	73,2
     31,0352	   0,0152314	73,9	   0,0156274	73,2
     31,0371	   0,0156133	74,3	   0,0144764	70,2
     31,0391	   0,0155069	75,3	   0,0161252	73,3
     31,0411	   0,0151741	74,5	   0,0160831	74,9
      31,043	   0,0153163	74,6	   0,0151997	69,6
      31,045	   0,0161143	73,8	   0,0153142	74,0
     31,0469	   0,0152886	74,0	   0,0156132	75,1
     31,0489	   0,0154724	75,6	   0,0150086	67,8
     31,0508	   0,0160908	74,4	   0,0160116	73,8
     31,0528	   0,0161824	74,4	   0,0162174	74,8
     31,0547	   0,0151169	74,0	   0,0156961	72,5
     31,0567	   0,0155949	73,7	   0,0157991	72,8
     31,0587	   0,0159263	73,5	   0,0157427	74,9
     31,0606	   0,0153912	73,2	   0,0157587	73,0
     31,0626	   0,0157156	73,3	   0,0162255	73,4
     31,0645	    0,016215	73,6	   0,0156761	76,8
     31,0665	   0,0154958	73,6	   0,0159147	73,5
     31,0684	    0,015797	73,3	   0,0158503	70,8
     31,0704	   0,0163104	73,4	   0,0161252	74,3
     31,0723	   0,0159469	73,8	   0,0160536	74,3
     31,0743	   0,0155312	74,0	   0,0163193	73,4
     31,0762	   0,0163773	74,0	     0,01598	75,1
     31,0782	   0,0164394	74,1	   0,0164544	72,7
     31,0802	   0,0153965	74,5	   0,0154279	76,0
     31,0821	   0,0161612	74,7	   0,0161076	75,4
     31,0841	   0,0161518	75,1	    0,014814	70,7
      31,086	   0,0158005	74,8	   0,0154985	74,5
      31,088	    0,016133	74,5	   0,0163539	74,0
     31,0899	   0,0165864	74,2	    0,016295	71,3
     31,0919	   0,0158737	74,7	   0,0164017	75,2
     31,0938	   0,0162862	75,2	   0,0164292	71,7
     31,0958	   0,0163278	74,6	   0,0164119	74,0
     31,0978	   0,0157891	74,7	   0,0164207	75,2
     31,0997	   0,0159638	74,1	   0,0161033	71,1
     31,1017	   0,0167105	74,0	   0,0159672	76,9
     31,1036	   0,0157454	73,7	    0,016435	76,3
     31,1056	   0,0161334	73,1	   0,0160602	72,1
     31,1075	   0,0164182	73,1	   0,0159477	75,8
     31,1095	   0,0163296	74,4	   0,0164162	71,9
     31,1114	   0,0156738	74,4	   0,0162513	76,6
     31,1134	   0,0168139	74,2	    0,016381	75,2
     31,1153	   0,0163279	73,8	   0,0165316	71,3
     31,1173	   0,0162117	73,0	   0,0163472	76,6
     31,1193	     0,01662	72,9	   0,0164265	75,0
     31,1212	   0,0159396	73,3	   0,0161998	74,2
     31,1232	   0,0162539	73,0	   0,0167409	74,6
     31,1251	    0,016789	73,1	   0,0162982	74,4
     31,1271	   0,0163025	73,2	    0,015619	74,2
      31,129	   0,0163855	74,0	   0,0168088	74,4
      31,131	   0,0167336	73,8	   0,0165325	73,2
     31,1329	   0,0162258	73,6	   0,0171477	74,4
     31,1349	   0,0162686	73,5	   0,0167232	72,0
     31,1369	   0,0169342	73,1	   0,0166515	73,8
     31,1388	   0,0165276	73,0	   0,0165483	74,6
     31,1408	   0,0164992	73,0	   0,0167613	71,4
     31,1427	   0,0169406	73,7	   0,0166389	74,8
     31,1447	   0,0164045	73,4	   0,0168317	75,5
     31,1466	   0,0170902	74,5	   0,0165832	75,0
     31,1486	   0,0166296	73,1	   0,0168321	76,2
     31,1505	   0,0163779	73,8	   0,0169615	71,7
     31,1525	   0,0171079	73,3	   0,0169137	75,4
     31,1544	   0,0166297	73,6	   0,0174659	73,2
     31,1564	   0,0166257	73,6	   0,0173877	73,4
     31,1584	    0,017053	73,7	   0,0171785	74,1
     31,1603	   0,0168011	73,3	   0,0168771	72,0
     31,1623	   0,0167851	73,2	   0,0169599	74,8
     31,1642	   0,0172972	73,8	   0,0174443	73,8
     31,1662	   0,0166577	74,6	   0,0169537	75,0
     31,1681	   0,0175668	74,8	    0,017596	75,0
     31,1701	   0,0171667	73,3	   0,0175479	75,1
      31,172	   0,0170715	73,6	   0,0176735	75,3
      31,174	   0,0174495	73,0	   0,0171327	73,5
      31,176	    0,016926	73,2	   0,0177133	75,0
     31,1779	   0,0175112	73,6	   0,0158401	69,2
     31,1799	   0,0172037	73,4	   0,0164716	74,5
     31,1818	   0,0172525	73,1	   0,0171454	75,3
     31,1838	   0,0176718	73,5	   0,0178194	73,3
     31,1857	   0,0168116	74,0	   0,0172484	75,8
     31,1877	   0,0171884	72,8	   0,0179429	73,2
     31,1896	    0,017744	73,6	   0,0172556	74,8
     31,1916	    0,017268	72,8	   0,0179744	73,5
     31,1935	   0,0175169	73,6	   0,0173481	76,7
     31,1955	   0,0174742	74,9	   0,0180235	73,9
     31,1975	   0,0173224	74,3	   0,0179255	74,8
     31,1994	   0,0178738	73,8	   0,0180336	75,3
     31,2014	   0,0170844	73,5	   0,0177875	74,4
     31,2033	   0,0179057	73,7	   0,0181199	75,4
     31,2053	   0,0175574	73,2	   0,0173514	74,8
     31,2072	   0,0175516	73,1	   0,0181047	73,3
     31,2092	   0,0178579	73,9	   0,0174514	74,6
     31,2111	   0,0174298	73,9	   0,0182996	73,2
     31,2131	   0,0181168	73,6	   0,0182081	73,6
     31,2151	   0,0178384	75,1	   0,0182807	72,8
      31,217	   0,0177849	74,7	    0,018154	74,5
      31,219	   0,0179764	75,1	   0,0177665	72,2
     31,2209	   0,0175845	75,4	   0,0182995	74,0
     31,2229	   0,0180706	74,6	   0,0182127	71,7
     31,2248	   0,0177803	75,6	   0,0183402	74,4
     31,2268	   0,0180448	74,7	   0,0182851	74,3
     31,2287	     0,01793	74,9	   0,0177283	74,7
     31,2307	   0,0171537	75,2	   0,0179345	72,2
     31,2326	    0,018429	74,8	   0,0184135	74,2
     31,2346	   0,0176822	74,9	   0,0185248	74,5
     31,2366	    0,018356	74,0	   0,0183681	73,6
     31,2385	   0,0184697	74,5	   0,0172968	76,0
     31,2405	   0,0178732	74,1	   0,0187212	73,1
     31,2424	   0,0186088	73,8	    0,018663	73,7
     31,2444	   0,0180049	74,8	   0,0186043	73,5
     31,2463	   0,0186267	75,0	   0,0185541	74,5
     31,2483	   0,0185753	74,5	   0,0186301	74,6
     31,2502	   0,0177214	75,3	   0,0189576	75,1
     31,2522	   0,0184742	74,8	   0,0188752	75,2
     31,2542	   0,0185528	74,7	   0,0187703	74,6
     31,2561	   0,0187626	74,4	   0,0189635	75,0
     31,2581	   0,0178545	74,4	   0,0188039	75,0
       31,26	   0,0189385	74,1	   0,0189805	73,1
      31,262	   0,0177683	74,5	   0,0190856	73,2
     31,2639	   0,0187146	75,4	   0,0187853	71,6
     31,2659	   0,0184257	74,6	   0,0177065	74,3
     31,2678	   0,0188694	74,9	   0,0192568	73,7
     31,2698	   0,0183398	74,8	   0,0190732	75,4
     31,2717	    0,018985	75,2	   0,0191842	74,9
     31,2737	   0,0185748	74,4	   0,0192633	75,0
     31,2757	   0,0189645	75,1	   0,0193115	73,8
     31,2776	   0,0192324	74,4	   0,0189464	74,6
     31,2796	   0,0187173	74,2	   0,0192406	73,4
     31,2815	   0,0191941	74,5	   0,0185876	75,5
     31,2835	   0,0189783	74,2	   0,0192474	75,0
     31,2854	   0,0194183	73,9	   0,0191809	74,2
     31,2874	   0,0184476	74,6	   0,0195628	74,2
     31,2893	   0,0194018	74,3	   0,0188244	75,7
     31,2913	   0,0184927	75,3	    0,019596	74,2
     31,2933	   0,0193485	74,6	   0,0177692	74,3
     31,2952	   0,0187851	75,7	   0,0195478	74,4
     31,2972	    0,019256	75,3	    0,018387	75,1
     31,2991	   0,0190771	74,9	   0,0193463	73,9
     31,3011	   0,0194051	75,5	   0,0195223	75,0
      31,303	   0,0193986	75,5	   0,0196712	74,1
      31,305	   0,0195242	75,1	   0,0193343	75,0
     31,3069	   0,0194464	73,9	   0,0199287	73,4
     31,3089	   0,0191679	73,1	   0,0197445	73,7
     31,3109	   0,0195145	73,9	   0,0198132	73,7
     31,3128	   0,0193127	73,6	   0,0200614	75,3
     31,3148	   0,0193885	74,1	   0,0183928	72,6
     31,3167	   0,0197735	73,8	   0,0201454	74,8
     31,3187	   0,0195839	73,9	   0,0188134	74,8
     31,3206	    0,020036	74,2	   0,0197294	74,0
     31,3226	   0,0195748	73,9	   0,0196638	75,4
     31,3245	   0,0198086	74,3	   0,0198724	74,9
     31,3265	   0,0199682	75,2	   0,0182412	72,2
     31,3284	   0,0201666	74,7	   0,0203093	74,2
     31,3304	   0,0194485	75,2	   0,0196977	74,7
     31,3324	   0,0200581	74,8	   0,0202098	74,4
     31,3343	   0,0195784	74,6	   0,0203011	74,7
     31,3363	   0,0203477	74,1	   0,0186892	75,1
     31,3382	    0,019744	73,6	    0,019938	75,5
     31,3402	   0,0203498	74,2	    0,020543	73,6
     31,3421	   0,0198628	73,4	   0,0204144	74,4
     31,3441	   0,0204128	73,7	   0,0201145	73,5
      31,346	   0,0198399	73,4	   0,0207421	74,6
      31,348	   0,0205927	74,3	   0,0197857	74,8
       31,35	   0,0200589	74,9	   0,0207892	75,0
     31,3519	   0,0206617	75,2	   0,0208461	75,3
     31,3539	   0,0203241	75,0	   0,0199794	74,3
     31,3558	    0,020694	75,2	   0,0209693	74,4
     31,3578	   0,0206053	74,0	   0,0185155	76,2
     31,3597	   0,0201392	74,3	   0,0209765	73,8
     31,3617	    0,020834	73,6	    0,019943	75,8
     31,3636	   0,0207663	75,0	    0,021121	74,1
     31,3656	   0,0209468	74,5	   0,0204972	75,4
     31,3675	   0,0207553	73,2	   0,0209439	75,5
     31,3695	   0,0210193	75,2	   0,0212598	75,9
     31,3715	   0,0206996	75,7	   0,0197784	75,1
     31,3734	   0,0209039	75,3	   0,0209859	73,6
     31,3754	    0,021112	75,7	   0,0210204	76,0
     31,3773	   0,0207492	75,2	    0,021406	74,7
     31,3793	   0,0210764	75,4	   0,0205727	75,0
     31,3812	   0,0206887	75,4	   0,0205982	75,8
     31,3832	   0,0213411	74,7	   0,0214333	75,8
     31,3851	   0,0212897	74,7	   0,0198366	74,4
     31,3871	   0,0214192	74,0	   0,0213453	73,8
     31,3891	   0,0207672	74,1	   0,0213628	74,8
      31,391	    0,021569	75,2	   0,0207229	75,0
      31,393	   0,0213946	75,1	    0,020515	75,0
     31,3949	   0,0216397	73,7	   0,0210063	75,2
     31,3969	    0,021308	73,3	   0,0219853	75,2
     31,3988	    0,021748	74,9	   0,0218935	75,8
     31,4008	   0,0213125	74,3	    0,021827	74,7
     31,4027	   0,0216949	74,9	   0,0221201	74,8
     31,4047	   0,0218429	74,7	   0,0219194	74,0
     31,4066	   0,0212091	75,2	   0,0221919	74,5
     31,4086	   0,0220328	75,1	   0,0222182	74,3
     31,4106	   0,0216617	75,3	   0,0220882	74,0
     31,4125	   0,0218561	75,7	   0,0224134	74,5
     31,4145	   0,0217335	74,1	   0,0224487	75,8
     31,4164	   0,0218916	74,3	   0,0219443	75,4
     31,4184	   0,0222284	73,7	   0,0220546	75,2
     31,4203	   0,0220034	74,0	   0,0219524	75,2
     31,4223	   0,0218179	73,8	   0,0223061	74,5
     31,4242	   0,0221738	75,4	   0,0227427	73,7
     31,4262	   0,0218111	76,1	   0,0224086	74,7
     31,4282	   0,0225396	75,8	   0,0223738	74,2
     31,4301	   0,0225073	76,0	   0,0229297	75,1
     31,4321	   0,0226049	75,6	   0,0229827	75,6
      31,434	   0,0222914	74,7	   0,0224897	75,1
      31,436	   0,0227026	75,1	   0,0223154	74,7
     31,4379	   0,0227898	75,1	   0,0228811	74,8
     31,4399	   0,0227374	75,3	    0,023206	75,1
     31,4418	   0,0228748	75,8	   0,0221877	76,1
     31,4438	   0,0229321	75,6	   0,0232973	75,5
     31,4457	   0,0227345	75,8	    0,023403	76,0
     31,4477	   0,0230857	75,6	   0,0221981	75,7
     31,4497	   0,0229656	75,2	   0,0233781	74,4
     31,4516	   0,0232283	74,9	   0,0226829	75,6
     31,4536	   0,0230549	74,4	   0,0225442	75,4
     31,4555	   0,0231756	75,8	   0,0236421	75,8
     31,4575	   0,0232697	75,7	    0,023418	74,9
     31,4594	   0,0233093	76,0	   0,0233709	75,2
     31,4614	   0,0235133	74,6	   0,0230672	75,6
     31,4633	   0,0233343	74,0	   0,0229767	76,2
     31,4653	   0,0235489	74,5	   0,0237422	75,1
     31,4673	   0,0235978	74,1	   0,0240504	76,1
     31,4692	   0,0236349	74,4	   0,0235826	76,7
     31,4712	   0,0237541	74,9	   0,0238001	76,1
     31,4731	    0,023812	75,4	   0,0216876	74,8
     31,4751	    0,023913	76,1	   0,0210796	75,0
      31,477	   0,0239016	74,6	   0,0239185	74,7
      31,479	   0,0239804	74,5	   0,0226173	75,9
     31,4809	    0,024002	74,8	   0,0244547	75,7
     31,4829	   0,0241331	75,8	    0,023683	76,1
     31,4848	   0,0239816	76,1	   0,0245831	74,4
     31,4868	   0,0241813	76,2	   0,0225285	72,8
     31,4888	    0,024344	76,0	   0,0247759	75,9
     31,4907	   0,0239348	75,1	   0,0226545	75,4
     31,4927	   0,0242812	74,8	   0,0244419	76,8
     31,4946	   0,0240786	75,1	   0,0249517	75,7
     31,4966	   0,0242272	75,0	   0,0245814	75,5
     31,4985	   0,0247795	75,8	   0,0251047	75,5
     31,5005	   0,0244871	75,8	    0,025241	77,2
     31,5024	    0,024778	75,6	   0,0253714	76,3
     31,5044	   0,0248345	74,1	   0,0247041	76,2
     31,5064	   0,0249508	74,8	   0,0254445	75,6
     31,5083	   0,0249926	74,6	   0,0252534	75,2
     31,5103	   0,0251111	76,0	    0,025164	75,3
     31,5122	   0,0251508	77,0	   0,0257515	75,2
     31,5142	   0,0253267	76,5	   0,0258618	76,4
     31,5161	   0,0253783	75,3	   0,0244454	75,9
     31,5181	   0,0252586	75,4	   0,0259509	75,3
       31,52	   0,0254171	74,3	   0,0260539	74,9
      31,522	   0,0255287	75,0	   0,0255463	76,0
     31,5239	   0,0256685	75,9	   0,0258736	76,8
     31,5259	   0,0257657	75,5	   0,0262433	77,1
     31,5279	   0,0255602	74,9	   0,0258297	77,3
     31,5298	   0,0257858	75,0	   0,0240327	74,8
     31,5318	   0,0259975	75,9	   0,0265617	75,4
     31,5337	   0,0260971	75,0	   0,0257287	76,0
     31,5357	   0,0261283	76,2	   0,0264486	76,4
     31,5376	   0,0261851	76,4	   0,0268721	77,2
     31,5396	   0,0262334	76,0	   0,0265629	76,7
     31,5415	   0,0261254	75,8	   0,0268574	74,9
     31,5435	   0,0264456	75,7	   0,0270565	77,4
     31,5455	   0,0265814	76,5	   0,0271071	77,3
     31,5474	   0,0263507	76,3	   0,0271727	76,7
     31,5494	   0,0266053	76,8	   0,0263221	76,0
     31,5513	   0,0266832	77,1	   0,0266055	76,6
     31,5533	   0,0267982	76,8	   0,0267987	75,6
     31,5552	   0,0268604	76,1	   0,0275443	77,0
     31,5572	   0,0270456	75,4	   0,0278017	78,2
     31,5591	   0,0271011	74,9	   0,0278252	77,0
     31,5611	   0,0271601	76,2	   0,0274292	77,2
      31,563	   0,0272978	76,8	   0,0280081	75,9
      31,565	   0,0274612	75,4	   0,0281484	77,4
      31,567	   0,0274829	74,8	   0,0282824	77,2
     31,5689	    0,027333	75,8	   0,0283334	76,3
     31,5709	   0,0276493	76,4	   0,0283696	76,5
     31,5728	   0,0276818	76,9	   0,0285029	75,8
     31,5748	   0,0277023	77,1	   0,0287011	76,9
     31,5767	    0,027882	75,9	   0,0288247	77,6
     31,5787	   0,0281178	75,3	   0,0289157	77,1
     31,5806	   0,0280171	75,6	     0,02817	77,5
     31,5826	   0,0280862	76,4	   0,0291122	76,6
     31,5846	   0,0283542	76,6	   0,0292381	76,9
     31,5865	   0,0283528	76,1	   0,0293278	77,2
     31,5885	   0,0284651	76,1	   0,0294259	75,8
     31,5904	   0,0287282	77,2	   0,0295881	77,0
     31,5924	   0,0287292	77,6	   0,0297033	78,6
     31,5943	    0,028725	76,9	   0,0298074	78,0
     31,5963	   0,0289694	76,9	   0,0293145	77,0
     31,5982	   0,0291552	75,3	   0,0300901	76,9
     31,6002	   0,0292782	75,9	   0,0301942	76,4
     31,6021	   0,0293163	77,2	   0,0301956	78,1
     31,6041	   0,0294775	77,3	   0,0304005	78,0
     31,6061	   0,0295787	77,2	   0,0297872	78,5
      31,608	   0,0295255	75,7	   0,0307804	77,8
       31,61	   0,0297013	77,4	   0,0307887	77,8
     31,6119	   0,0299441	78,2	   0,0309328	79,2
     31,6139	   0,0299818	77,8	   0,0311088	77,7
     31,6158	   0,0298472	76,8	    0,031169	77,2
     31,6178	   0,0301862	76,5	    0,031405	76,7
     31,6197	   0,0303973	77,1	   0,0314465	77,5
     31,6217	   0,0303086	77,8	   0,0313733	78,8
     31,6237	   0,0301839	77,9	   0,0319157	78,5
     31,6256	   0,0307221	77,2	   0,0318649	77,3
     31,6276	   0,0308993	76,1	   0,0318291	78,0
     31,6295	   0,0310349	76,6	   0,0321094	77,9
     31,6315	   0,0309903	77,8	   0,0324762	78,9
     31,6334	   0,0312606	77,6	   0,0324424	77,8
     31,6354	   0,0314324	76,8	   0,0328121	77,8
     31,6373	   0,0315357	76,7	   0,0328902	79,3
     31,6393	     0,03165	77,8	   0,0331348	79,7
     31,6413	   0,0318043	77,9	   0,0332919	78,4
     31,6432	   0,0319562	78,4	   0,0331835	78,3
     31,6452	   0,0320535	78,7	   0,0333509	78,1
     31,6471	   0,0320295	77,1	   0,0338041	79,3
     31,6491	   0,0322889	77,2	   0,0338817	80,2
      31,651	   0,0325708	78,4	   0,0341385	79,3
      31,653	   0,0325318	79,6	   0,0343353	78,4
     31,6549	   0,0328134	77,7	   0,0343293	79,6
     31,6569	   0,0328357	76,8	   0,0348414	80,2
     31,6588	   0,0329667	77,8	   0,0350582	79,7
     31,6608	   0,0333362	79,3	   0,0352313	78,7
     31,6628	   0,0334729	79,1	    0,035183	79,5
     31,6647	   0,0336023	78,1	   0,0353868	80,9
     31,6667	    0,033754	78,1	   0,0356694	80,1
     31,6686	   0,0339995	77,2	   0,0359766	79,1
     31,6706	   0,0341924	78,3	   0,0362956	79,4
     31,6725	   0,0337902	77,9	   0,0364742	80,1
     31,6745	   0,0342474	77,7	   0,0365673	81,0
     31,6764	   0,0344438	78,3	   0,0369493	79,2
     31,6784	   0,0348191	79,5	   0,0372054	80,2
     31,6804	    0,034873	79,6	   0,0373467	81,1
     31,6823	   0,0353179	79,4	    0,037604	81,7
     31,6843	   0,0352734	78,1	   0,0377432	81,8
     31,6862	   0,0354921	78,2	   0,0380783	80,5
     31,6882	   0,0358044	80,0	   0,0381502	79,7
     31,6901	   0,0359532	80,4	   0,0386818	81,5
     31,6921	   0,0360304	79,4	   0,0387931	82,3
      31,694	   0,0362585	78,9	   0,0386722	81,6
      31,696	   0,0365582	80,0	   0,0394119	81,4
     31,6979	   0,0367934	81,0	   0,0398515	82,9
     31,6999	   0,0368236	80,2	   0,0402127	82,6
     31,7019	   0,0367094	78,8	   0,0396246	81,8
     31,7038	   0,0372742	79,8	   0,0405537	82,4
     31,7058	   0,0377227	81,1	   0,0409893	83,0
     31,7077	   0,0378996	80,8	    0,041509	82,6
     31,7097	   0,0381185	79,9	   0,0418361	82,3
     31,7116	    0,038261	80,2	   0,0422274	83,5
     31,7136	   0,0382941	80,0	   0,0425896	85,0
     31,7155	   0,0389735	81,7	   0,0430382	84,8
     31,7175	   0,0392193	80,2	   0,0428752	83,5
     31,7195	   0,0393617	80,1	   0,0437652	84,8
     31,7214	   0,0396316	81,4	   0,0440841	83,7
     31,7234	   0,0398682	82,4	   0,0447277	84,0
     31,7253	   0,0400468	81,5	   0,0452799	85,7
     31,7273	   0,0404303	80,9	   0,0462985	86,5
     31,7292	   0,0407213	81,2	   0,0471093	86,7
     31,7312	   0,0410406	81,6	   0,0481091	85,8
     31,7331	   0,0412117	82,0	   0,0493401	85,9
     31,7351	   0,0413973	81,6	   0,0506397	88,8
      31,737	   0,0419673	81,7	   0,0521153	88,8
      31,739	   0,0421365	82,5	   0,0536218	87,9
      31,741	   0,0426809	83,4	    0,054508	90,1
     31,7429	   0,0430142	82,9	   0,0566549	92,0
     31,7449	   0,0433343	82,6	   0,0579764	91,8
     31,7468	   0,0435642	81,9	   0,0596393	95,5
     31,7488	   0,0438429	83,3	   0,0614005	98,1
     31,7507	   0,0442672	85,5	   0,0627195	97,9
     31,7527	   0,0447857	84,0	   0,0650018	98,6
     31,7546	   0,0451388	83,5	   0,0664043	100,7
     31,7566	   0,0451955	85,9	   0,0666937	103,3
     31,7586	   0,0453561	84,7	   0,0698321	105,2
     31,7605	   0,0459841	83,9	   0,0707243	105,4
     31,7625	   0,0465612	85,2	   0,0723447	107,8
     31,7644	   0,0470095	86,5	   0,0737115	110,6
     31,7664	   0,0475265	87,0	   0,0751145	110,6
     31,7683	   0,0477827	85,8	   0,0751131	112,3
     31,7703	   0,0480121	86,7	   0,0766193	115,1
     31,7722	   0,0485501	88,1	   0,0790022	116,1
     31,7742	   0,0492305	87,8	   0,0795158	117,3
     31,7761	   0,0495835	87,5	    0,081411	118,9
     31,7781	   0,0500506	89,7	     0,08291	120,8
     31,7801	   0,0503087	90,0	   0,0832482	122,0
      31,782	   0,0508528	91,1	   0,0846578	123,1
      31,784	   0,0517266	90,3	   0,0831326	125,0
     31,7859	   0,0526087	90,2	   0,0844543	128,3
     31,7879	   0,0528977	92,0	   0,0855773	128,1
     31,7898	   0,0537013	92,1	   0,0864897	130,2
     31,7918	   0,0538994	92,2	   0,0873618	131,8
     31,7937	   0,0548821	92,6	    0,086995	131,9
     31,7957	   0,0559683	94,5	   0,0876224	132,9
     31,7977	   0,0562168	94,3	   0,0891077	135,5
     31,7996	   0,0577832	95,2	   0,0886838	136,6
     31,8016	   0,0583261	96,3	   0,0893742	137,1
     31,8035	   0,0590951	96,8	   0,0878539	138,1
     31,8055	   0,0594203	97,7	   0,0886411	140,5
     31,8074	   0,0612257	99,3	   0,0885118	141,2
     31,8094	   0,0619707	100,9	   0,0898621	141,5
     31,8113	   0,0630174	101,5	   0,0886481	143,8
     31,8133	   0,0648117	101,5	   0,0902756	144,3
     31,8152	   0,0667155	103,2	   0,0897732	144,5
     31,8172	   0,0671479	105,8	   0,0909566	145,7
     31,8192	   0,0681696	106,8	   0,0928241	147,4
     31,8211	   0,0697834	108,1	   0,0920084	149,1
     31,8231	   0,0705283	110,2	   0,0921575	149,3
      31,825	    0,072697	111,2	   0,0910634	149,9
      31,827	   0,0743871	113,5	   0,0919952	151,7
     31,8289	     0,07617	116,5	   0,0911424	152,6
     31,8309	   0,0774788	118,3	   0,0906645	152,7
     31,8328	   0,0782985	119,8	   0,0899412	154,8
     31,8348	   0,0792158	122,2	   0,0907844	154,1
     31,8368	   0,0813051	126,0	   0,0918959	153,4
     31,8387	   0,0827131	128,8	   0,0910655	156,2
     31,8407	   0,0835402	129,7	   0,0919416	157,9
     31,8426	   0,0858855	133,0	   0,0913793	156,7
     31,8446	    0,087008	135,2	   0,0917292	157,3
     31,8465	   0,0881716	137,2	   0,0921781	160,2
     31,8485	   0,0890905	140,3	   0,0912578	159,9
     31,8504	   0,0902461	144,2	   0,0916497	160,1
     31,8524	   0,0905049	146,3	   0,0916239	163,1
     31,8543	   0,0910085	148,4	   0,0909882	162,5
     31,8563	   0,0918156	151,4	   0,0903544	162,2
     31,8583	   0,0916479	154,8	   0,0900379	165,0
     31,8602	   0,0921686	155,4	   0,0897381	163,8
     31,8622	   0,0919959	156,5	    0,089516	165,4
     31,8641	   0,0925588	160,2	   0,0893959	167,5
     31,8661	   0,0923965	160,4	   0,0884406	166,7
      31,868	   0,0922805	162,1	   0,0885305	166,6
       31,87	    0,091668	164,6	   0,0878747	168,1
     31,8719	   0,0918346	166,1	   0,0881609	169,8
     31,8739	   0,0918291	166,3	   0,0889869	168,5
     31,8759	   0,0915029	167,4	   0,0898446	170,0
     31,8778	    0,090718	169,7	   0,0886822	170,8
     31,8798	   0,0906553	170,6	   0,0898128	169,4
     31,8817	   0,0903668	169,6	    0,088659	173,1
     31,8837	   0,0894956	171,6	   0,0881856	174,4
     31,8856	   0,0891274	173,0	   0,0887217	173,2
     31,8876	   0,0895368	172,6	   0,0879515	174,3
     31,8895	   0,0889337	175,0	   0,0883634	176,1
     31,8915	    0,087922	176,2	   0,0882816	175,2
     31,8934	   0,0881427	174,8	   0,0876856	176,0
     31,8954	   0,0873326	175,2	   0,0876373	177,9
     31,8974	   0,0875032	177,6	    0,086955	177,6
     31,8993	   0,0861735	178,7	   0,0864426	178,8
     31,9013	   0,0867095	177,6	    0,086326	177,7
     31,9032	    0,086399	178,5	   0,0833205	178,1
     31,9052	   0,0863699	180,1	   0,0832675	180,9
     31,9071	   0,0852471	179,0	   0,0836909	180,2
     31,9091	   0,0851611	180,5	   0,0829941	180,9
      31,911	   0,0853407	183,5	   0,0821576	182,4
      31,913	   0,0852703	182,1	   0,0814505	181,2
      31,915	   0,0842915	181,4	   0,0834092	181,8
     31,9169	   0,0841547	183,6	   0,0817806	183,4
     31,9189	   0,0840193	184,7	    0,081625	183,3
     31,9208	   0,0834179	184,7	   0,0817121	183,9
     31,9228	   0,0833082	186,0	   0,0817334	184,6
     31,9247	   0,0829564	186,6	   0,0813243	184,2
     31,9267	   0,0824232	185,2	   0,0806161	185,3
     31,9286	    0,082185	187,0	   0,0799924	187,5
     31,9306	   0,0818406	189,4	   0,0824332	185,6
     31,9326	   0,0812464	189,3	   0,0817386	188,7
     31,9345	   0,0807918	187,8	   0,0793421	187,4
     31,9365	    0,080948	188,4	   0,0801912	186,7
     31,9384	   0,0801793	190,4	   0,0788239	189,6
     31,9404	   0,0803443	189,0	   0,0789257	189,3
     31,9423	   0,0796249	190,1	   0,0796216	189,2
     31,9443	   0,0795314	189,7	   0,0786419	190,6
     31,9462	   0,0792438	190,6	   0,0784543	191,2
     31,9482	   0,0788185	192,2	   0,0781374	189,7
     31,9501	   0,0786122	191,9	    0,077207	192,2
     31,9521	   0,0780845	191,4	   0,0775902	191,2
     31,9541	   0,0772896	192,9	   0,0772153	192,4
      31,956	   0,0769901	194,3	   0,0772725	194,0
      31,958	   0,0767954	193,0	    0,077788	193,6
     31,9599	   0,0760666	193,8	   0,0776121	193,2
     31,9619	   0,0762469	194,4	    0,077794	194,6
     31,9638	   0,0759123	194,1	   0,0776627	195,3
     31,9658	   0,0754862	195,8	   0,0769156	194,5
     31,9677	   0,0749132	195,5	   0,0764139	196,2
     31,9697	   0,0744305	195,8	   0,0765074	196,2
     31,9717	   0,0741451	197,2	   0,0746381	197,1
     31,9736	   0,0737689	197,5	   0,0753408	197,2
     31,9756	   0,0723476	196,3	   0,0753659	195,6
     31,9775	   0,0722386	197,2	   0,0746877	197,2
     31,9795	    0,072141	199,6	   0,0743872	198,7
     31,9814	   0,0719234	198,3	   0,0726642	197,3
     31,9834	   0,0719207	199,2	   0,0726484	197,2
     31,9853	   0,0716258	199,1	   0,0717491	199,1
     31,9873	   0,0710837	199,8	   0,0708645	199,6
     31,9892	   0,0709541	-158,9	   0,0718597	199,8
     31,9912	   0,0706181	-160,4	   0,0713898	199,1
     31,9932	   0,0695287	-159,4	   0,0713675	199,6
     31,9951	   0,0695072	-158,5	   0,0706608	-157,7
     31,9971	   0,0695926	-159,4	   0,0704057	-158,6
      31,999	   0,0692921	-157,9	   0,0707757	-159,2
      32,001	   0,0683676	-157,7	   0,0699778	-156,8
     32,0029	   0,0684277	-157,6	   0,0698526	-157,3
     32,0049	   0,0681811	-156,7	   0,0696699	-157,6
     32,0068	    0,067733	-156,6	   0,0691992	-156,9
     32,0088	   0,0676766	-156,1	   0,0682595	-156,4
     32,0108	   0,0666338	-155,9	   0,0688235	-156,1
     32,0127	   0,0669724	-155,6	   0,0686914	-156,0
     32,0147	   0,0667019	-155,3	   0,0685025	-155,9
     32,0166	   0,0659113	-155,3	   0,0679581	-155,3
     32,0186	   0,0658361	-154,5	   0,0682439	-154,9
     32,0205	   0,0652467	-154,2	   0,0677209	-154,7
     32,0225	   0,0639665	-153,4	   0,0675364	-154,3
     32,0244	   0,0639135	-153,2	   0,0669771	-153,9
     32,0264	   0,0641262	-153,4	   0,0663039	-153,6
     32,0283	   0,0642401	-153,1	   0,0659085	-153,4
     32,0303	   0,0629941	-153,2	   0,0657286	-152,9
     32,0323	   0,0634886	-152,1	   0,0656915	-152,7
     32,0342	   0,0635382	-152,0	   0,0652885	-152,2
     32,0362	   0,0629519	-151,9	   0,0654711	-151,9
     32,0381	   0,0629758	-151,1	   0,0646017	-151,8
     32,0401	   0,0619849	-150,9	   0,0642561	-151,6
      32,042	   0,0621447	-150,6	   0,0640155	-151,4
      32,044	   0,0612244	-150,9	   0,0645343	-150,4
     32,0459	   0,0615027	-150,2	   0,0624216	-150,5
     32,0479	   0,0608356	-150,2	    0,063531	-150,0
     32,0499	   0,0603715	-149,8	   0,0624845	-149,6
     32,0518	   0,0603732	-149,5	   0,0627972	-149,6
     32,0538	   0,0596252	-149,3	   0,0620529	-149,2
     32,0557	   0,0599853	-148,8	   0,0617222	-149,1
     32,0577	   0,0592334	-149,0	   0,0610377	-148,9
     32,0596	   0,0594608	-148,0	    0,061085	-148,1
     32,0616	   0,0586253	-147,9	   0,0606508	-148,3
     32,0635	   0,0586852	-147,3	   0,0612282	-147,5
     32,0655	   0,0581474	-147,5	   0,0604972	-147,6
     32,0674	   0,0582818	-146,9	   0,0607657	-147,1
     32,0694	     0,05771	-146,7	   0,0596583	-147,0
     32,0714	   0,0574791	-146,4	     0,05986	-146,5
     32,0733	   0,0568703	-146,7	   0,0589883	-146,4
     32,0753	   0,0570388	-145,8	   0,0594273	-145,6
     32,0772	   0,0567976	-145,9	   0,0586772	-146,0
     32,0792	   0,0563652	-145,5	   0,0593803	-145,7
     32,0811	   0,0561282	-145,3	   0,0581039	-145,6
     32,0831	    0,055906	-144,7	   0,0568854	-144,4
      32,085	   0,0556045	-144,2	   0,0564726	-144,4
      32,087	   0,0554128	-143,9	   0,0559004	-143,7
      32,089	   0,0555344	-144,1	   0,0573911	-144,3
     32,0909	   0,0549365	-143,8	   0,0573551	-143,8
     32,0929	   0,0548151	-143,5	   0,0570072	-143,7
     32,0948	   0,0541927	-143,5	   0,0574372	-143,5
     32,0968	   0,0541404	-143,2	   0,0563506	-143,1
     32,0987	   0,0533408	-143,2	   0,0558418	-143,3
     32,1007	    0,053507	-142,7	   0,0556704	-142,5
     32,1026	   0,0531993	-142,5	   0,0550329	-142,3
     32,1046	   0,0529946	-141,9	   0,0553871	-141,9
     32,1065	   0,0525707	-141,5	   0,0541091	-142,1
     32,1085	   0,0526013	-141,4	   0,0539313	-141,1
     32,1105	   0,0520863	-141,5	   0,0539323	-141,9
     32,1124	   0,0518604	-140,9	   0,0543029	-141,3
     32,1144	   0,0517605	-140,8	   0,0532645	-141,2
     32,1163	   0,0508104	-140,8	   0,0541839	-140,4
     32,1183	   0,0510021	-140,2	   0,0519858	-140,6
     32,1202	   0,0505409	-140,1	   0,0521333	-140,0
     32,1222	    0,050677	-139,7	   0,0528962	-140,0
     32,1241	   0,0500123	-140,1	   0,0525513	-140,3
     32,1261	   0,0499405	-139,3	   0,0528915	-139,4
     32,1281	   0,0494872	-139,2	   0,0515819	-139,3
       32,13	   0,0496796	-138,7	   0,0516531	-138,9
      32,132	   0,0496211	-138,5	   0,0506497	-139,1
     32,1339	   0,0497741	-138,2	   0,0506583	-138,6
     32,1359	   0,0495692	-138,0	     0,05055	-138,7
     32,1378	   0,0482277	-138,2	   0,0501267	-138,2
     32,1398	   0,0483893	-137,6	   0,0497362	-137,8
     32,1417	   0,0477876	-138,0	   0,0492085	-137,9
     32,1437	   0,0479908	-137,4	   0,0497843	-137,0
     32,1456	    0,047305	-137,3	   0,0490853	-137,7
     32,1476	   0,0474008	-137,0	   0,0491846	-137,2
     32,1496	   0,0472723	-136,7	   0,0493964	-136,5
     32,1515	   0,0470153	-136,2	   0,0482302	-137,2
     32,1535	   0,0466494	-136,6	   0,0487425	-136,7
     32,1554	   0,0463751	-135,8	   0,0482712	-136,5
     32,1574	   0,0463196	-135,8	   0,0488085	-136,4
     32,1593	   0,0454685	-136,3	   0,0481621	-136,0
     32,1613	   0,0460154	-135,6	   0,0477115	-136,0
     32,1632	    0,045591	-135,5	    0,047951	-135,2
     32,1652	   0,0455214	-135,0	   0,0472921	-135,3
     32,1672	   0,0454752	-134,6	   0,0469643	-135,8
     32,1691	   0,0452201	-134,7	   0,0471215	-134,5
     32,1711	   0,0450729	-133,8	   0,0463622	-134,7
      32,173	   0,0444723	-134,2	    0,046745	-134,3
      32,175	   0,0444754	-133,2	   0,0459565	-134,4
     32,1769	   0,0441627	-133,9	   0,0450632	-134,4
     32,1789	   0,0443135	-132,9	   0,0458011	-133,7
     32,1808	   0,0441597	-132,7	   0,0445147	-133,9
     32,1828	   0,0440311	-133,1	   0,0450904	-133,7
     32,1847	   0,0424546	-133,6	    0,044627	-133,5
     32,1867	   0,0425496	-133,7	   0,0442811	-133,6
     32,1887	    0,042728	-132,4	   0,0443325	-133,3
     32,1906	   0,0426517	-132,1	    0,043858	-132,9
     32,1926	    0,042676	-132,4	   0,0432662	-133,1
     32,1945	   0,0423501	-131,8	   0,0440347	-132,2
     32,1965	   0,0416674	-131,9	   0,0435729	-132,0
     32,1984	   0,0414563	-131,5	   0,0429799	-132,5
     32,2004	   0,0418392	-131,0	   0,0431573	-131,9
     32,2023	   0,0412707	-131,5	   0,0421171	-132,2
     32,2043	   0,0411326	-131,0	   0,0420601	-132,3
     32,2063	   0,0408469	-130,6	   0,0426255	-131,3
     32,2082	   0,0408308	-131,0	   0,0418383	-131,1
     32,2102	   0,0408912	-129,7	   0,0411372	-131,5
     32,2121	    0,040689	-129,9	   0,0417673	-130,8
     32,2141	   0,0405127	-129,7	   0,0411412	-130,5
      32,216	   0,0403445	-129,3	   0,0401289	-131,1
      32,218	   0,0401226	-129,8	   0,0408969	-130,2
     32,2199	   0,0398308	-129,4	   0,0402323	-130,8
     32,2219	   0,0396711	-129,4	   0,0398815	-130,5
     32,2239	   0,0391221	-128,9	    0,040234	-129,9
     32,2258	   0,0392003	-129,4	   0,0399144	-129,8
     32,2278	   0,0389352	-128,5	   0,0398577	-129,7
     32,2297	   0,0388876	-128,3	   0,0400388	-129,5
     32,2317	   0,0387751	-128,5	   0,0390986	-130,1
     32,2336	   0,0385064	-128,1	   0,0389339	-129,7
     32,2356	   0,0381976	-128,5	   0,0388295	-128,4
     32,2375	    0,038164	-128,5	   0,0392292	-129,0
     32,2395	   0,0379273	-127,6	   0,0389139	-129,0
     32,2414	   0,0376945	-127,7	   0,0385694	-128,3
     32,2434	   0,0374753	-128,0	       0,038	-128,6
     32,2454	   0,0373812	-128,0	   0,0378874	-128,3
     32,2473	   0,0370545	-127,9	   0,0372332	-128,9
     32,2493	   0,0369233	-127,5	   0,0380476	-127,8
     32,2512	   0,0366531	-127,0	   0,0370995	-128,7
     32,2532	   0,0364649	-127,3	   0,0370755	-128,1
     32,2551	   0,0362457	-127,2	   0,0372911	-127,7
     32,2571	   0,0362247	-126,5	   0,0372564	-127,2
      32,259	   0,0359938	-126,6	    0,037369	-126,7
      32,261	   0,0357938	-126,5	   0,0371582	-127,0
      32,263	   0,0356822	-126,3	   0,0361922	-127,2
     32,2649	    0,035445	-126,2	   0,0361755	-127,1
     32,2669	   0,0351301	-125,6	   0,0354027	-127,3
     32,2688	   0,0349803	-125,9	   0,0358937	-126,9
     32,2708	   0,0347805	-125,8	   0,0358683	-125,9
     32,2727	   0,0346556	-125,3	   0,0359003	-126,1
     32,2747	   0,0345448	-125,4	   0,0358687	-125,5
     32,2766	   0,0342921	-125,2	   0,0356437	-125,6
     32,2786	   0,0341133	-125,3	   0,0349271	-126,2
     32,2805	   0,0338934	-125,0	   0,0344932	-125,8
     32,2825	   0,0335554	-125,1	   0,0346048	-125,8
     32,2845	   0,0335119	-124,8	   0,0347052	-125,5
     32,2864	   0,0333532	-124,6	   0,0343672	-125,2
     32,2884	   0,0332453	-124,6	   0,0342706	-125,1
     32,2903	   0,0330532	-124,6	   0,0343133	-125,0
     32,2923	   0,0328604	-124,2	   0,0340036	-124,8
     32,2942	   0,0327107	-124,2	   0,0334233	-124,8
     32,2962	    0,032612	-124,1	    0,033245	-124,7
     32,2981	      0,0323	-123,9	   0,0334939	-124,4
     32,3001	   0,0322082	-124,0	   0,0331929	-124,2
     32,3021	   0,0320436	-123,7	   0,0327373	-124,3
      32,304	   0,0317931	-123,4	   0,0328393	-124,2
      32,306	   0,0314084	-123,7	   0,0327699	-124,0
     32,3079	   0,0313299	-123,4	   0,0324308	-123,8
     32,3099	   0,0312296	-122,9	   0,0322675	-123,3
     32,3118	   0,0311107	-123,4	   0,0317316	-123,7
     32,3138	    0,030969	-123,5	   0,0319675	-123,8
     32,3157	   0,0307694	-123,0	   0,0319451	-123,1
     32,3177	   0,0306826	-122,9	   0,0316806	-123,1
     32,3196	   0,0305516	-122,7	   0,0311666	-122,9
     32,3216	   0,0303683	-122,8	   0,0311229	-123,1
     32,3236	   0,0300177	-122,9	   0,0312206	-122,8
     32,3255	   0,0300498	-122,7	   0,0309922	-122,5
     32,3275	   0,0298509	-122,6	   0,0308369	-122,4
     32,3294	   0,0297564	-122,3	   0,0307751	-122,5
     32,3314	    0,029606	-122,3	   0,0306379	-122,2
     32,3333	   0,0293068	-122,3	   0,0303609	-122,1
     32,3353	    0,029222	-122,2	   0,0301721	-121,9
     32,3372	   0,0290013	-122,1	   0,0300376	-122,1
     32,3392	   0,0288365	-122,0	   0,0298623	-121,7
     32,3412	   0,0286609	-121,9	   0,0297065	-121,6
     32,3431	   0,0285489	-121,8	   0,0295675	-121,9
     32,3451	   0,0284391	-121,7	   0,0293221	-121,7
      32,347	   0,0282839	-121,5	   0,0291664	-121,6
      32,349	   0,0281323	-121,4	   0,0290611	-121,5
     32,3509	   0,0279518	-121,3	   0,0289318	-121,4
     32,3529	   0,0274647	-121,5	    0,028842	-121,1
     32,3548	   0,0275804	-121,2	   0,0286257	-121,4
     32,3568	   0,0275212	-121,0	   0,0283659	-121,1
     32,3587	   0,0273691	-121,0	   0,0281853	-121,0
     32,3607	   0,0271773	-121,1	   0,0281306	-121,0
     32,3627	   0,0266307	-120,9	   0,0280215	-121,0
     32,3646	   0,0269999	-120,7	    0,027842	-120,9
     32,3666	   0,0268911	-120,8	   0,0276758	-120,4
     32,3685	   0,0267524	-120,5	   0,0273642	-120,7
     32,3705	   0,0266073	-120,7	   0,0271713	-120,3
     32,3724	   0,0264157	-120,5	   0,0266161	-120,8
     32,3744	   0,0263301	-120,5	   0,0267019	-120,4
     32,3763	   0,0261251	-120,2	   0,0268347	-120,4
     32,3783	   0,0259056	-120,2	   0,0267647	-120,4
     32,3803	    0,025857	-120,4	    0,026517	-120,1
     32,3822	   0,0258012	-120,2	   0,0263956	-120,2
     32,3842	    0,025599	-119,8	   0,0258251	-120,0
     32,3861	   0,0252847	-120,2	   0,0257137	-120,1
     32,3881	   0,0253136	-120,0	   0,0256908	-120,1
       32,39	   0,0251772	-119,9	    0,025841	-119,9
      32,392	   0,0250252	-119,7	   0,0256986	-119,8
     32,3939	   0,0249005	-119,8	   0,0256293	-119,8
     32,3959	   0,0247863	-119,4	   0,0254962	-119,6
     32,3979	   0,0246761	-119,5	    0,025226	-119,5
     32,3998	   0,0244866	-119,5	     0,02527	-119,6
     32,4018	   0,0243918	-119,3	   0,0251267	-119,4
     32,4037	    0,024165	-119,4	   0,0250052	-119,7
     32,4057	   0,0242041	-119,5	    0,024757	-119,2
     32,4076	   0,0240321	-119,0	   0,0248271	-119,3
     32,4096	   0,0239555	-118,9	   0,0246495	-119,4
     32,4115	    0,023777	-119,1	    0,024383	-119,1
     32,4135	   0,0236694	-119,0	   0,0243218	-119,1
     32,4154	    0,023594	-119,2	   0,0240062	-119,0
     32,4174	    0,023236	-118,9	    0,023908	-119,2
     32,4194	   0,0231891	-119,0	   0,0237828	-119,0
     32,4213	    0,023104	-118,6	   0,0237618	-118,9
     32,4233	    0,022902	-118,3	   0,0236729	-118,7
     32,4252	   0,0228501	-118,6	   0,0236169	-118,9
     32,4272	   0,0227552	-118,4	   0,0234229	-118,5
     32,4291	   0,0227445	-118,9	   0,0232659	-118,6
     32,4311	   0,0226355	-118,8	   0,0230835	-118,3
      32,433	   0,0224414	-118,4	   0,0230365	-118,5
      32,435	   0,0221978	-118,4	   0,0229369	-118,5
      32,437	    0,021989	-118,1	   0,0227862	-118,6
     32,4389	   0,0221022	-118,2	   0,0226746	-118,3
     32,4409	   0,0219847	-118,2	   0,0225944	-118,7
     32,4428	   0,0218901	-118,1	   0,0223242	-118,5
     32,4448	   0,0218118	-118,1	   0,0223947	-118,0
     32,4467	   0,0216091	-118,1	   0,0223137	-117,8
     32,4487	   0,0215505	-118,2	   0,0221518	-118,1
     32,4506	   0,0214474	-118,3	   0,0219305	-118,4
     32,4526	   0,0214195	-117,8	   0,0217635	-118,0
     32,4545	   0,0213031	-117,8	    0,021709	-117,8
     32,4565	   0,0209869	-117,7	   0,0216621	-117,7
     32,4585	   0,0210446	-117,9	   0,0215519	-117,8
     32,4604	    0,020904	-117,9	   0,0214332	-117,8
     32,4624	   0,0207288	-117,9	   0,0213729	-117,6
     32,4643	   0,0207036	-117,6	   0,0212688	-117,8
     32,4663	   0,0204034	-117,6	   0,0211853	-117,7
     32,4682	   0,0205248	-117,7	   0,0211283	-117,7
     32,4702	   0,0203907	-117,4	   0,0209764	-117,8
     32,4721	   0,0202122	-117,6	   0,0208188	-117,7
     32,4741	   0,0201811	-117,7	   0,0207076	-117,5
     32,4761	   0,0201524	-117,5	   0,0206239	-117,3
      32,478	   0,0201168	-117,5	   0,0205238	-117,3
       32,48	   0,0199098	-117,2	   0,0204167	-117,1
     32,4819	   0,0198122	-117,3	   0,0202641	-117,2
     32,4839	   0,0197315	-117,4	    0,020172	-117,5
     32,4858	   0,0196702	-117,1	   0,0200698	-117,5
     32,4878	   0,0194913	-117,1	   0,0198288	-117,1
     32,4897	    0,019396	-117,3	   0,0198045	-117,2
     32,4917	   0,0193371	-117,3	   0,0197508	-117,3
     32,4936	   0,0193063	-116,9	   0,0197202	-117,0
     32,4956	   0,0192225	-117,0	     0,01954	-117,3
     32,4976	   0,0190659	-116,9	   0,0192877	-116,9
     32,4995	   0,0189214	-117,0	   0,0193342	-117,0
     32,5015	   0,0187643	-117,1	   0,0191987	-116,5
     32,5034	   0,0187591	-117,1	   0,0191765	-116,9
     32,5054	    0,018696	-116,9	   0,0190298	-117,0
     32,5073	   0,0186265	-116,7	   0,0189552	-116,7
     32,5093	     0,01854	-116,8	   0,0187619	-116,9
     32,5112	   0,0184041	-116,7	   0,0187954	-117,1
     32,5132	   0,0183115	-116,5	    0,018556	-116,9
     32,5152	   0,0182259	-116,7	   0,0184621	-116,7
     32,5171	   0,0182492	-117,1	   0,0184414	-116,7
     32,5191	   0,0181449	-116,3	   0,0184866	-117,0
      32,521	   0,0179557	-116,3	    0,018355	-116,8
      32,523	   0,0178702	-116,6	   0,0181493	-116,6
     32,5249	   0,0178355	-116,6	   0,0182461	-116,6
     32,5269	   0,0177852	-116,2	   0,0181297	-116,6
     32,5288	   0,0176619	-116,2	   0,0179418	-116,4
     32,5308	   0,0175389	-116,1	   0,0178495	-116,2
     32,5327	   0,0174716	-116,7	    0,017844	-116,5
     32,5347	    0,017438	-116,8	   0,0177988	-116,6
     32,5367	   0,0173503	-116,3	   0,0176158	-116,7
     32,5386	   0,0172751	-116,6	    0,017533	-116,6
     32,5406	   0,0172362	-116,7	   0,0174873	-116,3
     32,5425	   0,0171097	-116,6	   0,0173911	-116,3
     32,5445	   0,0169608	-116,3	   0,0173827	-116,3
     32,5464	   0,0168135	-116,8	    0,017301	-116,1
     32,5484	   0,0168483	-116,4	   0,0170801	-116,4
     32,5503	   0,0166347	-116,0	   0,0170541	-116,3
     32,5523	   0,0165284	-115,9	   0,0170584	-115,9
     32,5543	   0,0165624	-116,3	   0,0170066	-116,0
     32,5562	   0,0163918	-116,2	   0,0168351	-116,3
     32,5582	   0,0164165	-116,1	   0,0166517	-116,4
     32,5601	   0,0164249	-116,2	   0,0166445	-115,8
     32,5621	   0,0163504	-115,9	   0,0165869	-115,8
      32,564	   0,0162416	-116,1	   0,0166069	-116,2
      32,566	    0,016152	-116,2	   0,0164966	-116,4
     32,5679	   0,0161548	-116,2	   0,0162092	-116,5
     32,5699	   0,0160182	-115,8	   0,0162829	-116,2
     32,5718	   0,0158983	-115,8	   0,0162088	-115,9
     32,5738	   0,0157553	-116,2	   0,0161576	-116,0
     32,5758	   0,0156813	-116,1	   0,0160452	-116,3
     32,5777	   0,0157041	-116,1	   0,0159014	-116,1
     32,5797	    0,015532	-115,7	   0,0158952	-115,5
     32,5816	   0,0155459	-115,8	   0,0158471	-115,8
     32,5836	   0,0155371	-116,2	   0,0157336	-115,7
     32,5855	   0,0154931	-115,9	   0,0156605	-115,8
     32,5875	   0,0153683	-115,4	    0,015679	-115,8
     32,5894	   0,0152274	-115,8	   0,0156327	-116,0
     32,5914	   0,0150966	-116,4	   0,0153748	-116,1
     32,5934	   0,0151677	-116,1	   0,0153493	-116,0
     32,5953	   0,0150241	-115,5	   0,0152743	-115,9
     32,5973	   0,0149096	-115,7	   0,0153231	-115,4
     32,5992	   0,0147601	-115,6	   0,0152893	-115,9
     32,6012	   0,0147839	-116,0	   0,0151314	-115,8
     32,6031	   0,0148408	-115,9	   0,0149763	-115,5
     32,6051	   0,0147067	-115,9	   0,0149139	-115,5
      32,607	   0,0146794	-115,6	   0,0149451	-115,2
      32,609	   0,0146035	-115,6	   0,0148751	-115,8
     32,6109	   0,0145205	-115,8	   0,0148038	-115,6
     32,6129	   0,0144436	-115,7	   0,0147367	-115,8
     32,6149	   0,0144381	-115,6	   0,0146415	-115,5
     32,6168	   0,0142983	-115,6	   0,0145896	-115,7
     32,6188	   0,0142691	-115,5	   0,0144572	-115,7
     32,6207	   0,0142549	-115,7	   0,0141451	-115,3
     32,6227	   0,0141759	-115,3	   0,0141115	-115,7
     32,6246	   0,0140959	-115,5	   0,0142215	-115,7
     32,6266	   0,0140092	-115,9	   0,0141388	-115,5
     32,6285	   0,0139397	-115,8	   0,0141751	-115,3
     32,6305	   0,0138896	-115,5	   0,0141836	-115,3
     32,6325	   0,0138627	-115,2	   0,0141065	-115,4
     32,6344	   0,0137529	-116,1	   0,0139465	-115,3
     32,6364	   0,0137201	-115,1	   0,0138541	-115,3
     32,6383	   0,0137124	-115,2	   0,0138999	-115,6
     32,6403	   0,0136492	-115,4	   0,0137419	-115,4
     32,6422	   0,0135111	-115,3	    0,013606	-115,1
     32,6442	   0,0135173	-115,2	   0,0135878	-115,3
     32,6461	   0,0134606	-115,4	   0,0135435	-114,8
     32,6481	   0,0129119	-116,1	   0,0135923	-115,2
       32,65	   0,0131003	-115,1	   0,0135257	-115,1
      32,652	   0,0130642	-115,2	   0,0134201	-115,3
      32,654	   0,0130461	-115,5	   0,0133637	-115,4
     32,6559	    0,012972	-115,4	   0,0133301	-115,4
     32,6579	   0,0131212	-115,9	   0,0132984	-114,8
     32,6598	   0,0129326	-115,4	   0,0129725	-115,6
     32,6618	   0,0128771	-115,2	   0,0131485	-115,0
     32,6637	   0,0127353	-115,6	   0,0129367	-115,4
     32,6657	   0,0127563	-115,3	   0,0130511	-115,3
     32,6676	    0,012728	-115,4	   0,0129515	-114,4
     32,6696	    0,012773	-115,0	   0,0129038	-115,1
     32,6716	   0,0126344	-115,0	    0,012833	-115,0
     32,6735	   0,0124769	-115,7	   0,0128791	-115,4
     32,6755	   0,0123329	-115,6	   0,0127587	-115,0
     32,6774	   0,0123358	-115,2	   0,0126324	-115,5
     32,6794	   0,0122897	-115,1	   0,0124993	-114,8
     32,6813	   0,0123578	-115,2	   0,0126233	-115,2
     32,6833	   0,0122178	-115,8	   0,0123837	-115,8
     32,6852	   0,0122343	-114,9	   0,0120523	-116,1
     32,6872	   0,0122534	-115,2	    0,012276	-114,7
     32,6891	   0,0122103	-115,1	   0,0121877	-114,4
     32,6911	   0,0122261	-115,0	   0,0122777	-115,0
     32,6931	   0,0120588	-115,0	   0,0121074	-115,5
      32,695	   0,0120849	-115,5	   0,0123141	-115,6
      32,697	   0,0120645	-115,4	   0,0120919	-114,9
     32,6989	   0,0119384	-115,7	   0,0121076	-114,6
     32,7009	   0,0117904	-115,6	   0,0121653	-115,2
     32,7028	   0,0117658	-115,2	   0,0119825	-115,8
     32,7048	   0,0117541	-115,1	   0,0118518	-114,8
     32,7067	   0,0117612	-115,4	    0,011915	-114,9
     32,7087	   0,0117541	-115,2	   0,0119495	-115,4
     32,7107	   0,0116595	-115,1	   0,0116833	-115,9
     32,7126	   0,0115459	-115,6	    0,011761	-115,5
     32,7146	   0,0115928	-115,7	   0,0116728	-114,5
     32,7165	   0,0113984	-114,9	   0,0115666	-115,1
     32,7185	   0,0113892	-115,3	   0,0112877	-116,5
     32,7204	   0,0113618	-115,6	   0,0113491	-115,6
     32,7224	   0,0115108	-115,2	   0,0115252	-115,0
     32,7243	   0,0113603	-114,6	   0,0109522	-114,4
     32,7263	   0,0111571	-115,9	    0,011218	-115,9
     32,7282	   0,0113149	-116,0	   0,0113485	-115,3
     32,7302	   0,0113048	-114,9	   0,0112916	-115,0
     32,7322	   0,0110725	-114,9	   0,0111799	-114,8
     32,7341	   0,0109738	-115,6	   0,0112315	-116,2
     32,7361	   0,0111044	-115,6	   0,0109701	-116,2
      32,738	   0,0110529	-115,0	   0,0108706	-115,2
       32,74	    0,010833	-114,6	   0,0109151	-116,6
     32,7419	   0,0108628	-115,3	    0,010964	-116,2
     32,7439	   0,0109448	-115,5	   0,0109265	-115,5
     32,7458	   0,0108276	-115,1	    0,010781	-115,3
     32,7478	   0,0107225	-115,1	   0,0109529	-115,8
     32,7498	   0,0107138	-115,4	   0,0108458	-115,7
     32,7517	   0,0107265	-115,7	   0,0107994	-114,9
     32,7537	   0,0106489	-114,7	   0,0104862	-115,8
     32,7556	   0,0105166	-115,7	   0,0107799	-115,8
     32,7576	    0,010569	-115,2	   0,0106632	-115,3
     32,7595	   0,0104241	-115,4	   0,0106258	-115,4
     32,7615	   0,0104937	-114,9	   0,0104136	-115,9
     32,7634	    0,010473	-115,2	   0,0103927	-115,5
     32,7654	   0,0103709	-114,9	   0,0102789	-115,9
     32,7673	   0,0102278	-115,8	   0,0102563	-115,7
     32,7693	   0,0104325	-115,7	   0,0104373	-115,2
     32,7713	   0,0103302	-114,9	   0,0103369	-115,8
     32,7732	   0,0101654	-115,9	   0,0103479	-115,9
     32,7752	   0,0100811	-116,4	   0,0102599	-115,3
     32,7771	   0,0100941	-115,3	   0,0103338	-115,1
     32,7791	  0,00970184	-116,5	   0,0101378	-116,0
      32,781	  0,00993064	-117,2	   0,0100052	-116,6
      32,783	   0,0098251	-116,6	  0,00985511	-115,6
     32,7849	  0,00981667	-115,2	  0,00997037	-115,8
     32,7869	   0,0099027	-115,6	   0,0100692	-115,2
     32,7889	  0,00997637	-115,2	  0,00996507	-115,9
     32,7908	  0,00987305	-114,4	  0,00981599	-116,0
     32,7928	  0,00965522	-116,4	  0,00993815	-115,6
     32,7947	  0,00984305	-115,7	  0,00993422	-115,6
     32,7967	  0,00974255	-115,3	  0,00963074	-116,4
     32,7986	   0,0095822	-115,4	  0,00981259	-116,0
     32,8006	  0,00971336	-115,9	   0,0097147	-115,5
     32,8025	  0,00960519	-115,5	  0,00960876	-116,6
     32,8045	  0,00950608	-115,9	   0,0097172	-115,9
     32,8064	   0,0096051	-116,3	  0,00948337	-115,8
     32,8084	  0,00944364	-115,6	  0,00954136	-116,2
     32,8104	  0,00945938	-115,4	  0,00955837	-115,4
     32,8123	  0,00940597	-115,7	  0,00941601	-116,5
     32,8143	  0,00943382	-116,1	  0,00926976	-116,7
     32,8162	  0,00934859	-115,9	  0,00941231	-116,3
     32,8182	  0,00923571	-117,1	  0,00931611	-116,3
     32,8201	  0,00925189	-116,2	  0,00932696	-116,7
     32,8221	  0,00930535	-115,9	  0,00934942	-116,4
      32,824	  0,00914121	-117,0	  0,00923162	-116,4
      32,826	   0,0092241	-116,4	  0,00932249	-115,5
      32,828	  0,00912326	-116,0	  0,00913605	-116,6
     32,8299	  0,00903782	-116,9	   0,0090733	-116,1
     32,8319	  0,00905223	-116,7	  0,00907537	-115,7
     32,8338	  0,00902953	-116,0	  0,00896668	-117,1
     32,8358	  0,00903995	-116,7	  0,00908167	-116,5
     32,8377	  0,00903845	-115,7	  0,00911874	-116,2
     32,8397	  0,00873843	-116,3	  0,00895579	-117,2
     32,8416	  0,00869889	-117,1	  0,00884954	-117,5
     32,8436	  0,00896022	-116,6	  0,00866054	-117,4
     32,8456	  0,00881281	-116,7	  0,00900393	-116,2
     32,8475	  0,00883722	-116,9	  0,00878566	-116,6
     32,8495	   0,0088113	-115,6	  0,00879015	-116,8
     32,8514	  0,00863405	-116,3	  0,00889647	-116,5
     32,8534	  0,00873514	-116,9	  0,00875805	-117,7
     32,8553	  0,00872153	-117,4	  0,00872537	-116,4
     32,8573	  0,00863838	-116,1	  0,00870713	-116,4
     32,8592	  0,00861442	-120,4	  0,00877124	-115,7
     32,8612	  0,00844175	-118,1	  0,00872443	-117,4
     32,8631	  0,00857108	-117,2	  0,00859466	-115,7
     32,8651	  0,00831348	-117,1	  0,00863062	-116,5
     32,8671	  0,00850007	-115,4	   0,0084754	-117,5
      32,869	  0,00842702	-119,3	  0,00853774	-115,2
      32,871	  0,00828773	-118,4	  0,00848015	-118,5
     32,8729	  0,00833687	-120,4	  0,00843573	-119,4
     32,8749	  0,00825563	-118,0	  0,00842265	-117,1
     32,8768	  0,00826096	-118,1	  0,00823472	-119,4
     32,8788	  0,00813799	-120,3	  0,00840305	-117,5
     32,8807	  0,00812261	-117,2	  0,00819537	-117,5
     32,8827	  0,00823856	-117,4	  0,00831131	-117,0
     32,8847	  0,00802379	-120,2	  0,00819196	-117,0
     32,8866	  0,00818762	-119,4	  0,00814609	-116,1
     32,8886	  0,00807238	-117,5	  0,00815216	-118,5
     32,8905	  0,00803022	-118,5	  0,00808243	-115,8
     32,8925	  0,00783279	-115,4	  0,00806945	-117,0
     32,8944	  0,00809802	-119,3	  0,00816326	-114,7
     32,8964	  0,00797378	-115,8	  0,00811273	-117,1
     32,8983	  0,00791931	-119,5	   0,0078567	-117,1
     32,9003	  0,00772614	-121,7	  0,00808696	-116,9
     32,9022	  0,00786552	-117,6	  0,00797979	-118,1
     32,9042	  0,00776336	-118,4	  0,00783356	-115,5
     32,9062	  0,00781146	-117,4	   0,0077862	-116,6
     32,9081	  0,00793127	-117,1	  0,00791111	-115,6
     32,9101	  0,00773995	-116,9	  0,00775201	-115,2
      32,912	  0,00761126	-119,3	  0,00781011	-115,5
      32,914	  0,00772168	-116,7	  0,00773131	-115,5
     32,9159	  0,00753423	-115,3	  0,00771407	-115,7
     32,9179	  0,00739781	-119,8	  0,00766506	-115,3
     32,9198	  0,00754011	-117,2	  0,00766136	-115,8
     32,9218	  0,00738362	-115,7	   0,0076364	-115,7
     32,9238	   0,0074737	-116,4	  0,00746304	-115,8
     32,9257	   0,0074619	-115,4	  0,00756335	-115,3
     32,9277	  0,00738486	-115,8	  0,00753082	-116,2
     32,9296	   0,0073389	-115,8	  0,00746127	-115,5
     32,9316	  0,00743439	-115,5	  0,00755695	-115,5
     32,9335	  0,00722219	-117,5	  0,00744085	-115,7
     32,9355	  0,00725245	-115,4	  0,00736271	-115,7
     32,9374	  0,00720816	-115,9	  0,00742125	-115,5
     32,9394	  0,00728692	-115,5	  0,00740117	-115,5
     32,9413	  0,00702441	-117,4	  0,00742255	-115,4
     32,9433	  0,00716561	-116,2	  0,00719778	-115,9
     32,9453	   0,0073147	-115,2	  0,00725117	-115,3
     32,9472	  0,00705627	-115,8	  0,00720491	-115,6
     32,9492	  0,00703894	-116,2	  0,00722129	-115,6
     32,9511	  0,00722799	-115,3	  0,00730132	-115,6
     32,9531	  0,00697527	-115,5	   0,0070583	-115,5
      32,955	   0,0071066	-116,1	  0,00712175	-115,7
      32,957	  0,00708539	-114,4	  0,00716786	-115,1
     32,9589	  0,00686563	-116,2	   0,0070031	-116,1
     32,9609	  0,00698776	-115,6	  0,00686987	-115,7
     32,9629	  0,00691609	-115,6	  0,00699726	-116,2
     32,9648	  0,00696801	-115,9	  0,00676631	-116,7
     32,9668	  0,00686101	-115,6	  0,00701515	-114,3
     32,9687	  0,00689463	-115,5	  0,00687361	-116,8
     32,9707	  0,00687142	-115,7	  0,00679125	-116,0
     32,9726	  0,00660118	-116,1	  0,00682257	-115,2
     32,9746	  0,00683848	-115,3	  0,00679821	-116,4
     32,9765	  0,00676591	-115,5	  0,00668457	-116,4
     32,9785	  0,00663303	-116,4	  0,00688536	-114,6
     32,9804	  0,00664687	-115,4	  0,00670356	-116,4
     32,9824	   0,0067763	-115,5	   0,0066179	-114,7
     32,9844	  0,00653361	-116,0	  0,00694697	-116,2
     32,9863	  0,00670248	-115,9	  0,00652351	-116,5
     32,9883	  0,00643204	-115,7	  0,00695383	-113,7
     32,9902	  0,00648876	-116,6	  0,00654377	-118,4
     32,9922	  0,00648156	-115,9	  0,00639187	-114,4
     32,9941	   0,0063713	-115,9	  0,00691841	-115,1
     32,9961	  0,00653694	-115,6	  0,00650008	-119,0
      32,998	  0,00650053	-115,7	  0,00617117	-114,1
          33	  0,00654829	-115,3	  0,00690615	-115,4

